     5.217
     5.183
     5.193
     5.196
     5.183
     5.147
     5.026
     4.912
     4.874
     4.874
     4.855
     4.907
     5.002
     5.053
     5.082
     5.106
     5.104
     5.099
     5.093
     5.100
     5.133
     5.209
     5.278
     5.297
     5.276
     5.227
     5.179
     5.155
     5.134
     5.087
     5.057
     4.999
     4.939
     4.872
     4.851
     4.808
     4.764
     4.707
     4.704
     4.733
     4.913
     5.033
     5.156
     5.275
     5.357
     5.525
     5.655
     5.756
     5.802
     5.787
     5.757
     5.716
     5.716
     5.681
     5.651
     5.598
     5.596
     5.573
     5.530
     5.490
     5.436
     5.420
     5.449
     5.497
     5.508
     5.537
     5.586
     5.621
     5.631
     5.604
     5.561
     5.528
     5.515
     5.487
     5.449
     5.485
     5.555
     5.680
     5.900
     6.103
     6.218
     6.221
     6.141
     6.070
     5.977
     5.870
     5.897
     5.914
     6.075
     6.222
     6.293
     6.337
     6.364
     6.364
     6.313
     6.294
     6.278
     6.287
     6.265
     6.222
     6.010
     5.833
     5.620
     5.495
     5.420
     5.403
     5.447
     5.633
     5.720
     5.847
     5.939
     6.030
     6.034
     5.948
     5.840
     5.775
     5.671
     5.664
     5.541
     5.573
     5.571
     5.591
     5.648
     5.684
     5.682
     5.570
     5.400
     5.207
     4.984
     4.797
     4.845
     5.064
     5.120
     5.093
     5.103
     5.086
     5.043
     5.033
     5.159
     5.245
     5.291
     5.345
     5.499
     5.661
     5.791
     5.892
     5.963
     5.966
     5.945
     5.973
     5.985
     5.923
     5.842
     5.692
     5.575
     5.587
     5.650
     5.711
     5.825
     5.899
     5.866
     5.679
     5.353
     4.940
     4.316
     3.909
     3.627
     3.665
     3.707
     3.747
     3.736
     3.787
     3.851
     3.884
     3.954
     4.041
     4.341
     4.464
     4.595
     4.875
     5.090
     5.450
     5.766
     6.131
     6.407
     6.528
     6.569
     6.593
     6.596
     6.608
     6.579
     6.546
     6.492
     6.430
     6.372
     6.298
     6.250
     6.226
     6.204
     6.161
     6.085
     6.007
     5.924
     5.846
     5.768
     5.677
     5.557
     5.393
     5.328
     5.422
     5.497
     5.504
     5.504
     5.542
     5.685
     5.860
     5.960
     6.008
     5.999
     5.975
     5.884
     5.617
     5.284
     4.704
     4.469
     4.919
     5.199
     5.492
     5.720
     5.903
     6.048
     6.177
     6.212
     6.235
     6.229
     6.221
     6.133
     6.060
     6.007
     5.892
     5.711
     5.509
     5.528
     5.701
     5.730
     5.733
     5.684
     5.637
     5.582
     5.552
     5.557
     5.578
     5.584
     5.563
     5.512
     5.485
     5.450
     5.377
     5.257
     5.145
     5.019
     4.922
     4.862
     4.847
     4.869
     4.888
     4.939
     4.997
     5.037
     5.054
     5.140
     5.194
     5.213
     5.214
     6.825
     4.447
     5.571
     6.147
     6.213
     5.526
     6.026
     5.217
     4.296
     5.760
     5.898
     5.889
     6.266
     5.482
     5.825
     5.409
     5.788
     6.331
     5.314
     5.314
     3.321
     5.261
     6.632
     5.402
     6.249
     6.038
     6.163
     5.100
     6.042
     6.262
     5.849
     5.842
     5.175
     5.171
     5.371
     3.597
     5.714
     5.295
     5.221
     5.688
     5.247
     3.385
     4.568
     5.407
     5.923
     5.871
     5.765
     5.640
     5.723
     6.067
     5.613
     5.015
     6.679
     6.386
     5.249
     6.405
     5.971
     6.265
     5.139
     5.746
     6.366
     5.933
     6.335
     6.353
     6.408
     3.695
     5.825
     6.338
     6.047
     5.397
     6.111
     2.997
     6.099
     5.487
     5.482
     6.450
     5.365
     5.934
     5.498
     5.663
     5.007
     5.185
     3.407
     5.240
     6.434
     5.027
     5.250
     7.018
     6.452
     3.861
     4.284
     5.780
     3.800
     5.367
     5.201
     5.482
     5.167
     4.971
     6.324
     5.924
     5.382
     5.861
     3.672
     5.871
     5.373
     5.049
     5.657
     5.449
     5.192
     5.524
     5.585
     5.727
     5.092
     6.454
     6.189
     6.244
     5.163
     5.276
     5.586
     6.338
     5.785
     5.549
     4.812
     5.251
     5.720
     5.149
     5.556
     5.754
     5.998
     5.458
     6.205
     5.882
     5.313
     5.223
     6.315
     4.783
     6.515
     6.149
     5.749
     4.649
     4.873
     6.269
     6.146
     4.426
     5.789
     6.210
     5.818
     5.145
     5.039
     5.088
     6.102
     4.236
     4.503
     5.384
     5.961
     4.564
     5.407
     5.312
     5.801
     6.227
     5.832
     5.493
     5.495
     5.455
     3.938
     6.268
     5.744
     6.306
     4.814
     6.205
     6.443
     5.745
     5.497
     5.904
     5.082
     4.172
     5.461
     5.086
     5.366
     5.192
     6.226
     5.330
     5.832
     6.037
     6.363
     5.272
     5.297
     5.242
     4.566
     3.678
     6.519
     5.450
     5.680
     6.500
     6.119
     5.938
     5.617
     5.919
     5.259
     5.796
     6.730
     6.399
     5.698
     6.613
     5.198
     5.138
     5.574
     6.431
     5.785
     6.122
     5.666
     6.642
     5.578
     5.876
     5.996
     5.245
     5.547
     5.236
     5.864
     3.859
     5.891
     5.360
     4.833
     6.388
     6.642
     4.248
     5.383
     5.145
     4.142
     3.661
     5.874
     3.733
     5.294
     6.420
     6.353
     5.767
     5.883
     6.288
     4.258
     3.709
     6.341
     6.302
     5.189
     6.299
     5.147
     5.045
     6.659
     5.439
     5.557
     5.814
     5.308
     5.467
     5.374
     5.456
     5.540
     6.143
     4.701
     5.442
     5.539
     6.243
     6.763
     5.633
     4.770
     5.765
     5.631
     5.008
     6.285
     6.257
     4.173
     5.181
     5.936
     6.528
     6.088
     6.093
     3.812
     4.111
     6.164
     6.384
     5.490
     5.425
     6.219
     5.200
     5.712
     5.283
     4.729
     5.828
     6.315
     6.063
     5.386
     5.476
     5.451
     5.635
     5.311
     6.258
     5.514
     5.270
     4.703
     5.525
     5.945
     5.736
     6.775
     5.552
     5.324
     5.850
     5.949
     6.094
     6.480
     6.305
     5.134
     5.783
     5.292
     6.975
     5.468
     6.215
     4.513
     5.316
     5.236
     5.554
     6.021
     5.125
     5.561
     6.095
     5.129
     5.309
     6.193
     5.956
     3.448
     5.306
     6.245
     4.238
     5.534
     5.594
     6.094
     5.213
     5.159
     5.121
     6.394
     6.474
     5.967
     6.064
     4.908
     5.160
     5.409
     5.359
     6.112
     5.688
     4.460
     5.159
     5.184
     5.216
     5.394
     6.331
     6.113
     6.014
     6.179
     5.248
     5.735
     5.733
     5.117
     6.456
     5.078
     4.663
     5.840
     5.228
     5.643
     6.364
     3.935
     5.982
     5.329
     5.896
     5.754
     5.358
     5.314
     4.543
     5.695
     6.088
     5.914
     5.202
     3.122
     6.530
     4.091
     4.878
     5.099
     6.124
     6.112
     5.648
     5.538
     5.545
     6.275
     5.757
     6.066
     5.503
     5.766
     6.469
     5.892
     5.547
     2.941
     5.946
     6.263
     6.370
     5.079
     5.831
     5.213
     5.113
     5.755
     4.132
     3.644
     5.237
     5.285
     4.895
     5.979
     5.650
     5.424
     6.336
     5.873
     6.155
     5.703
     3.729
     3.965
     6.073
     5.954
     4.378
     5.518
     5.725
     5.221
     6.029
     5.469
     5.504
     6.585
     5.612
     5.578
     5.480
     6.062
     6.081
     5.245
     5.129
     5.080
     5.243
     5.820
     6.436
     5.397
     5.560
     5.630
     5.828
     5.773
     5.109
     5.569
     5.856
     6.343
     4.412
     6.124
     5.206
     5.783
     5.751
     5.452
     5.620
     5.388
     5.852
     6.047
     4.478
     6.291
     4.453
     5.333
     4.535
     4.554
     5.630
     5.627
     6.156
     5.811
     5.838
     5.541
     5.143
     6.343
     6.311
     5.979
     5.216
     6.184
     6.315
     5.131
     5.043
     5.944
     4.184
     6.373
     5.645
     5.606
     5.223
     5.754
     5.110
     5.438
     6.530
     6.106
     5.967
     5.881
     4.720
     6.109
     5.689
     4.260
     5.276
     4.824
     5.286
     6.404
     6.383
     6.295
     5.072
     6.401
     6.311
     6.548
     5.782
     5.491
     4.925
     5.982
     5.622
     4.109
     5.524
     2.821
     5.715
     5.449
     5.979
     5.079
     5.264
     5.546
     4.473
     5.010
     5.540
     6.792
     5.299
     6.362
     4.703
     4.350
     5.184
     4.560
     5.707
     5.196
     5.159
     5.750
     5.448
     6.089
     6.091
     4.005
     6.469
     6.965
     6.017
     5.832
     3.806
     5.062
     5.207
     5.530
     5.628
     5.668
     5.283
     5.467
     6.220
     5.524
     5.907
     6.385
     5.209
     5.122
     6.441
     6.344
     4.937
     5.288
     5.580
     5.294
     5.750
     6.498
     5.704
     5.874
     6.242
     6.130
     3.184
     6.196
     3.310
     4.083
     5.812
     6.137
     5.265
     4.520
     5.479
     5.814
     5.895
     4.985
     6.249
     5.247
     5.528
     6.385
     6.318
     6.423
     5.295
     6.670
     5.608
     6.165
     5.105
     5.625
     5.041
     5.274
     6.300
     5.113
     5.909
     5.362
     6.466
     6.467
     5.182
     4.375
     6.094
     5.177
     3.485
     5.009
     5.537
     3.950
     5.514
     5.581
     5.046
     5.891
     5.856
     6.049
     5.311
     5.234
     5.096
     6.168
     3.913
     5.781
     6.500
     6.033
     5.070
     3.879
     5.705
     5.898
     5.085
     5.697
     4.905
     5.426
     5.196
     5.861
     5.524
     5.466
     5.124
     5.010
     6.602
     5.674
     5.483
     5.815
     5.796
     5.053
     5.106
     4.468
     6.723
     6.159
     5.507
     5.346
     6.015
     4.643
     6.286
     6.166
     6.493
     5.505
     5.585
     5.694
     5.673
     3.027
     6.416
     5.611
     5.640
     6.080
     6.026
     5.228
     6.380
     5.463
     5.410
     5.315
     6.098
     4.925
     6.365
     6.303
     6.280
     2.922
     6.199
     6.204
     6.019
     3.453
     5.802
     6.172
     5.806
     6.852
     6.573
     5.621
     5.795
     5.352
     4.892
     5.099
     5.901
     5.716
     6.021
     4.263
     6.071
     5.684
     6.585
     6.133
     6.257
     4.064
     5.565
     6.323
     5.673
     6.438
     5.853
     6.422
     6.162
     5.554
     5.965
     5.325
     6.413
     4.052
     5.807
     6.349
     6.328
     5.522
     5.667
     5.830
     6.147
     4.296
     5.173
     5.100
     5.236
     6.434
     4.387
     5.140
     6.206
     6.071
     6.551
     5.404
     6.290
     6.082
     6.083
     6.427
     5.155
     6.272
     5.619
     6.624
     5.525
     6.024
     6.194
     5.257
     5.354
     3.908
     6.321
     5.303
     5.231
     3.949
     6.148
     5.267
     5.284
     5.602
     4.851
     6.634
     5.505
     5.018
     6.333
     5.928
     5.709
     6.249
     5.492
     5.455
     5.212
     5.774
     5.629
     6.705
     6.100
     5.666
     5.528
     6.237
     4.367
     5.801
     6.120
     6.090
     5.501
     5.694
     5.243
     5.395
     5.496
     6.242
     6.403
     4.016
     6.578
     6.118
     5.291
     5.906
     5.953
     6.407
     5.834
     4.709
     6.010
     5.265
     2.949
     5.943
     5.037
     5.302
     5.837
     5.931
     4.499
     6.247
     6.964
     6.108
     5.560
     5.191
     6.127
     6.307
     5.376
     5.658
     5.208
     5.398
     4.477
     6.442
     5.195
     6.204
     5.513
     3.116
     5.382
     5.507
     5.572
     6.119
     6.050
     5.839
     6.603
     5.925
     2.662
     5.157
     5.471
     5.394
     6.039
     5.476
     5.198
     6.316
     5.122
     6.214
     5.889
     5.729
     4.781
     5.513
     6.598
     5.139
     5.809
     5.965
     5.347
     5.544
     5.921
     4.813
     6.999
     4.544
     5.278
     4.951
     5.774
     6.257
     3.291
     5.788
     6.707
     5.595
     6.147
     5.580
     6.214
     6.141
     5.623
     5.244
     5.070
     5.295
     6.473
     5.651
     5.161
     5.186
     5.200
     5.889
     5.586
     3.130
     6.452
     5.884
     5.550
     6.268
     5.530
     5.354
     4.983
     6.271
     4.719
     5.974
     5.115
     5.252
     5.307
     6.221
     5.673
     5.499
     5.022
     4.128
     5.166
     5.686
     6.404
     6.032
     6.383
     5.741
     3.888
     5.641
     5.263
     6.431
     5.308
     5.609
     5.530
     4.655
     5.200
     6.053
     5.881
     5.569
     5.502
     4.917
     5.060
     6.410
     5.987
     6.360
     4.729
     5.297
     5.081
     4.274
     5.762
     5.512
     5.666
     5.831
     5.816
     6.871
     5.355
     5.068
     5.219
     5.517
     4.042
     6.171
     6.264
     6.499
     5.730
     5.284
     3.422
     5.479
     5.450
     5.626
     5.167
     5.325
     6.058
     5.819
     5.258
     5.307
     5.737
     5.021
     6.187
     4.691
     4.996
     5.646
     6.290
     6.462
     5.655
     5.337
     5.549
     5.310
     5.762
     4.217
     5.859
     6.789
     5.285
     5.397
     5.739
     3.017
     5.630
     6.563
     5.192
     3.245
     5.813
     5.628
     6.207
     5.576
     6.187
     5.625
     5.887
     6.013
     6.242
     4.222
     3.848
     5.717
     5.875
     5.595
     4.841
     6.085
     6.098
     5.266
     3.969
     6.314
     4.354
     6.363
     4.997
     5.589
     6.640
     4.914
     5.545
     5.018
     5.872
     6.451
     5.852
     6.171
     6.138
     5.319
     5.095
     6.057
     5.528
     6.575
     5.819
     6.308
     2.997
     5.709
     5.420
     5.371
     5.583
     5.906
     5.175
     5.933
     5.451
     6.296
     5.802
     6.249
     5.451
     5.849
     5.386
     5.096
     6.942
     5.190
     5.563
     5.756
     5.847
     6.583
     5.415
     6.165
     6.168
     6.392
     6.240
     6.257
     5.427
     6.299
     5.911
     5.867
     5.535
     5.189
     4.401
     5.673
     5.953
     5.264
     5.369
     5.195
     5.641
     5.910
     5.763
     5.055
     4.171
     5.658
     5.569
     3.523
     6.057
     5.942
     5.871
     4.164
     5.308
     4.661
     6.364
     5.679
     6.295
     5.675
     5.503
     5.136
     5.758
     5.724
     6.064
     6.362
     5.253
     6.143
     6.363
     5.268
     5.655
     4.829
     6.410
     5.517
     5.827
     5.519
     6.508
     5.466
     5.987
     5.465
     6.245
     5.198
     5.076
     5.473
     3.504
     5.658
     5.148
     5.697
     4.500
     5.235
     6.281
     5.486
     5.695
     5.294
     4.821
     6.477
     5.572
     6.055
     4.114
     5.100
     6.202
     5.214
     6.178
     5.880
     5.016
     5.543
     5.555
     5.450
     5.267
     5.330
     4.197
     6.491
     3.366
     3.819
     6.132
     5.109
     4.602
     5.322
     5.240
     5.413
     5.757
     4.817
     5.215
     5.312
     5.404
     6.019
     5.092
     6.242
     6.037
     5.770
     5.109
     5.267
     4.942
     5.513
     4.977
     6.322
     5.441
     5.826
     5.102
     5.190
     6.248
     5.605
     4.999
     5.387
     5.350
     5.196
     5.432
     6.233
     6.185
     5.637
     6.298
     5.553
     5.166
     6.523
     5.518
     4.381
     5.250
     4.905
     3.085
     6.235
     6.195
     5.681
     4.708
     5.875
     5.892
     5.140
     4.193
     5.269
     6.843
     5.221
     6.261
     5.285
     5.568
     5.179
     5.660
     6.103
     5.766
     2.938
     5.143
     5.110
     4.206
     5.854
     6.313
     5.642
     4.565
     5.582
     5.791
     5.290
     5.851
     5.207
     5.324
     5.947
     4.694
     6.046
     4.565
     5.175
     6.255
     6.022
     5.578
     5.548
     5.350
     5.701
     5.827
     5.426
     5.740
     5.886
     5.982
     5.830
     4.440
     5.152
     5.768
     6.075
     6.065
     5.449
     6.461
     5.844
     6.477
     5.952
     6.542
     5.750
     5.239
     6.255
     6.059
     6.151
     5.151
     5.753
     4.955
     6.072
     4.064
     5.655
     5.420
     5.877
     5.345
     5.837
     5.076
     5.546
     5.493
     4.185
     5.078
     5.081
     5.105
     5.592
     5.200
     5.695
     5.371
     4.398
     2.897
     6.389
     6.145
     5.993
     5.223
     5.210
     6.710
     5.633
     5.755
     6.261
     5.653
     5.444
     5.466
     5.867
     5.538
     6.816
     5.722
     6.083
     6.134
     5.021
     5.926
     5.339
     6.155
     5.775
     5.214
     5.500
     5.910
     3.887
     5.681
     5.805
     4.740
     6.456
     5.518
     5.568
     5.266
     6.311
     6.321
     4.582
     5.371
     5.878
     5.693
     5.416
     6.823
     5.734
     6.222
     6.120
     6.384
     5.997
     6.262
     6.205
     6.450
     5.608
     4.445
     6.139
     6.373
     2.934
     6.201
     5.061
     6.423
     6.214
     5.296
     5.171
     5.301
     6.501
     5.246
     6.472
     5.296
     5.691
     4.192
     6.452
     5.558
     2.934
     5.436
     5.342
     5.234
     5.567
     5.554
     5.077
     6.035
     5.903
     5.234
     6.000
     6.385
     5.343
     5.335
     5.931
     5.834
     5.262
     4.216
     5.690
     5.149
     5.171
     5.957
     5.920
     5.891
     5.194
     4.341
     3.196
     5.181
     5.214
     6.239
     5.319
     4.187
     6.081
     5.233
     4.692
     5.039
     5.113
     3.477
     3.602
     6.165
     5.718
     5.296
     4.894
     5.473
     6.432
     5.195
     4.196
     5.796
     6.099
     5.966
     5.150
     5.787
     5.090
     4.917
     5.483
     4.024
     5.268
     6.288
     5.556
     5.274
     6.400
     5.071
     5.785
     5.869
     6.354
     5.623
     6.066
     6.053
     5.764
     5.266
     5.536
     6.574
     5.573
     3.949
     4.010
     5.074
     3.971
     6.164
     6.566
     3.931
     5.552
     5.823
     5.696
     5.655
     6.260
     5.843
     5.981
     5.215
     5.270
     3.977
     5.316
     6.319
     5.871
     4.591
     6.123
     5.048
     6.101
     4.357
     6.262
     5.646
     5.651
     5.980
     4.212
     6.627
     5.771
     5.158
     6.559
     6.378
     4.053
     3.521
     3.869
     5.533
     5.820
     5.344
     5.047
     3.082
     6.075
     3.414
     5.819
     5.332
     5.739
     5.861
     5.862
     6.118
     5.500
     5.567
     5.399
     6.283
     5.815
     5.204
     5.942
     4.232
     6.530
     5.090
     5.474
     5.507
     5.123
     5.707
     5.824
     5.425
     4.392
     5.823
     4.909
     5.862
     5.478
     6.741
     5.654
     5.044
     6.013
     5.945
     5.255
     5.490
     5.965
     5.515
     5.094
     5.298
     6.185
     6.011
     5.436
     5.660
     5.007
     5.459
     5.898
     5.968
     6.151
     5.231
     5.129
     6.239
     5.708
     6.078
     5.736
     5.419
     5.878
     5.466
     5.153
     4.818
     5.224
     5.876
     5.582
     5.793
     5.360
     5.601
     3.492
     5.138
     5.921
     6.224
     6.101
     5.638
     6.339
     5.367
     5.191
     5.379
     5.707
     6.456
     5.464
     5.384
     6.411
     6.313
     6.320
     6.331
     5.842
     5.940
     6.187
     5.482
     4.915
     3.660
     6.558
     6.447
     5.287
     5.935
     5.585
     4.946
     6.213
     5.992
     5.744
     6.427
     5.380
     5.905
     5.081
     4.798
     6.294
     6.143
     4.337
     6.258
     5.295
     3.344
     5.556
     5.833
     5.953
     4.452
     5.153
     6.378
     4.298
     6.481
     5.229
     5.988
     5.249
     5.190
     6.331
     5.498
     6.224
     5.744
     5.675
     5.146
     5.517
     5.218
     5.079
     5.904
     6.308
     6.597
     5.262
     5.069
     5.653
     5.141
     4.322
     6.040
     6.223
     5.900
     4.685
     5.900
     4.115
     5.669
     4.031
     6.349
     5.728
     5.075
     4.795
     5.479
     5.270
     5.701
     4.947
     6.143
     5.223
     5.504
     4.922
     5.594
     5.816
     5.322
     5.310
     5.344
     6.240
     5.965
     5.888
     6.110
     4.130
     5.801
     5.167
     5.684
     5.848
     5.528
     4.151
     5.657
     6.427
     6.375
     6.274
     6.085
     4.656
     6.226
     6.075
     5.275
     6.296
     5.558
     6.500
     5.996
     5.811
     5.628
     5.212
     5.004
     4.531
     6.100
     3.051
     4.560
     5.991
     5.741
     6.366
     6.145
     5.571
     5.322
     6.230
     6.149
     5.395
     4.845
     5.558
     5.274
     5.505
     5.608
     5.857
     5.495
     5.921
     5.454
     5.440
     6.942
     3.838
     3.044
     6.084
     5.508
     5.719
     5.328
     5.123
     5.396
     5.276
     4.803
     6.185
     6.381
     5.069
     6.451
     5.945
     6.138
     5.175
     4.085
     5.607
     6.076
     5.261
     6.173
     6.944
     5.433
     5.467
     4.004
     5.292
     6.472
     6.144
     5.355
     5.609
     5.156
     6.071
     5.177
     5.669
     5.285
     6.246
     5.720
     6.384
     6.260
     5.287
     5.773
     4.946
     6.797
     5.818
     3.493
     5.625
     5.448
     5.567
     3.932
     4.131
     5.939
     5.873
     5.350
     5.747
     5.286
     5.703
     6.437
     4.445
     5.003
     5.914
     5.030
     5.892
     5.328
     6.096
     6.231
     5.869
     5.916
     5.172
     5.768
     3.667
     5.721
     3.988
     5.817
     4.709
     6.240
     5.328
     5.555
     5.591
     5.812
     6.436
     5.837
     4.418
     5.930
     4.606
     5.042
     5.120
     5.666
     5.822
     5.186
     5.077
     5.501
     6.494
     6.321
     6.339
     6.485
     5.548
     4.666
     5.544
     5.425
     5.862
     6.265
     5.463
     3.767
     5.535
     6.432
     5.619
     5.871
     4.884
     5.411
     5.389
     4.841
     6.013
     6.651
     5.988
     6.173
     5.775
     5.584
     5.762
     6.137
     5.452
     5.447
     5.281
     5.475
     5.955
     4.879
     5.286
     5.389
     6.300
     6.340
     6.194
     5.661
     3.794
     5.532
     5.447
     6.391
     6.307
     5.558
     5.496
     5.984
     5.592
     5.215
     6.084
     5.864
     4.221
     5.777
     3.640
     4.736
     6.319
     5.567
     6.947
     5.583
     6.281
     6.132
     6.060
     5.948
     5.140
     6.422
     6.022
     5.894
     6.064
     5.211
     5.150
     5.093
     4.049
     4.986
     4.949
     5.777
     5.064
     5.784
     5.883
     6.324
     5.762
     5.589
     5.690
     5.744
     5.880
     5.373
     5.178
     6.739
     6.634
     5.719
     5.718
     6.447
     5.366
     5.334
     5.461
     5.773
     5.637
     5.619
     5.708
     5.488
     5.899
     5.511
     6.507
     5.689
     6.317
     3.051
     5.108
     5.626
     6.144
     5.626
     5.453
     4.885
     5.205
     5.428
     5.130
     3.565
     5.590
     6.206
     5.249
     5.371
     5.136
     5.851
     4.100
     3.384
     6.270
     6.448
     6.404
     6.022
     6.282
     4.682
     5.028
     5.063
     5.241
     6.666
     4.772
     5.088
     5.263
     4.701
     5.886
     5.914
     6.107
     5.433
     5.513
     5.375
     5.218
     5.463
     5.981
     5.761
     5.287
     5.825
     5.996
     5.090
     5.224
     4.323
     3.596
     5.281
     5.821
     6.316
     6.016
     5.082
     5.190
     6.067
     6.283
     5.497
     3.934
     4.230
     5.215
     4.714
     5.055
     6.231
     5.108
     5.459
     6.418
     5.148
     3.981
     4.525
     6.215
     5.126
     6.383
     5.835
     3.018
     5.321
     5.367
     6.267
     5.689
     5.887
     4.922
     5.030
     6.406
     4.809
     6.518
     6.004
     6.719
     5.826
     5.532
     2.823
     5.636
     5.766
     5.627
     4.011
     6.467
     5.933
     5.824
     6.472
     6.245
     6.043
     5.032
     6.708
     5.183
     6.276
     5.455
     5.689
     5.712
     6.142
     6.122
     5.195
     5.362
     6.412
     3.736
     6.637
     5.561
     6.410
     5.459
     5.469
     5.056
     5.105
     6.012
     5.296
     6.411
     6.189
     5.368
     6.386
     6.061
     6.261
     6.323
     5.100
     3.536
     4.866
     5.581
     5.571
     7.018
     6.010
     5.591
     6.644
     6.047
     5.669
     5.375
     5.896
     6.268
     5.943
     5.997
     6.342
     6.318
     5.308
     5.696
     6.420
     5.903
     5.156
     6.296
     6.145
     5.798
     5.360
     5.542
     2.980
     3.044
     6.413
     6.212
     6.926
     5.260
     5.611
     3.839
     5.360
     5.298
     5.434
     6.302
     5.238
     5.377
     5.154
     6.375
     5.563
     6.347
     5.399
     6.437
     5.743
     4.379
     6.264
     5.905
     6.424
     6.404
     6.215
     6.428
     5.270
     6.031
     5.979
     6.171
     6.563
     5.497
     6.294
     5.921
     6.412
     4.071
     5.265
     5.862
     5.623
     5.758
     4.821
     5.936
     5.511
     5.536
     6.267
     6.209
     6.645
     5.910
     5.899
     5.606
     5.519
     6.463
     5.450
     6.465
     5.773
     6.082
     5.616
     5.333
     6.243
     5.613
     5.970
     5.561
     6.071
     6.052
     5.488
     5.764
     5.270
     5.306
     6.202
     6.370
     3.962
     5.252
     5.484
     6.165
     6.253
     5.090
     5.808
     6.528
     6.606
     5.751
     5.291
     6.639
     6.344
     5.246
     5.427
     5.306
     5.745
     5.473
     5.283
     5.117
     3.912
     6.248
     6.448
     5.327
     6.165
     6.200
     6.375
     5.451
     4.738
     5.853
     5.319
     4.660
     6.332
     5.769
     6.408
     5.353
     6.385
     6.308
     5.790
     6.262
     5.595
     5.320
     5.647
     4.036
     6.234
     5.588
     6.084
     4.286
     5.594
     6.002
     5.740
     6.603
     4.307
     5.569
     5.522
     5.250
     4.308
     5.615
     6.421
     6.338
     6.586
     5.920
     5.859
     5.340
     5.564
     6.245
     5.802
     6.255
     2.704
     5.080
     6.007
     6.286
     3.448
     5.155
     6.284
     6.475
     6.554
     6.439
     5.281
     6.398
     5.046
     5.493
     5.767
     5.599
     6.047
     5.999
     6.075
     6.343
     5.237
     6.334
     5.231
     5.921
     4.490
     5.601
     4.821
     6.334
     4.435
     6.168
     4.955
     5.892
     6.386
     6.027
     5.399
     5.359
     5.058
     5.400
     5.337
     6.217
     5.225
     5.779
     5.764
     5.078
     5.089
     5.345
     5.017
     5.560
     4.418
     5.139
     5.180
     5.677
     5.753
     5.998
     5.795
     5.722
     5.790
     6.203
     5.747
     5.318
     5.383
     6.435
     5.755
     5.506
     5.808
     5.334
     3.183
     4.687
     5.090
     3.619
     5.679
     6.367
     5.764
     5.078
     5.987
     5.116
     5.650
     6.320
     5.014
     6.556
     5.659
     5.511
     4.183
     5.670
     4.756
     6.049
     4.056
     6.176
     6.212
     5.576
     4.271
     5.225
     5.755
     5.413
     5.596
     5.721
     5.019
     4.968
     6.358
     6.306
     5.877
     4.073
     5.958
     5.255
     5.538
     6.523
     4.848
     5.282
     5.547
     5.296
     5.721
     5.084
     4.927
     5.782
     5.919
     5.362
     5.394
     5.577
     6.404
     5.548
     5.196
     4.856
     5.349
     6.346
     6.424
     5.721
     5.089
     5.875
     5.402
     6.411
     5.662
     5.465
     6.474
     5.522
     6.161
     5.493
     5.181
     4.983
     4.908
     5.641
     5.640
     5.898
     6.374
     4.517
     6.005
     3.392
     5.457
     3.705
     6.201
     5.194
     6.104
     5.019
     6.049
     5.842
     3.261
     5.416
     4.900
     4.748
     5.730
     5.101
     5.479
     5.139
     5.812
     2.584
     6.242
     5.239
     5.292
     5.829
     5.779
     6.454
     6.303
     5.020
     4.156
     5.032
     6.133
     6.062
     6.499
     5.293
     5.863
     5.834
     5.461
     5.321
     5.019
     5.965
     4.374
     6.063
     6.821
     6.406
     6.015
     6.840
     5.387
     5.752
     5.576
     5.822
     5.729
     5.201
     6.464
     5.106
     6.071
     5.283
     6.390
     5.538
     6.053
     4.781
     5.924
     6.428
     5.286
     5.533
     5.346
     5.360
     4.414
     5.230
     6.659
     5.724
     3.806
     5.397
     6.577
     6.228
     5.510
     5.656
     5.276
     5.540
     6.165
     6.069
     6.226
     5.375
     4.457
     5.880
     5.179
     5.949
     3.496
     5.958
     4.277
     5.166
     5.559
     5.042
     5.895
     5.816
     5.247
     5.968
     6.007
     5.448
     5.841
     5.668
     5.302
     3.655
     5.169
     6.126
     5.674
     5.495
     5.343
     4.777
     5.735
     5.252
     6.293
     6.072
     6.223
     5.504
     6.411
     5.704
     5.869
     5.977
     5.209
     6.463
     6.295
     5.086
     6.144
     5.313
     5.790
     5.300
     5.008
     6.218
     6.068
     6.485
     5.272
     5.141
     5.166
     6.114
     5.641
     6.616
     5.233
     5.714
     6.378
     6.119
     6.364
     3.680
     4.596
     6.640
     5.325
     5.338
     6.232
     5.925
     5.622
     6.264
     5.811
     5.423
     5.638
     5.884
     5.288
     6.000
     5.532
     5.262
     6.026
     5.115
     6.128
     5.273
     5.352
     6.219
     5.049
     5.309
     5.773
     6.563
     6.227
     5.416
     3.820
     4.316
     6.329
     4.729
     5.957
     5.837
     5.703
     5.983
     5.659
     6.191
     5.024
     5.480
     3.567
     5.347
     5.871
     6.388
     4.933
     4.891
     5.502
     6.511
     5.410
     4.300
     6.134
     6.149
     5.242
     5.517
     5.345
     5.427
     4.970
     5.165
     3.819
     6.087
     4.910
     4.754
     3.792
     5.706
     5.277
     6.483
     6.718
     6.376
     6.363
     6.618
     5.992
     5.612
     5.850
     6.314
     5.532
     5.606
     4.993
     5.700
     5.215
     4.416
     5.514
     4.696
     6.153
     5.488
     5.235
     6.014
     6.160
     6.157
     6.673
     5.522
     6.165
     5.244
     5.394
     5.145
     3.581
     6.443
     4.940
     5.886
     4.902
     3.357
     5.707
     5.341
     5.804
     5.431
     6.306
     5.936
     6.150
     5.188
     5.963
     5.571
     5.835
     5.873
     5.373
     4.870
     5.005
     4.907
     6.224
     6.127
     5.900
     5.899
     5.615
     5.917
     5.858
     5.672
     5.062
     5.768
     6.291
     5.228
     5.598
     5.184
     2.627
     5.855
     5.093
     5.231
     6.251
     5.627
     5.200
     5.852
     6.052
     5.905
     6.093
     4.537
     6.222
     5.501
     6.479
     3.310
     5.457
     5.518
     5.176
     6.492
     6.016
     5.194
     6.276
     4.536
     5.626
     4.883
     6.222
     5.275
     5.572
     5.349
     6.491
     5.666
     5.405
     6.571
     5.077
     5.804
     6.251
     6.479
     5.481
     3.924
     5.912
     6.196
     5.767
     5.525
     5.384
     6.141
     5.619
     5.255
     4.757
     6.148
     4.059
     5.190
     5.960
     6.038
     5.285
     5.464
     5.699
     5.893
     5.733
     5.498
     5.296
     5.424
     6.717
     5.843
     6.297
     5.964
     3.330
     3.488
     5.387
     6.207
     5.272
     5.070
     5.351
     7.002
     5.409
     5.559
     5.157
     5.605
     5.820
     3.034
     5.312
     5.153
     5.013
     6.499
     5.216
     6.276
     4.711
     4.853
     6.264
     5.844
     4.987
     6.067
     5.888
     5.311
     5.548
     5.013
     5.445
     6.233
     6.062
     5.941
     6.053
     5.526
     5.289
     3.766
     6.739
     5.308
     5.536
     5.671
     6.533
     5.557
     5.304
     5.557
     4.972
     4.477
     5.598
     5.501
     6.430
     5.564
     5.248
     6.622
     4.802
     5.021
     5.668
     5.233
     5.123
     6.218
     5.515
     4.542
     6.607
     5.951
     6.844
     5.903
     4.902
     5.155
     6.585
     6.305
     6.293
     5.626
     6.160
     5.536
     5.469
     4.060
     5.585
     4.859
     5.191
     6.120
     6.308
     4.811
     6.119
     5.882
     6.015
     4.832
     4.608
     5.052
     6.119
     3.519
     5.424
     4.314
     3.838
     6.521
     6.141
     5.728
     6.380
     5.199
     5.541
     3.230
     5.977
     5.764
     7.012
     6.196
     6.386
     5.450
     5.275
     5.622
     5.333
     6.255
     4.003
     3.871
     5.750
     5.600
     6.020
     6.167
     5.187
     5.781
     5.522
     5.260
     4.988
     3.294
     5.047
     5.879
     5.152
     5.989
     6.218
     6.172
     6.031
     6.038
     5.347
     6.325
     6.432
     5.718
     5.643
     4.846
     5.172
     6.136
     6.259
     4.520
     5.297
     5.063
     6.270
     6.911
     5.924
     5.534
     6.351
     6.088
     5.822
     5.327
     5.302
     5.544
     5.697
     5.825
     5.856
     5.028
     6.392
     6.698
     6.390
     6.419
     5.381
     6.292
     6.158
     4.986
     5.493
     5.574
     5.350
     6.304
     6.182
     6.081
     5.152
     5.598
     5.276
     5.269
     4.746
     5.388
     5.624
     3.793
     5.070
     4.488
     6.275
     6.296
     5.708
     5.238
     6.258
     5.587
     4.758
     5.431
     6.032
     6.223
     6.300
     5.459
     6.235
     4.990
     5.991
     6.077
     5.462
     6.320
     5.486
     6.170
     5.268
     5.407
     6.066
     5.565
     6.396
     4.239
     5.606
     5.892
     5.583
     6.428
     5.424
     5.540
     5.439
     6.360
     5.117
     5.455
     4.345
     5.345
     5.546
     5.516
     4.095
     5.198
     5.279
     5.818
     4.980
     4.443
     4.726
     6.367
     6.433
     5.654
     5.897
     6.480
     5.532
     4.079
     5.193
     5.910
     6.166
     5.229
     5.997
     5.964
     5.674
     5.216
     6.653
     5.953
     6.846
     5.942
     4.028
     5.015
     3.838
     4.276
     5.320
     6.035
     5.793
     6.432
     3.964
     5.811
     5.376
     6.630
     5.648
     5.904
     6.088
     5.316
     6.329
     5.912
     5.991
     5.547
     5.177
     6.461
     4.757
     6.791
     6.318
     5.161
     6.300
     5.349
     6.218
     5.270
     5.283
     5.564
     5.644
     5.229
     3.779
     3.434
     3.684
     6.635
     5.903
     6.428
     6.318
     5.591
     5.713
     5.352
     5.362
     5.819
     5.243
     5.607
     6.145
     5.084
     5.749
     4.350
     5.092
     5.753
     6.544
     5.589
     3.918
     6.180
     4.787
     6.345
     5.794
     5.734
     5.824
     5.796
     6.345
     5.280
     5.951
     6.247
     5.453
     6.026
     5.191
     6.543
     4.419
     6.511
     6.512
     5.617
     5.660
     5.719
     6.229
     5.765
     5.692
     5.900
     5.799
     5.102
     5.031
     5.272
     5.614
     5.792
     5.211
     5.156
     3.251
     5.148
     6.289
     5.890
     5.594
     5.311
     6.004
     5.492
     5.379
     5.825
     6.206
     5.567
     6.461
     5.050
     5.261
     6.345
     6.386
     5.033
     5.780
     5.338
     6.077
     5.688
     4.462
     5.481
     6.106
     6.189
     5.479
     5.009
     5.893
     6.131
     5.820
     5.794
     5.391
     5.762
     5.574
     5.297
     4.494
     6.544
     5.489
     4.953
     5.566
     5.881
     5.673
     6.441
     5.135
     5.107
     3.246
     5.312
     5.774
     6.576
     5.700
     5.298
     5.552
     6.386
     6.258
     5.463
     6.145
     5.828
     3.437
     4.509
     6.187
     5.288
     6.580
     5.873
     5.565
     6.425
     6.185
     5.695
     6.501
     5.480
     5.325
     6.328
     5.747
     5.056
     6.425
     3.537
     5.364
     5.572
     5.337
     4.303
     4.854
     5.320
     5.464
     5.359
     5.587
     6.416
     5.532
     2.617
     5.226
     5.952
     5.863
     6.104
     5.554
     5.140
     6.224
     4.112
     5.383
     3.706
     6.399
     6.189
     6.414
     5.131
     5.538
     4.882
     6.040
     5.601
     6.327
     5.593
     6.184
     7.008
     6.193
     5.980
     5.839
     6.081
     6.430
     5.615
     5.688
     3.252
     5.727
     3.554
     5.575
     5.553
     6.401
     6.016
     6.460
     4.587
     5.374
     4.379
     5.623
     5.719
     6.617
     5.471
     5.452
     5.003
     6.154
     6.164
     4.329
     5.036
     5.585
     5.703
     3.429
     4.222
     5.270
     5.638
     5.518
     6.031
     5.747
     4.929
     5.234
     5.412
     5.333
     5.825
     5.387
     5.174
     6.252
     5.809
     5.129
     5.980
     5.216
     5.788
     6.372
     6.077
     6.023
     5.235
     5.875
     5.860
     5.726
     4.145
     6.149
     6.112
     5.680
     5.302
     5.372
     5.045
     5.424
     5.961
     5.119
     5.774
     4.985
     5.571
     5.123
     5.054
     2.924
     4.850
     5.639
     4.834
     5.043
     5.358
     6.065
     5.352
     5.598
     5.316
     5.295
     6.136
     4.738
     5.305
     5.655
     6.191
     4.752
     4.913
     4.429
     5.315
     6.391
     5.419
     5.388
     5.990
     4.968
     5.272
     4.573
     6.488
     5.489
     6.897
     5.153
     4.890
     5.978
     6.886
     4.663
     6.935
     5.176
     5.498
     5.399
     5.768
     5.539
     5.145
     6.353
     6.121
     5.338
     5.556
     5.752
     5.214
     5.111
     4.142
     6.445
     5.984
     4.408
     5.358
     5.479
     5.061
     5.799
     6.089
     6.295
     5.490
     5.819
     3.499
     6.003
     6.153
     5.134
     4.673
     4.902
     5.789
     4.153
     5.907
     2.914
     5.114
     3.282
     5.415
     5.132
     3.012
     5.219
     5.397
     3.597
     5.140
     6.294
     6.346
     5.708
     5.431
     6.346
     5.522
     6.196
     5.971
     5.529
     5.773
     5.558
     5.517
     6.139
     4.429
     6.895
     5.681
     5.160
     6.205
     6.074
     6.190
     5.211
     5.515
     5.774
     5.903
     6.088
     5.901
     5.587
     5.497
     6.191
     5.382
     3.424
     5.794
     6.087
     5.858
     6.130
     5.169
     5.140
     5.036
     5.652
     5.566
     6.374
     5.293
     5.575
     5.584
     5.699
     5.885
     5.287
     5.429
     4.613
     5.403
     5.204
     5.392
     6.295
     5.125
     6.216
     5.441
     5.517
     5.798
     5.502
     5.709
     5.633
     5.326
     6.228
     5.298
     5.768
     4.974
     5.537
     4.376
     5.986
     5.701
     5.972
     5.513
     5.117
     5.090
     5.972
     4.697
     6.206
     5.889
     4.886
     5.807
     6.266
     5.144
     6.606
     5.569
     6.749
     6.599
     5.257
     5.359
     4.326
     5.387
     5.389
     5.713
     6.665
     5.057
     5.316
     3.562
     6.085
     6.490
     5.744
     5.254
     5.259
     5.839
     6.006
     6.371
     4.329
     6.219
     4.790
     5.551
     3.662
     4.586
     5.226
     5.623
     4.942
     5.341
     5.747
     6.512
     5.479
     5.318
     5.584
     5.226
     6.365
     6.003
     5.144
     6.047
     6.043
     5.212
     6.297
     5.435
     5.744
     6.423
     5.948
     6.634
     6.254
     6.236
     5.667
     4.347
     6.590
     3.831
     4.372
     5.872
     6.300
     5.149
     6.160
     5.633
     5.963
     5.558
     5.569
     5.423
     6.297
     3.900
     5.060
     6.160
     6.251
     5.272
     5.171
     3.399
     5.694
     5.205
     5.107
     5.311
     6.314
     6.346
     5.470
     5.911
     6.718
     6.040
     6.647
     5.340
     5.140
     5.549
     5.284
     5.697
     6.224
     5.748
     5.742
     2.995
     5.201
     5.601
     5.553
     4.731
     5.783
     6.246
     4.092
     6.329
     6.270
     6.890
     5.472
     5.790
     5.014
     5.078
     5.352
     3.629
     6.360
     5.804
     5.002
     5.172
     6.144
     5.204
     5.217
     5.306
     5.279
     5.944
     5.669
     4.523
     5.314
     5.979
     5.243
     5.932
     5.338
     6.354
     5.935
     5.297
     6.219
     4.978
     6.891
     4.284
     5.162
     6.467
     5.764
     5.845
     6.058
     6.190
     5.220
     4.799
     5.241
     5.141
     5.592
     6.602
     5.317
     6.349
     4.806
     5.764
     5.854
     6.303
     5.826
     5.669
     5.339
     5.677
     6.107
     5.516
     5.768
     5.794
     4.561
     4.984
     5.212
     5.028
     5.520
     5.673
     5.494
     5.496
     5.786
     5.817
     5.773
     5.977
     6.069
     6.309
     5.659
     5.943
     6.298
     5.334
     5.962
     5.895
     6.334
     5.521
     5.737
     5.857
     5.736
     5.245
     4.113
     5.551
     5.587
     4.174
     5.242
     4.876
     5.709
     6.127
     3.172
     5.127
     5.914
     4.748
     5.627
     6.187
     5.685
     5.871
     6.075
     5.700
     5.956
     6.272
     5.252
     5.601
     5.759
     5.292
     5.870
     5.150
     5.631
     6.035
     5.678
     6.539
     6.188
     5.239
     5.932
     5.584
     7.025
     5.043
     5.189
     5.661
     5.961
     6.410
     6.018
     5.115
     3.017
     5.822
     5.389
     5.861
     5.515
     5.523
     4.633
     5.167
     5.223
     5.412
     5.491
     5.353
     5.578
     5.712
     6.339
     5.604
     5.505
     5.535
     5.872
     5.453
     5.404
     5.642
     4.897
     4.314
     6.373
     5.553
     4.189
     6.002
     4.524
     5.181
     4.972
     5.406
     5.045
     5.142
     5.865
     5.095
     6.031
     6.121
     5.339
     3.969
     6.233
     5.903
     4.391
     5.188
     5.704
     5.301
     5.747
     6.225
     5.825
     5.094
     6.290
     5.507
     6.279
     6.427
     5.198
     6.432
     5.672
     5.165
     4.131
     6.153
     5.335
     5.302
     6.672
     6.102
     5.566
     5.622
     5.578
     4.679
     5.856
     4.979
     5.233
     6.463
     6.296
     5.670
     5.397
     5.009
     6.321
     5.472
     6.470
     5.309
     6.571
     5.890
     5.528
     5.948
     6.371
     6.405
     4.956
     5.319
     5.146
     5.642
     5.653
     6.417
     5.264
     4.994
     5.487
     5.692
     5.094
     5.960
     4.888
     5.626
     5.655
     3.935
     5.729
     5.142
     5.194
     7.016
     5.487
     6.372
     6.727
     5.847
     4.355
     5.966
     6.746
     6.184
     6.793
     4.453
     3.645
     4.582
     3.681
     5.998
     5.505
     6.189
     5.588
     5.889
     5.211
     6.298
     4.553
     6.318
     5.788
     3.357
     5.492
     5.060
     5.548
     3.770
     5.617
     5.737
     4.862
     4.796
     5.518
     5.973
     5.785
     5.226
     5.385
     5.309
     4.327
     3.889
     5.661
     6.186
     5.848
     4.611
     5.846
     5.486
     6.226
     4.387
     5.091
     5.283
     5.489
     6.513
     5.886
     5.451
     5.514
     5.604
     5.045
     6.117
     5.235
     4.761
     5.455
     5.780
     5.211
     5.800
     4.059
     5.922
     5.474
     4.497
     5.897
     5.357
     4.705
     5.368
     5.639
     5.850
     6.474
     5.822
     5.622
     6.192
     5.620
     6.079
     5.633
     5.899
     5.450
     5.892
     5.376
     4.990
     4.826
     5.738
     5.570
     5.085
     5.943
     5.778
     4.759
     6.176
     5.754
     6.017
     5.735
     4.044
     5.243
     5.328
     4.916
     5.167
     5.840
     5.181
     6.341
     6.353
     5.904
     5.915
     5.588
     5.702
     4.583
     6.036
     5.656
     6.114
     5.678
     6.661
     6.379
     5.378
     5.170
     5.475
     4.260
     5.820
     5.289
     6.631
     2.943
     5.035
     6.503
     6.282
     5.190
     6.310
     4.523
     4.965
     4.787
     3.840
     5.688
     5.606
     5.915
     5.479
     5.287
     5.051
     6.029
     5.163
     5.346
     4.779
     5.230
     5.185
     5.850
     5.226
     6.006
     4.117
     6.193
     5.826
     3.476
     3.385
     5.068
     5.045
     5.617
     5.135
     3.964
     5.207
     5.999
     5.528
     6.201
     6.429
     5.271
     6.899
     6.102
     5.826
     4.844
     6.183
     5.057
     4.154
     5.252
     5.795
     5.244
     5.615
     5.104
     5.099
     3.511
     5.353
     5.520
     5.992
     5.419
     5.730
     6.571
     5.178
     5.354
     6.511
     6.303
     5.591
     5.417
     3.747
     4.263
     5.047
     6.243
     6.476
     5.024
     5.545
     6.326
     5.111
     5.197
     5.662
     5.399
     3.521
     4.849
     6.457
     5.789
     5.287
     5.535
     6.474
     5.895
     5.715
     4.499
     6.110
     5.686
     3.649
     5.379
     5.330
     5.594
     5.952
     6.391
     6.325
     5.011
     5.625
     5.580
     5.155
     5.487
     6.412
     5.456
     5.828
     6.283
     4.935
     5.268
     6.172
     6.278
     6.189
     6.015
     4.920
     5.197
     6.887
     5.211
     6.431
     5.957
     5.655
     5.709
     4.706
     4.215
     4.615
     5.313
     6.216
     5.857
     5.551
     5.501
     6.415
     5.962
     5.301
     5.560
     6.030
     5.651
     5.820
     6.299
     5.236
     5.805
     5.067
     6.029
     5.708
     5.699
     5.235
     5.522
     5.508
     5.214
     6.196
     3.172
     5.287
     6.048
     5.306
     6.255
     5.477
     5.267
     5.291
     4.172
     6.125
     6.720
     6.158
     6.057
     4.471
     6.246
     4.243
     5.905
     5.287
     6.003
     5.454
     5.257
     6.454
     6.184
     5.482
     4.640
     6.380
     5.738
     6.408
     5.067
     5.542
     5.305
     5.656
     6.431
     5.518
     6.458
     6.623
     5.004
     5.632
     5.744
     4.860
     6.064
     5.979
     5.678
     5.784
     6.353
     5.610
     5.838
     6.385
     5.819
     5.127
     5.558
     5.685
     5.192
     5.568
     6.134
     5.593
     5.470
     3.345
     6.158
     5.947
     5.212
     3.720
     6.000
     5.989
     5.115
     3.456
     6.609
     5.721
     6.410
     5.212
     6.446
     4.020
     3.795
     6.849
     4.016
     6.309
     6.296
     6.203
     6.336
     5.171
     5.271
     5.394
     5.286
     5.883
     5.564
     4.587
     5.780
     5.252
     6.024
     5.098
     6.404
     5.726
     5.106
     5.214
     5.241
     3.964
     6.312
     5.283
     6.088
     6.295
     5.150
     6.209
     6.125
     6.017
     6.432
     5.713
     5.288
     6.115
     4.622
     5.879
     5.190
     5.367
     4.848
     5.287
     5.110
     5.333
     5.456
     6.193
     5.758
     3.742
     5.832
     5.199
     5.732
     5.064
     5.786
     5.120
     6.239
     5.382
     6.353
     5.840
     6.368
     5.533
     6.111
     4.261
     5.175
     4.990
     5.606
     5.117
     6.365
     6.313
     6.147
     5.497
     6.558
     5.609
     5.258
     5.153
     5.961
     4.037
     5.377
     5.096
     6.196
     6.228
     5.341
     6.142
     5.838
     2.173
     5.851
     5.248
     6.291
     5.684
     5.967
     6.340
     6.400
     6.070
     6.212
     5.976
     5.202
     4.869
     5.098
     5.617
     6.111
     5.713
     5.340
     5.244
     5.289
     5.331
     6.182
     5.587
     5.767
     6.154
     4.965
     6.334
     5.702
     5.338
     5.867
     5.314
     5.274
     5.555
     5.709
     6.313
     5.940
     5.094
     5.142
     4.863
     4.642
     4.683
     5.694
     5.403
     6.225
     5.577
     5.763
     4.457
     6.100
     6.306
     5.080
     6.013
     5.784
     6.348
     5.225
     3.988
     5.085
     5.725
     5.735
     6.121
     5.111
     6.139
     4.881
     6.136
     3.751
     5.594
     6.529
     5.697
     5.497
     5.471
     5.884
     5.774
     5.506
     6.294
     6.172
     5.150
     5.434
     6.190
     6.071
     4.134
     5.977
     5.279
     5.973
     5.991
     5.802
     5.256
     5.302
     5.619
     5.491
     2.894
     5.982
     4.479
     6.108
     5.090
     6.431
     6.375
     5.772
     5.535
     5.656
     5.765
     3.521
     5.432
     6.641
     5.753
     5.485
     6.061
     5.828
     6.443
     6.850
     5.539
     4.759
     5.669
     5.214
     6.665
     5.724
     5.537
     5.022
     3.142
     5.749
     5.861
     5.210
     5.651
     5.250
     5.621
     5.505
     6.100
     6.179
     5.358
     5.905
     5.726
     6.466
     5.556
     5.041
     5.921
     5.748
     6.371
     4.579
     4.208
     6.450
     6.756
     5.300
     5.202
     5.391
     4.068
     5.926
     5.120
     5.277
     5.448
     6.268
     6.210
     6.500
     6.176
     6.180
     6.048
     6.104
     4.827
     5.020
     5.712
     5.499
     5.409
     5.987
     2.869
     5.613
     6.057
     6.077
     5.977
     5.945
     5.465
     5.711
     5.972
     5.287
     5.064
     4.833
     4.192
     5.971
     5.192
     5.860
     5.040
     6.363
     6.330
     5.950
     5.196
     5.124
     4.313
     5.979
     5.305
     6.266
     5.143
     5.164
     5.124
     3.509
     4.948
     6.085
     5.212
     5.904
     5.803
     6.400
     6.561
     6.055
     4.899
     5.044
     5.062
     6.127
     5.536
     5.625
     5.518
     5.512
     5.771
     6.483
     5.871
     5.763
     5.511
     5.657
     4.845
     3.708
     5.468
     5.068
     5.917
     6.471
     5.201
     5.833
     6.410
     6.279
     3.889
     6.157
     3.944
     3.070
     5.419
     2.997
     5.091
     5.592
     6.551
     6.048
     4.547
     5.319
     5.611
     5.295
     5.642
     5.537
     5.310
     4.775
     5.616
     6.176
     6.223
     6.122
     5.729
     6.290
     6.023
     5.143
     6.193
     4.935
     5.848
     5.647
     5.388
     6.648
     5.582
     5.958
     5.445
     5.910
     5.262
     5.284
     5.103
     6.150
     4.788
     6.461
     6.388
     4.935
     5.389
     6.170
     5.587
     5.110
     4.479
     3.094
     5.428
     5.904
     5.587
     4.893
     4.588
     5.813
     4.621
     5.107
     5.792
     6.042
     5.380
     5.513
     4.739
     5.503
     5.194
     4.777
     4.323
     5.857
     6.440
     5.654
     6.324
     5.972
     5.554
     5.675
     5.684
     5.495
     6.387
     6.144
     5.061
     6.073
     5.500
     5.549
     4.590
     6.013
     5.743
     5.965
     5.272
     5.453
     5.945
     5.407
     5.023
     5.476
     5.367
     5.546
     5.962
     6.178
     5.252
     5.233
     5.434
     5.848
     6.312
     3.713
     5.753
     5.740
     5.385
     5.552
     3.478
     6.021
     6.584
     6.197
     5.868
     5.358
     5.994
     5.722
     5.576
     5.730
     5.690
     5.195
     5.130
     4.345
     6.442
     5.588
     5.153
     6.147
     5.730
     6.092
     6.366
     6.393
     6.439
     6.348
     5.129
     6.336
     6.126
     5.429
     5.347
     5.246
     5.521
     6.154
     5.858
     5.780
     4.120
     6.231
     6.232
     4.192
     5.863
     5.230
     6.227
     5.795
     6.077
     6.441
     5.573
     6.278
     5.101
     5.547
     5.000
     5.766
     5.833
     5.306
     4.274
     5.060
     6.340
     4.890
     5.484
     5.023
     3.468
     6.071
     5.300
     4.814
     5.828
     3.278
     5.964
     5.698
     5.798
     5.545
     5.143
     4.204
     5.313
     5.568
     5.556
     6.165
     6.627
     5.624
     5.732
     5.217
     5.517
     5.900
     5.858
     6.173
     4.125
     4.790
     5.489
     6.235
     5.975
     5.826
     5.949
     5.474
     5.659
     5.796
     5.549
     5.862
     5.847
     5.049
     3.491
     5.324
     5.688
     6.048
     5.684
     5.319
     5.151
     5.242
     4.000
     4.520
     6.820
     5.904
     6.503
     6.010
     3.358
     4.947
     5.992
     5.615
     4.477
     5.662
     5.761
     6.108
     5.771
     5.276
     6.298
     5.828
     5.511
     5.826
     5.432
     5.333
     5.399
     5.473
     3.712
     5.077
     6.338
     5.197
     6.492
     5.422
     4.000
     5.814
     5.410
     5.820
     6.085
     6.399
     6.135
     6.115
     5.436
     5.226
     5.417
     5.596
     5.074
     4.020
     6.273
     5.509
     5.163
     5.217
     5.791
     5.175
     5.427
     4.851
     5.124
     6.501
     5.311
     5.882
     5.254
     5.446
     6.282
     4.699
     5.179
     5.458
     6.214
     6.203
     6.051
     3.643
     5.280
     5.220
     3.799
     5.291
     5.303
     5.531
     5.413
     6.050
     5.106
     6.124
     6.147
     5.667
     6.211
     5.707
     5.700
     5.840
     6.149
     5.488
     6.266
     4.445
     6.111
     3.038
     5.537
     5.424
     5.445
     5.349
     5.604
     4.974
     6.105
     5.407
     5.364
     5.817
     5.672
     5.624
     5.531
     4.921
     6.283
     5.221
     5.950
     5.479
     5.256
     5.248
     4.935
     4.992
     6.097
     6.246
     5.782
     5.986
     5.665
     6.013
     5.409
     5.149
     5.481
     6.429
     5.976
     6.704
     5.928
     5.347
     4.966
     5.904
     6.499
     4.548
     6.503
     6.522
     6.299
     5.479
     6.394
     6.077
     5.693
     5.770
     5.200
     6.257
     6.256
     5.222
     6.322
     6.218
     5.768
     5.934
     5.831
     5.503
     5.214
     4.367
     6.049
     5.083
     5.184
     5.720
     5.008
     5.827
     6.026
     6.434
     5.765
     6.088
     5.204
     4.208
     4.425
     5.572
     5.545
     5.154
     3.759
     5.767
     6.563
     5.005
     5.107
     5.607
     5.376
     6.048
     5.115
     5.490
     5.673
     5.216
     6.019
     5.003
     6.328
     4.981
     6.222
     6.497
     6.100
     6.276
     6.619
     6.180
     5.139
     6.239
     5.106
     5.254
     4.533
     5.908
     6.412
     5.289
     5.895
     6.091
     4.682
     5.563
     5.142
     6.409
     5.102
     5.203
     5.204
     6.386
     3.878
     6.051
     6.033
     5.807
     5.293
     5.678
     5.894
     4.433
     5.421
     4.223
     6.117
     6.312
     6.319
     5.507
     5.834
     6.299
     5.893
     5.077
     6.263
     6.154
     6.456
     4.381
     5.212
     6.083
     6.242
     5.872
     5.109
     5.788
     5.152
     3.898
     5.313
     5.957
     3.409
     6.037
     5.082
     6.288
     5.858
     5.415
     5.457
     5.982
     5.494
     5.732
     5.334
     5.390
     5.685
     4.530
     4.379
     5.582
     3.881
     6.357
     5.577
     5.880
     4.247
     5.394
     5.513
     5.284
     6.612
     4.976
     5.521
     6.029
     5.855
     5.391
     5.549
     5.651
     3.325
     6.298
     5.948
     6.379
     6.360
     6.054
     5.844
     5.120
     6.098
     5.855
     6.066
     4.883
     5.191
     5.014
     5.855
     3.614
     6.350
     6.186
     6.080
     5.826
     5.571
     6.132
     5.393
     5.196
     4.906
     5.414
     5.054
     5.408
     6.135
     6.448
     5.637
     4.960
     5.903
     5.621
     5.496
     5.271
     6.428
     4.121
     5.238
     6.281
     5.690
     4.089
     3.409
     6.036
     6.032
     4.659
     5.856
     6.286
     6.262
     5.606
     6.606
     5.224
     6.694
     6.461
     5.716
     5.085
     5.671
     5.965
     5.791
     3.089
     5.842
     5.024
     5.399
     5.446
     5.649
     4.005
     6.542
     5.094
     5.813
     5.102
     4.448
     5.495
     4.872
     5.573
     3.199
     6.327
     5.826
     5.762
     4.739
     5.366
     6.108
     5.786
     5.612
     4.868
     5.709
     5.361
     5.085
     5.971
     4.412
     4.577
     5.961
     5.540
     5.969
     5.856
     4.477
     6.051
     5.527
     5.002
     4.538
     6.141
     5.694
     5.977
     5.456
     5.209
     6.675
     4.250
     5.841
     5.246
     6.292
     6.177
     5.247
     6.818
     5.434
     6.058
     5.674
     4.612
     6.000
     5.177
     5.583
     5.607
     3.911
     6.111
     5.128
     5.407
     5.940
     5.282
     4.194
     5.507
     6.277
     6.274
     5.705
     5.000
     5.894
     6.141
     5.294
     5.334
     5.801
     6.152
     5.211
     3.573
     5.521
     5.350
     4.347
     6.319
     3.909
     5.871
     5.325
     6.280
     4.459
     5.620
     5.102
     5.621
     5.559
     6.324
     5.518
     6.132
     5.247
     5.646
     6.372
     5.819
     5.759
     6.109
     5.341
     3.400
     5.592
     5.348
     5.456
     6.319
     6.288
     5.623
     5.819
     5.364
     3.868
     5.782
     5.217
     6.299
     5.103
     5.590
     5.235
     5.732
     5.617
     6.603
     6.154
     5.384
     6.931
     5.773
     5.215
     5.811
     5.255
     6.294
     5.269
     6.499
     4.406
     5.029
     5.562
     5.168
     5.519
     5.736
     3.942
     6.546
     5.607
     5.538
     5.646
     5.576
     5.403
     5.349
     4.538
     6.102
     5.671
     6.225
     5.187
     5.276
     5.415
     5.644
     2.833
     6.427
     5.280
     6.319
     6.290
     5.652
     4.336
     5.799
     6.378
     6.367
     5.135
     4.035
     6.669
     5.020
     5.333
     5.984
     6.108
     5.750
     6.170
     4.592
     5.400
     6.011
     5.563
     5.693
     6.276
     5.230
     5.188
     6.192
     6.288
     6.443
     5.607
     6.752
     5.537
     5.835
     5.224
     6.388
     5.225
     5.581
     3.461
     5.126
     6.246
     5.529
     5.216
     6.072
     5.416
     5.076
     5.493
     5.727
     5.973
     5.259
     6.418
     5.188
     6.023
     5.374
     6.180
     6.313
     5.249
     5.990
     6.050
     5.137
     4.736
     6.494
     5.771
     5.476
     5.537
     5.124
     5.684
     3.432
     5.373
     6.510
     5.412
     5.702
     5.942
     5.492
     6.411
     5.388
     5.760
     6.277
     6.246
     3.958
     5.681
     5.930
     4.188
     5.378
     5.146
     6.393
     5.865
     5.723
     5.955
     5.284
     5.604
     5.184
     6.484
     5.622
     5.430
     5.807
     6.030
     5.778
     5.285
     5.085
     6.427
     5.095
     5.423
     6.830
     5.305
     5.270
     6.323
     5.554
     4.694
     6.170
     5.650
     5.926
     5.230
     5.120
     5.473
     6.071
     5.917
     5.794
     5.861
     5.365
     4.879
     6.920
     5.982
     6.798
     5.085
     3.047
     6.343
     4.534
     3.529
     6.024
     4.332
     5.876
     4.902
     5.938
     4.967
     5.861
     5.426
     4.586
     5.527
     5.635
     6.272
     5.815
     5.914
     5.502
     6.567
     5.287
     6.133
     6.322
     5.191
     6.120
     5.649
     5.760
     4.798
     4.444
     6.156
     5.671
     5.818
     4.977
     3.513
     5.631
     5.448
     5.970
     5.782
     4.947
     5.484
     4.170
     5.408
     5.503
     2.909
     4.391
     6.661
     5.744
     5.305
     5.440
     5.353
     5.633
     3.713
     4.465
     5.416
     5.835
     5.285
     3.321
     4.778
     5.943
     6.767
     5.530
     5.559
     5.126
     5.518
     5.817
     6.372
     5.919
     6.239
     5.636
     5.675
     5.694
     5.479
     5.665
     6.485
     5.781
     5.639
     6.298
     6.131
     5.682
     5.703
     5.709
     5.592
     5.518
     4.959
     5.352
     5.946
     5.804
     5.282
     3.379
     5.650
     5.522
     6.353
     5.768
     5.409
     5.385
     6.079
     5.731
     6.420
     5.936
     4.708
     5.049
     5.700
     5.450
     6.480
     5.659
     6.349
     6.408
     5.246
     4.276
     5.532
     5.533
     5.346
     5.628
     5.903
     5.233
     5.542
     4.836
     5.835
     6.056
     5.684
     5.731
     5.783
     3.880
     5.545
     5.406
     5.432
     6.507
     5.601
     5.334
     6.432
     5.501
     6.254
     5.229
     6.090
     6.350
     6.375
     5.240
     4.888
     6.343
     5.467
     5.058
     5.834
     5.540
     5.242
     5.134
     5.599
     6.478
     5.547
     5.794
     5.039
     5.429
     5.398
     5.568
     5.301
     5.548
     6.173
     3.088
     6.040
     5.907
     4.817
     5.136
     5.864
     5.374
     5.481
     5.751
     5.540
     5.905
     5.957
     6.036
     3.967
     5.325
     5.449
     5.362
     5.173
     5.712
     6.621
     5.524
     5.550
     6.100
     5.538
     5.213
     6.317
     6.254
     6.424
     5.265
     5.079
     5.267
     5.261
     5.736
     6.494
     5.012
     5.643
     5.486
     5.796
     5.915
     3.731
     6.321
     5.633
     5.304
     5.144
     5.701
     5.609
     3.099
     4.370
     6.497
     5.738
     4.728
     5.932
     5.186
     5.408
     5.918
     5.911
     5.286
     5.792
     5.989
     6.267
     5.985
     3.069
     5.898
     4.341
     6.083
     5.811
     5.083
     5.306
     5.759
     4.011
     5.671
     5.295
     3.639
     6.224
     5.503
     5.601
     6.106
     5.078
     5.602
     4.696
     5.053
     5.506
     6.072
     5.233
     5.615
     6.680
     4.214
     6.110
     6.456
     5.896
     5.603
     5.436
     6.033
     4.724
     5.973
     5.974
     5.876
     6.329
     6.383
     5.844
     5.805
     6.412
     2.964
     5.169
     4.009
     5.755
     6.097
     5.671
     4.980
     5.173
     6.268
     5.789
     5.114
     6.297
     5.241
     4.317
     5.079
     6.211
     5.327
     5.784
     5.437
     5.300
     5.445
     6.435
     3.928
     6.331
     3.798
     6.172
     5.929
     5.869
     4.875
     5.916
     5.762
     5.190
     5.115
     5.935
     6.264
     6.283
     4.950
     2.943
     5.778
     5.531
     6.285
     5.209
     6.318
     5.476
     5.829
     5.296
     4.187
     5.635
     5.474
     5.620
     5.821
     6.227
     4.184
     6.057
     5.697
     5.864
     5.291
     5.977
     6.535
     6.287
     6.457
     6.287
     4.122
     6.042
     5.955
     6.076
     5.979
     5.913
     6.113
     5.136
     5.095
     5.360
     5.243
     3.599
     5.523
     5.239
     3.729
     5.212
     5.780
     6.183
     6.125
     5.754
     6.015
     3.515
     6.235
     5.939
     5.053
     5.682
     5.866
     5.877
     6.443
     6.372
     5.262
     5.165
     4.639
     5.842
     5.672
     5.690
     5.307
     4.894
     5.302
     5.475
     6.684
     6.244
     4.294
     5.525
     5.954
     5.828
     5.443
     4.078
     3.200
     5.124
     5.701
     5.848
     5.423
     6.376
     5.267
     6.704
     4.566
     5.552
     5.843
     5.240
     3.966
     5.176
     5.285
     5.920
     3.079
     6.473
     6.417
     5.974
     4.121
     5.044
     6.452
     5.618
     5.081
     5.229
     5.833
     5.958
     6.092
     5.418
     6.314
     6.046
     5.556
     5.714
     3.957
     6.809
     5.398
     5.517
     5.598
     5.937
     5.162
     5.512
     3.472
     5.318
     5.764
     5.484
     5.404
     5.808
     5.295
     4.981
     5.227
     3.637
     4.804
     4.917
     6.366
     5.034
     5.644
     5.590
     3.415
     4.210
     3.018
     5.797
     5.719
     5.461
     5.192
     4.439
     4.893
     4.669
     6.445
     5.604
     6.241
     5.740
     2.727
     6.205
     5.961
     5.578
     5.885
     5.724
     6.349
     5.937
     6.035
     5.533
     6.297
     3.655
     5.131
     6.216
     6.548
     5.149
     5.039
     6.393
     5.937
     5.455
     6.203
     6.675
     5.172
     5.574
     5.802
     4.941
     5.247
     5.191
     6.113
     6.384
     5.933
     5.207
     5.063
     5.017
     4.581
     5.427
     6.510
     5.619
     6.097
     5.245
     3.437
     6.165
     5.957
     5.173
     5.098
     6.401
     5.222
     5.931
     4.781
     5.336
     5.197
     5.155
     5.025
     4.512
     6.356
     5.090
     6.139
     6.420
     5.981
     6.389
     6.288
     5.301
     6.580
     5.497
     5.095
     5.867
     5.233
     5.117
     6.157
     5.037
     5.417
     6.262
     5.756
     5.301
     5.674
     4.849
     5.531
     5.547
     5.797
     5.597
     5.152
     5.742
     6.594
     6.268
     5.485
     5.108
     5.134
     5.745
     3.543
     5.841
     5.910
     6.309
     6.160
     6.118
     5.196
     4.863
     6.515
     5.980
     6.459
     6.314
     5.510
     5.854
     5.982
     5.899
     4.955
     5.695
     5.284
     5.059
     6.333
     5.700
     5.128
     6.533
     5.309
     6.444
     5.812
     5.388
     5.863
     6.401
     6.142
     5.650
     5.813
     5.737
     5.378
     5.121
     6.981
     5.142
     6.492
     5.084
     6.169
     6.437
     6.424
     6.361
     5.456
     6.369
     4.214
     6.280
     4.309
     5.674
     5.637
     5.145
     6.533
     5.067
     5.834
     5.954
     6.108
     6.202
     5.255
     6.763
     5.342
     5.359
     4.340
     6.923
     6.275
     6.332
     5.180
     5.256
     6.231
     6.508
     5.825
     4.295
     5.958
     6.026
     5.770
     6.403
     5.742
     4.750
     6.088
     5.453
     5.035
     5.696
     3.363
     6.430
     5.104
     3.732
     6.304
     5.722
     4.668
     5.862
     5.793
     5.985
     5.572
     4.743
     6.664
     4.372
     5.762
     6.214
     5.201
     6.397
     5.447
     3.122
     5.852
     5.989
     5.597
     5.854
     5.470
     6.405
     6.420
     5.745
     5.526
     6.379
     5.780
     5.151
     3.655
     5.237
     6.369
     3.629
     5.943
     5.664
     6.306
     5.698
     6.336
     2.967
     6.168
     6.335
     5.720
     6.258
     4.926
     6.114
     6.201
     6.539
     6.404
     5.441
     6.234
     5.647
     5.015
     5.882
     5.801
     6.178
     5.732
     5.172
     5.793
     4.943
     4.441
     5.473
     5.168
     5.288
     5.415
     5.524
     4.779
     5.931
     6.165
     5.262
     3.783
     3.390
     5.697
     4.768
     6.037
     5.794
     5.540
     5.233
     5.981
     7.023
     5.261
     6.048
     6.269
     5.354
     6.436
     5.192
     4.797
     6.249
     5.428
     4.502
     5.844
     6.502
     3.547
     4.849
     4.708
     6.220
     5.223
     5.675
     5.499
     6.026
     6.267
     4.369
     5.233
     6.419
     3.308
     6.001
     5.079
     6.072
     6.029
     6.380
     6.439
     5.852
     5.545
     6.469
     6.389
     5.849
     5.488
     5.077
     6.099
     5.539
     5.887
     4.855
     6.531
     3.829
     6.029
     5.294
     5.569
     6.005
     6.078
     5.956
     6.946
     5.891
     3.978
     5.326
     5.284
     6.323
     5.939
     5.188
     5.184
     5.800
     6.303
     6.524
     5.320
     5.229
     5.163
     3.854
     5.939
     4.835
     6.073
     5.529
     4.902
     5.132
     5.252
     5.365
     5.517
     5.582
     5.696
     5.680
     5.629
     6.954
     5.627
     5.462
     5.292
     5.521
     5.910
     5.527
     5.803
     4.628
     6.039
     5.276
     6.997
     6.391
     4.294
     4.182
     6.129
     5.508
     5.298
     6.120
     5.417
     5.528
     5.274
     3.830
     6.672
     5.232
     5.711
     5.460
     5.297
     6.454
     5.885
     6.378
     3.607
     5.346
     6.494
     5.815
     3.858
     3.240
     4.826
     6.027
     5.367
     6.277
     5.333
     6.452
     5.250
     5.990
     6.347
     5.626
     6.240
     5.169
     6.453
     4.821
     6.014
     6.259
     6.408
     6.267
     5.909
     5.854
     5.775
     5.248
     5.354
     6.620
     5.216
     6.015
     6.039
     5.501
     5.457
     5.303
     6.184
     5.894
     5.116
     5.315
     6.487
     3.970
     6.584
     5.623
     4.921
     5.804
     5.153
     4.572
     6.354
     5.537
     6.197
     6.275
     6.171
     5.539
     6.290
     5.957
     6.487
     6.499
     5.542
     5.804
     5.883
     6.258
     5.010
     5.873
     5.841
     6.469
     6.041
     6.293
     5.789
     6.464
     5.167
     5.206
     6.616
     5.262
     5.395
     6.092
     5.372
     6.493
     6.596
     6.576
     5.558
     6.441
     6.378
     5.085
     6.119
     6.227
     6.122
     6.057
     6.121
     5.499
     3.529
     6.422
     3.815
     6.312
     6.318
     5.625
     4.526
     3.659
     5.323
     5.739
     6.163
     6.777
     6.254
     6.273
     5.662
     6.376
     3.885
     6.327
     5.603
     5.469
     5.375
     5.725
     5.055
     5.978
     6.120
     5.090
     5.623
     5.267
     6.461
     5.605
     6.246
     5.054
     6.252
     5.951
     4.493
     6.037
     6.312
     5.310
     5.217
     6.245
     5.165
     6.321
     5.673
     6.438
     5.068
     5.473
     5.796
     5.524
     5.664
     5.804
     5.863
     5.893
     5.964
     2.955
     6.301
     6.562
     5.614
     5.107
     6.501
     5.822
     5.545
     5.059
     5.556
     6.062
     4.885
     4.971
     5.792
     6.377
     6.181
     5.422
     4.047
     5.526
     5.848
     5.327
     3.945
     5.494
     5.905
     5.183
     5.945
     5.384
     6.082
     3.948
     5.214
     6.249
     5.945
     5.580
     4.980
     4.345
     5.063
     5.344
     5.231
     5.217
     5.787
     5.869
     6.383
     4.684
     5.805
     4.140
     5.300
     5.016
     6.162
     6.058
     5.159
     5.487
     5.910
     4.601
     3.893
     6.047
     5.451
     5.741
     3.488
     4.231
     5.771
     5.216
     7.019
     6.074
     3.953
     4.914
     5.356
     6.078
     6.151
     5.446
     3.689
     6.444
     4.526
     5.800
     5.724
     5.114
     5.898
     5.822
     5.573
     6.294
     4.311
     5.702
     4.883
     6.263
     4.309
     6.707
     3.216
     4.949
     4.010
     5.439
     5.431
     5.908
     4.845
     5.506
     6.451
     5.302
     5.222
     6.318
     4.652
     4.096
     4.290
     5.293
     6.371
     4.519
     5.382
     5.293
     5.549
     6.252
     5.283
     5.553
     4.539
     5.594
     6.430
     5.816
     6.204
     5.302
     6.326
     6.511
     6.579
     4.349
     5.202
     6.375
     5.036
     5.822
     5.086
     5.255
     5.600
     4.748
     5.426
     5.693
     6.415
     5.605
     3.016
     5.977
     4.546
     4.133
     5.577
     6.210
     4.881
     5.149
     5.290
     5.999
     4.638
     6.192
     6.408
     6.229
     5.338
     5.971
     5.524
     3.495
     5.002
     6.299
     5.166
     5.077
     4.176
     5.484
     5.249
     5.351
     5.716
     5.551
     5.168
     6.607
     5.799
     6.019
     5.586
     6.277
     6.263
     5.950
     6.673
     5.151
     5.112
     5.739
     4.662
     6.295
     6.656
     5.426
     6.422
     5.821
     5.935
     5.115
     6.348
     6.636
     5.564
     6.192
     5.405
     5.299
     5.742
     5.931
     5.314
     6.422
     6.501
     5.844
     5.049
     6.243
     3.794
     4.222
     5.604
     5.419
     5.552
     6.267
     5.305
     6.269
     6.428
     6.076
     5.173
     5.385
     5.440
     6.337
     6.096
     5.960
     5.757
     5.588
     4.531
     4.640
     5.356
     5.858
     5.907
     5.839
     7.027
     5.337
     5.715
     4.672
     5.258
     5.290
     6.040
     5.785
     3.276
     5.931
     6.435
     6.063
     6.170
     4.901
     6.369
     6.378
     5.962
     6.180
     5.921
     5.881
     5.437
     5.533
     5.270
     6.067
     5.433
     6.086
     6.122
     4.918
     5.085
     5.214
     4.591
     6.363
     3.628
     5.142
     5.242
     5.914
     5.721
     5.526
     5.268
     6.529
     5.061
     6.323
     6.366
     5.027
     6.316
     6.322
     5.074
     4.433
     6.395
     5.139
     6.385
     5.551
     5.402
     6.401
     5.475
     6.318
     5.708
     5.597
     4.987
     5.592
     6.968
     6.525
     6.131
     5.990
     5.348
     3.194
     6.448
     6.291
     5.260
     5.212
     5.802
     3.472
     5.654
     5.851
     3.552
     5.286
     5.684
     5.132
     6.388
     5.113
     6.180
     5.437
     4.999
     5.673
     5.162
     6.176
     3.213
     4.886
     5.906
     6.088
     6.285
     6.553
     5.408
     5.968
     5.242
     5.273
     6.273
     6.286
     5.455
     5.510
     5.141
     6.019
     5.807
     5.282
     6.441
     5.552
     5.194
     6.756
     5.656
     5.146
     6.334
     6.021
     5.795
     5.579
     6.107
     5.810
     5.017
     6.340
     5.859
     5.542
     6.027
     5.728
     5.744
     6.268
     6.306
     5.573
     5.917
     5.331
     5.238
     5.105
     5.883
     5.205
     5.546
     6.294
     6.114
     6.012
     5.730
     6.025
     5.365
     4.901
     5.279
     4.645
     4.591
     6.094
     6.201
     6.258
     6.401
     4.332
     3.326
     6.271
     5.797
     5.245
     5.246
     5.667
     6.257
     6.391
     5.558
     3.684
     5.388
     6.427
     4.431
     4.758
     5.618
     5.696
     5.286
     5.584
     5.007
     6.603
     6.289
     4.107
     6.245
     5.786
     5.724
     4.487
     5.496
     5.010
     6.350
     4.879
     4.097
     4.805
     5.260
     4.865
     6.341
     6.330
     5.658
     3.773
     5.373
     5.027
     5.597
     5.406
     3.242
     6.483
     5.243
     5.024
     6.098
     6.292
     5.312
     6.876
     5.822
     4.360
     5.717
     5.701
     6.180
     5.882
     5.497
     5.340
     5.286
     5.564
     5.259
     5.241
     5.470
     5.013
     5.254
     6.593
     4.273
     5.595
     5.731
     5.848
     6.283
     6.312
     6.162
     6.273
     6.317
     5.253
     5.892
     5.388
     6.881
     6.083
     5.225
     5.350
     6.487
     5.814
     6.049
     4.708
     5.752
     6.143
     6.453
     5.134
     6.289
     5.387
     6.879
     5.187
     6.007
     5.319
     4.261
     5.104
     6.401
     5.126
     3.985
     6.281
     4.179
     5.235
     5.065
     5.642
     3.382
     6.313
     5.362
     5.279
     6.099
     6.132
     5.241
     5.271
     5.452
     6.320
     5.511
     5.872
     5.671
     4.488
     5.524
     5.258
     6.235
     5.473
     5.465
     4.323
     6.137
     6.671
     4.587
     6.030
     5.608
     5.686
     5.958
     6.170
     6.153
     6.496
     5.185
     5.159
     6.536
     4.935
     5.121
     4.967
     5.472
     5.470
     4.336
     5.339
     5.677
     5.760
     5.114
     5.460
     5.578
     5.679
     5.272
     3.723
     6.264
     5.494
     5.094
     5.233
     6.335
     5.309
     5.785
     5.986
     5.589
     5.956
     5.852
     5.146
     5.708
     5.609
     5.237
     6.174
     6.238
     6.196
     6.764
     6.117
     5.878
     5.280
     6.302
     3.037
     5.849
     6.168
     6.289
     6.252
     4.868
     6.070
     5.598
     5.333
     6.713
     4.245
     5.177
     6.374
     5.326
     6.228
     5.265
     5.881
     5.989
     5.508
     5.863
     5.445
     6.256
     5.108
     5.052
     5.831
     3.341
     5.293
     6.203
     5.897
     6.230
     5.099
     5.223
     5.423
     5.491
     5.566
     5.302
     5.547
     5.335
     5.811
     5.202
     5.200
     5.698
     5.559
     5.061
     5.511
     5.358
     4.935
     5.301
     6.393
     6.046
     5.504
     4.723
     5.855
     6.318
     6.388
     6.281
     3.213
     3.860
     5.112
     5.990
     5.361
     2.946
     4.909
     6.383
     6.134
     5.513
     6.346
     4.306
     6.255
     5.523
     5.918
     5.678
     5.436
     5.762
     5.693
     5.458
     5.984
     6.085
     6.797
     5.774
     5.717
     5.904
     4.487
     6.315
     6.082
     5.173
     5.599
     4.872
     6.550
     5.649
     5.557
     5.283
     5.509
     5.494
     5.842
     6.601
     6.155
     5.234
     4.002
     5.452
     6.240
     6.019
     5.688
     5.787
     6.153
     5.724
     5.790
     5.510
     5.492
     6.069
     6.514
     6.969
     5.811
     5.474
     5.798
     5.950
     6.307
     6.292
     5.298
     6.210
     4.466
     5.057
     3.454
     5.472
     6.080
     5.709
     5.179
     5.462
     5.487
     6.222
     5.216
     6.047
     5.020
     5.466
     3.916
     5.059
     6.387
     5.260
     6.277
     5.654
     6.517
     6.441
     6.213
     6.461
     3.962
     2.961
     5.574
     5.773
     5.932
     6.263
     5.496
     5.265
     5.808
     5.206
     6.022
     5.689
     4.675
     6.216
     5.875
     5.656
     5.571
     5.506
     5.385
     6.254
     6.264
     4.029
     5.229
     4.880
     5.774
     5.947
     2.742
     4.153
     6.217
     5.366
     5.654
     5.025
     6.265
     5.741
     5.780
     5.421
     5.916
     6.238
     5.192
     5.178
     5.586
     5.012
     5.277
     6.254
     6.482
     6.032
     6.754
     6.397
     5.436
     4.832
     3.820
     6.230
     6.031
     5.408
     6.437
     5.098
     6.014
     4.542
     4.805
     5.051
     5.411
     4.570
     5.644
     6.135
     5.288
     3.673
     5.468
     5.740
     5.150
     5.709
     5.377
     5.517
     5.579
     5.998
     6.545
     6.199
     6.167
     3.895
     6.861
     6.287
     5.197
     5.692
     5.824
     6.416
     5.250
     6.627
     5.060
     6.130
     6.044
     5.340
     6.116
     5.846
     5.419
     5.789
     6.282
     6.054
     6.309
     5.774
     4.440
     5.080
     6.196
     6.387
     4.824
     5.368
     6.050
     5.794
     5.734
     5.179
     6.533
     5.526
     5.729
     6.075
     5.710
     6.192
     5.794
     5.700
     5.861
     5.646
     5.528
     5.725
     5.927
     5.135
     6.156
     3.140
     6.260
     6.041
     3.570
     5.513
     5.294
     5.391
     6.584
     6.396
     5.803
     5.768
     5.902
     6.134
     5.762
     6.326
     5.181
     6.388
     5.196
     5.690
     6.055
     6.358
     5.486
     5.613
     5.315
     5.449
     5.772
     3.267
     6.093
     6.135
     5.359
     3.880
     5.613
     5.382
     5.575
     5.299
     5.566
     5.534
     5.641
     5.706
     6.178
     6.366
     5.485
     4.205
     4.643
     5.519
     5.764
     6.374
     5.532
     4.917
     6.142
     5.288
     4.924
     6.029
     6.966
     4.918
     5.554
     5.716
     5.506
     5.714
     6.405
     6.425
     6.446
     4.158
     6.119
     7.003
     5.495
     5.570
     5.531
     5.198
     5.212
     5.231
     6.310
     6.460
     5.237
     6.848
     4.039
     3.399
     5.970
     5.095
     5.727
     5.674
     5.735
     5.553
     6.116
     5.569
     4.195
     6.125
     5.601
     6.003
     5.734
     4.708
     5.866
     5.206
     5.623
     6.634
     5.728
     5.385
     6.073
     6.091
     6.402
     5.802
     5.782
     5.833
     5.270
     4.907
     5.195
     5.693
     4.619
     5.702
     5.596
     5.047
     5.763
     4.380
     5.186
     5.099
     5.841
     6.595
     5.319
     5.941
     5.739
     5.913
     6.220
     5.093
     6.611
     6.051
     5.856
     5.276
     5.675
     4.230
     4.772
     6.372
     5.586
     5.975
     5.654
     5.187
     6.299
     6.029
     5.464
     5.552
     5.165
     5.232
     5.314
     3.719
     5.926
     4.977
     6.159
     6.496
     4.613
     4.699
     5.755
     6.993
     6.417
     6.402
     5.959
     5.047
     4.104
     6.408
     6.592
     6.460
     5.581
     5.961
     5.502
     4.561
     5.669
     5.388
     5.923
     6.760
     4.792
     5.069
     5.652
     6.026
     5.343
     4.523
     3.402
     6.570
     5.660
     5.181
     5.846
     5.946
     5.318
     6.114
     6.183
     6.542
     5.804
     6.570
     6.364
     5.274
     5.096
     3.001
     5.358
     3.884
     5.312
     4.956
     4.919
     5.740
     5.614
     6.008
     6.237
     6.274
     5.205
     6.140
     5.439
     5.590
     5.267
     2.846
     5.474
     5.751
     6.088
     3.894
     5.389
     5.827
     5.154
     5.096
     5.551
     6.049
     5.978
     5.184
     6.504
     5.605
     5.035
     5.620
     6.083
     6.256
     5.534
     5.520
     5.354
     5.654
     5.439
     5.713
     5.338
     6.341
     4.257
     5.643
     6.444
     5.264
     3.969
     5.322
     6.581
     5.471
     5.213
     6.276
     5.643
     5.728
     6.253
     6.277
     5.714
     6.082
     5.916
     6.245
     5.038
     6.201
     5.418
     5.449
     5.327
     5.743
     4.815
     6.687
     5.168
     6.754
     5.622
     4.782
     5.893
     6.207
     6.166
     5.050
     5.941
     5.050
     6.224
     5.764
     5.452
     6.212
     6.139
     5.952
     5.265
     5.881
     5.130
     3.871
     5.252
     5.710
     5.810
     5.877
     5.927
     5.570
     6.431
     3.951
     3.236
     6.295
     5.144
     5.503
     6.345
     5.292
     5.845
     5.516
     5.278
     5.634
     6.228
     6.422
     4.330
     5.246
     5.635
     4.338
     6.762
     5.451
     5.838
     6.277
     6.298
     5.885
     5.121
     6.144
     4.995
     5.596
     6.292
     6.555
     5.492
     5.795
     5.234
     6.430
     5.393
     4.868
     6.250
     5.800
     5.523
     5.901
     6.423
     4.751
     5.128
     5.508
     5.464
     6.411
     3.815
     5.222
     6.173
     6.074
     5.811
     6.394
     4.822
     6.149
     5.549
     4.583
     5.976
     5.415
     6.422
     5.514
     6.195
     6.237
     3.274
     5.236
     4.994
     5.526
     6.251
     6.235
     6.148
     4.287
     6.169
     3.916
     6.802
     5.047
     6.912
     6.484
     4.525
     6.586
     5.116
     5.847
     5.534
     4.458
     6.330
     6.192
     5.210
     5.472
     6.041
     5.288
     6.297
     5.222
     5.900
     5.737
     5.357
     5.053
     6.430
     5.261
     5.537
     6.163
     4.660
     5.554
     5.859
     5.866
     5.434
     4.895
     4.018
     3.981
     5.032
     5.702
     5.657
     5.547
     4.870
     6.087
     5.102
     5.026
     5.852
     5.269
     3.292
     5.244
     3.495
     5.787
     6.442
     5.265
     5.930
     5.219
     5.447
     3.661
     4.670
     5.775
     5.234
     5.110
     6.142
     6.069
     6.162
     5.891
     5.771
     5.033
     6.677
     5.538
     5.274
     6.461
     5.343
     4.731
     5.144
     4.890
     5.557
     6.339
     5.277
     3.049
     5.166
     6.027
     5.254
     6.365
     5.523
     6.195
     6.070
     5.724
     5.980
     5.755
     6.330
     6.044
     6.152
     5.568
     5.715
     6.428
     6.372
     5.156
     6.205
     6.411
     4.142
     6.058
     6.376
     5.641
     5.109
     5.902
     6.518
     4.617
     5.151
     6.432
     6.234
     4.904
     5.593
     5.565
     5.108
     6.469
     6.254
     5.473
     5.706
     5.752
     6.340
     5.532
     5.757
     5.099
     5.328
     5.902
     5.485
     5.137
     5.033
     5.518
     5.663
     5.761
     6.056
     5.232
     5.297
     5.683
     5.748
     5.973
     5.046
     4.259
     6.171
     5.523
     6.452
     5.131
     4.606
     5.623
     5.839
     5.694
     4.972
     6.306
     6.204
     6.165
     4.243
     5.185
     5.341
     6.057
     5.763
     3.188
     5.839
     3.305
     5.475
     5.304
     4.547
     5.384
     5.632
     5.824
     5.417
     5.183
     6.010
     5.935
     3.542
     5.491
     2.849
     6.316
     5.798
     6.056
     5.724
     4.890
     5.062
     6.466
     6.143
     6.188
     5.262
     6.346
     6.410
     4.918
     5.348
     6.331
     6.358
     5.565
     5.986
     4.957
     6.229
     5.200
     3.289
     5.187
     6.531
     5.713
     4.959
     6.334
     5.637
     6.024
     5.745
     5.935
     4.929
     5.516
     3.774
     5.995
     6.005
     5.288
     5.609
     5.556
     6.425
     5.866
     6.615
     5.020
     4.049
     5.574
     5.752
     6.141
     5.369
     5.237
     5.241
     5.636
     5.306
     6.014
     5.299
     5.264
     5.350
     5.530
     3.626
     5.518
     5.126
     5.481
     5.452
     5.771
     5.828
     5.083
     6.479
     5.580
     5.806
     5.148
     5.841
     5.582
     4.159
     5.443
     5.290
     6.138
     4.796
     5.183
     4.271
     4.592
     5.018
     4.988
     6.445
     5.308
     5.880
     5.861
     5.895
     5.355
     5.081
     5.786
     4.806
     5.801
     5.380
     5.845
     5.757
     4.625
     5.379
     4.972
     6.145
     5.679
     5.518
     5.376
     5.335
     5.562
     5.447
     5.396
     6.205
     5.897
     6.170
     5.908
     5.554
     5.590
     5.877
     5.468
     5.124
     6.005
     5.538
     5.569
     5.559
     5.819
     5.258
     5.585
     5.372
     5.297
     5.245
     5.900
     4.588
     5.554
     5.649
     6.057
     3.920
     4.872
     5.235
     6.256
     5.303
     5.414
     5.356
     5.820
     6.656
     5.287
     5.335
     5.014
     5.299
     6.424
     6.295
     5.346
     5.533
     4.771
     6.560
     5.903
     6.453
     5.415
     5.503
     5.718
     5.282
     5.972
     5.917
     5.934
     5.326
     5.212
     6.459
     6.523
     4.994
     5.257
     5.246
     4.429
     5.702
     6.136
     6.405
     6.194
     5.133
     4.818
     5.103
     5.509
     5.313
     3.464
     5.063
     6.448
     6.135
     6.004
     5.899
     5.117
     5.723
     4.857
     3.516
     5.392
     3.834
     6.170
     4.857
     6.252
     6.479
     5.352
     5.572
     5.252
     6.424
     5.986
     5.924
     5.162
     5.668
     6.122
     5.217
     4.805
     5.446
     5.331
     6.071
     5.229
     3.454
     6.064
     5.753
     5.669
     5.035
     6.345
     5.648
     5.608
     5.716
     5.865
     6.041
     5.776
     4.171
     5.484
     3.572
     4.310
     5.085
     6.329
     5.411
     5.686
     5.449
     6.612
     6.230
     4.780
     5.086
     5.863
     4.727
     6.022
     5.097
     5.316
     3.355
     5.579
     5.553
     5.713
     5.205
     4.843
     6.149
     6.227
     6.072
     5.294
     5.446
     6.471
     6.151
     5.453
     6.044
     6.060
     5.573
     6.445
     3.634
     4.983
     6.206
     5.432
     5.304
     5.965
     5.993
     6.599
     5.483
     5.398
     6.156
     5.558
     5.602
     5.237
     5.305
     5.824
     6.062
     5.789
     6.624
     5.224
     3.842
     5.385
     3.401
     6.191
     5.583
     5.374
     5.901
     5.417
     5.614
     5.265
     5.168
     4.976
     5.602
     5.346
     5.750
     6.375
     5.298
     6.388
     6.119
     5.374
     5.535
     5.162
     5.331
     5.878
     5.554
     6.341
     6.301
     5.172
     5.106
     5.279
     6.376
     5.147
     6.547
     4.830
     5.582
     5.194
     5.488
     4.812
     6.271
     5.364
     6.277
     5.858
     5.261
     5.227
     5.530
     5.687
     6.203
     5.560
     5.328
     5.298
     5.752
     5.177
     6.502
     5.319
     6.660
     6.880
     5.033
     5.025
     5.959
     3.543
     6.129
     5.546
     6.529
     6.019
     4.098
     5.334
     5.540
     5.500
     5.720
     6.241
     4.752
     5.628
     5.615
     4.672
     6.109
     4.802
     6.340
     5.537
     6.316
     5.781
     6.672
     6.679
     5.452
     6.382
     5.507
     5.378
     5.911
     6.480
     5.264
     5.336
     5.190
     5.363
     5.315
     5.668
     6.262
     5.652
     6.220
     5.844
     5.287
     4.282
     6.442
     6.352
     6.416
     5.411
     6.195
     6.096
     5.286
     5.628
     5.512
     6.337
     3.657
     6.722
     5.510
     5.141
     5.480
     5.905
     5.277
     6.309
     4.969
     5.883
     4.584
     5.142
     5.174
     4.254
     6.085
     6.920
     3.100
     5.943
     5.566
     6.011
     5.961
     5.417
     6.288
     6.099
     5.534
     5.403
     5.782
     6.244
     6.041
     5.860
     5.901
     6.475
     6.674
     5.436
     6.487
     3.848
     5.562
     5.650
     4.926
     4.501
     5.370
     5.460
     5.553
     5.981
     5.651
     5.359
     5.725
     6.298
     6.186
     5.293
     3.646
     6.528
     5.287
     6.276
     6.136
     5.038
     3.425
     5.501
     5.126
     5.975
     6.285
     6.413
     3.301
     6.515
     6.111
     5.728
     5.903
     5.408
     5.203
     5.961
     4.939
     5.217
     5.106
     5.582
     6.121
     6.382
     4.452
     5.098
     4.943
     5.024
