     4.145
     4.201
     4.212
     4.246
     4.253
     4.228
     4.124
     4.017
     3.981
     3.975
     3.947
     3.975
     4.039
     4.072
     4.111
     4.161
     4.193
     4.221
     4.245
     4.276
     4.298
     4.319
     4.310
     4.248
     4.148
     4.035
     3.951
     3.902
     3.874
     3.843
     3.845
     3.836
     3.830
     3.825
     3.863
     3.882
     3.891
     3.880
     3.894
     3.924
     4.072
     4.162
     4.249
     4.325
     4.368
     4.489
     4.578
     4.642
     4.665
     4.639
     4.599
     4.552
     4.546
     4.509
     4.479
     4.429
     4.422
     4.399
     4.360
     4.326
     4.281
     4.269
     4.298
     4.344
     4.358
     4.389
     4.438
     4.472
     4.486
     4.469
     4.440
     4.421
     4.418
     4.404
     4.382
     4.417
     4.476
     4.577
     4.750
     4.909
     5.002
     5.005
     4.938
     4.879
     4.803
     4.717
     4.744
     4.767
     4.908
     5.035
     5.097
     5.130
     5.144
     5.129
     5.070
     5.034
     5.002
     5.003
     4.990
     4.963
     4.799
     4.665
     4.505
     4.416
     4.348
     4.323
     4.347
     4.486
     4.554
     4.667
     4.759
     4.859
     4.898
     4.877
     4.847
     4.841
     4.768
     4.747
     4.609
     4.585
     4.520
     4.485
     4.506
     4.523
     4.519
     4.424
     4.296
     4.151
     3.985
     3.854
     3.896
     4.052
     4.077
     4.044
     4.030
     4.009
     4.002
     4.057
     4.209
     4.261
     4.277
     4.303
     4.417
     4.549
     4.669
     4.784
     4.900
     4.978
     5.039
     5.112
     5.120
     5.035
     4.905
     4.712
     4.562
     4.545
     4.594
     4.644
     4.745
     4.821
     4.810
     4.666
     4.402
     4.061
     3.550
     3.204
     2.956
     2.987
     3.038
     3.092
     3.098
     3.138
     3.179
     3.190
     3.219
     3.264
     3.474
     3.557
     3.647
     3.849
     4.013
     4.297
     4.553
     4.853
     5.086
     5.195
     5.235
     5.263
     5.273
     5.292
     5.276
     5.260
     5.225
     5.182
     5.145
     5.094
     5.064
     5.055
     5.044
     5.012
     4.949
     4.885
     4.817
     4.755
     4.695
     4.621
     4.519
     4.381
     4.337
     4.433
     4.507
     4.522
     4.530
     4.569
     4.694
     4.841
     4.921
     4.955
     4.940
     4.911
     4.825
     4.589
     4.300
     3.806
     3.610
     4.000
     4.247
     4.500
     4.694
     4.846
     4.960
     5.053
     5.064
     5.067
     5.046
     5.021
     4.934
     4.855
     4.781
     4.647
     4.461
     4.284
     4.321
     4.500
     4.555
     4.568
     4.540
     4.524
     4.512
     4.519
     4.545
     4.573
     4.583
     4.574
     4.546
     4.544
     4.532
     4.475
     4.389
     4.310
     4.207
     4.108
     4.015
     3.934
     3.882
     3.836
     3.829
     3.844
     3.865
     3.864
     3.940
     4.018
     4.083
     4.134
     5.413
     3.602
     4.342
     5.012
     5.200
     4.630
     5.102
     4.380
     3.698
     4.864
     4.682
     4.878
     4.922
     4.467
     4.749
     4.350
     4.708
     5.273
     4.362
     4.018
     2.765
     4.245
     5.489
     4.177
     5.003
     4.847
     4.851
     3.979
     4.922
     4.929
     4.670
     4.961
     4.364
     3.913
     4.535
     3.077
     4.636
     4.318
     4.262
     4.664
     4.280
     2.942
     3.777
     4.535
     4.871
     4.743
     4.704
     4.750
     4.492
     4.903
     4.507
     3.960
     5.317
     5.354
     4.486
     5.137
     5.049
     5.049
     4.458
     4.579
     5.298
     4.852
     5.034
     5.016
     5.213
     2.999
     4.621
     5.053
     5.015
     4.325
     4.967
     2.545
     4.927
     4.240
     4.338
     5.303
     4.214
     4.772
     4.336
     4.545
     4.051
     4.128
     2.916
     4.314
     5.165
     4.212
     4.321
     5.669
     5.499
     3.227
     3.475
     4.895
     3.177
     4.122
     4.383
     4.445
     3.955
     4.082
     5.040
     4.719
     4.387
     4.708
     2.962
     4.882
     4.237
     4.188
     4.696
     4.543
     4.263
     4.352
     4.583
     4.660
     4.337
     5.215
     4.909
     5.004
     4.361
     4.292
     4.331
     5.086
     4.698
     4.504
     3.810
     4.522
     4.581
     4.155
     4.608
     4.661
     4.781
     4.378
     5.071
     4.681
     4.230
     4.217
     5.006
     4.025
     5.107
     5.172
     4.808
     3.760
     3.923
     4.958
     4.858
     3.636
     4.892
     5.192
     4.715
     4.338
     3.985
     3.874
     4.818
     3.515
     3.990
     4.488
     4.836
     3.911
     4.492
     4.341
     4.873
     4.991
     4.891
     4.554
     4.458
     4.271
     3.340
     4.966
     4.520
     4.990
     3.944
     4.950
     5.278
     4.727
     4.209
     4.591
     4.343
     3.342
     4.483
     4.260
     4.327
     4.297
     4.984
     4.127
     4.637
     5.007
     5.071
     4.241
     4.389
     4.242
     3.780
     3.001
     5.150
     4.528
     4.489
     5.343
     5.087
     4.761
     4.376
     4.746
     4.403
     4.771
     5.340
     5.296
     4.538
     5.349
     4.294
     4.337
     4.330
     5.161
     4.509
     5.114
     4.552
     5.264
     4.755
     4.892
     4.896
     4.326
     4.431
     4.456
     4.626
     3.231
     4.632
     4.225
     3.692
     5.293
     5.545
     3.633
     4.341
     4.088
     3.346
     2.995
     4.845
     2.988
     4.229
     5.345
     5.233
     4.733
     4.709
     5.040
     3.400
     2.956
     5.210
     5.037
     4.445
     5.088
     4.254
     4.073
     5.460
     4.251
     4.503
     4.931
     4.107
     4.503
     4.296
     4.704
     4.495
     4.898
     4.137
     4.541
     4.433
     4.954
     5.468
     4.532
     4.151
     4.738
     4.778
     3.934
     5.015
     5.166
     3.404
     4.238
     5.111
     5.210
     4.914
     4.800
     3.133
     3.396
     4.886
     5.411
     4.417
     4.395
     5.074
     3.978
     4.629
     4.355
     3.819
     4.768
     5.101
     4.903
     4.428
     4.618
     4.433
     4.569
     4.321
     5.021
     4.583
     4.425
     3.979
     4.343
     4.746
     4.631
     5.424
     4.259
     4.187
     4.901
     4.817
     4.799
     5.047
     4.970
     4.072
     4.651
     4.340
     5.570
     4.206
     4.944
     3.595
     4.520
     4.167
     4.583
     4.825
     3.872
     4.335
     5.097
     4.266
     4.367
     4.920
     4.821
     2.823
     4.347
     4.933
     3.501
     4.385
     4.470
     4.909
     4.329
     4.228
     4.046
     5.090
     5.206
     4.778
     5.042
     3.922
     4.293
     4.247
     4.353
     4.800
     4.608
     3.641
     4.051
     4.471
     4.310
     4.684
     5.323
     5.034
     4.727
     5.159
     4.364
     4.684
     4.588
     4.282
     5.129
     4.179
     3.776
     4.845
     4.312
     4.608
     5.106
     3.248
     4.747
     4.179
     4.836
     4.839
     4.302
     4.122
     3.686
     4.831
     4.891
     4.680
     4.274
     2.672
     5.502
     3.530
     3.926
     3.842
     5.016
     4.937
     4.583
     4.643
     4.653
     5.028
     4.553
     4.840
     4.534
     5.033
     5.179
     4.968
     4.681
     2.695
     5.008
     4.982
     5.104
     4.165
     4.762
     3.930
     4.099
     4.732
     3.358
     2.943
     4.278
     4.268
     3.934
     4.823
     4.529
     4.406
     4.986
     4.706
     4.998
     4.391
     3.058
     3.155
     5.072
     4.884
     3.608
     4.290
     4.496
     4.144
     4.836
     4.562
     4.614
     5.250
     4.613
     4.759
     4.293
     4.856
     4.925
     4.178
     4.264
     4.106
     4.268
     4.729
     5.203
     4.420
     4.707
     4.604
     4.650
     4.621
     4.348
     4.577
     4.642
     5.106
     3.478
     4.859
     4.395
     4.681
     4.589
     4.371
     4.713
     4.351
     4.962
     4.939
     3.823
     5.080
     3.643
     4.300
     3.921
     3.803
     4.699
     4.355
     5.140
     4.865
     5.015
     4.669
     3.924
     4.993
     5.230
     4.821
     4.290
     5.203
     5.108
     4.304
     3.826
     4.819
     3.414
     5.198
     4.525
     4.499
     4.420
     4.748
     4.085
     4.422
     5.233
     4.919
     4.686
     4.626
     3.837
     5.095
     4.717
     3.477
     4.272
     3.869
     4.160
     5.277
     5.271
     5.032
     4.335
     5.278
     5.069
     5.213
     4.859
     4.203
     4.203
     4.767
     4.325
     3.537
     4.400
     2.235
     4.563
     4.561
     5.084
     4.154
     4.327
     4.403
     3.637
     4.030
     4.468
     5.439
     4.383
     5.071
     3.897
     3.740
     4.088
     3.660
     4.518
     4.368
     4.193
     4.639
     4.333
     4.851
     4.977
     3.257
     5.135
     5.655
     4.898
     4.764
     3.053
     4.176
     4.031
     4.366
     4.552
     4.687
     4.338
     4.286
     4.929
     4.403
     4.798
     5.094
     4.294
     4.159
     5.089
     5.044
     3.762
     4.338
     4.481
     4.346
     4.767
     5.170
     4.789
     4.971
     5.235
     5.050
     2.635
     5.207
     2.722
     3.336
     4.693
     4.876
     4.298
     4.018
     4.625
     4.957
     4.870
     4.263
     5.151
     4.223
     4.365
     5.035
     5.046
     5.345
     4.311
     5.404
     4.563
     5.060
     4.180
     4.500
     3.799
     4.439
     5.162
     4.275
     4.760
     4.303
     5.263
     5.055
     4.208
     3.709
     4.860
     4.060
     2.838
     4.418
     4.346
     3.245
     4.417
     4.297
     4.063
     4.741
     4.927
     5.075
     4.466
     4.386
     4.200
     4.928
     3.156
     4.702
     5.323
     4.745
     4.101
     3.508
     4.707
     4.819
     3.945
     4.574
     4.036
     4.389
     3.956
     4.652
     4.357
     4.432
     3.925
     4.061
     5.216
     4.549
     4.629
     4.818
     4.744
     4.179
     4.351
     3.704
     5.318
     5.120
     4.563
     4.420
     5.044
     3.879
     5.032
     5.039
     5.118
     4.430
     4.567
     4.483
     4.631
     2.504
     5.301
     4.457
     4.676
     4.839
     4.754
     4.280
     5.066
     4.222
     4.269
     4.069
     4.970
     3.983
     5.101
     5.058
     5.066
     2.447
     5.115
     5.029
     5.076
     2.797
     4.933
     4.908
     4.889
     5.452
     5.267
     4.462
     4.684
     4.084
     3.925
     4.201
     4.828
     4.708
     5.118
     3.507
     4.914
     4.767
     5.216
     4.930
     5.037
     3.322
     4.478
     5.258
     4.571
     5.324
     4.700
     5.334
     5.110
     4.465
     4.833
     4.271
     5.127
     3.192
     4.784
     5.271
     5.027
     4.355
     4.691
     4.586
     4.934
     3.460
     4.400
     4.089
     4.476
     5.343
     3.659
     4.373
     4.888
     4.866
     5.304
     4.606
     4.980
     4.797
     4.768
     5.032
     3.915
     5.009
     4.408
     5.604
     4.398
     4.776
     4.959
     4.316
     4.241
     3.204
     5.295
     4.320
     4.300
     3.385
     4.947
     4.226
     4.350
     4.704
     3.907
     5.264
     4.459
     4.115
     5.128
     4.985
     4.834
     5.213
     4.300
     4.504
     4.285
     4.923
     4.731
     5.544
     5.083
     4.487
     4.420
     4.936
     3.493
     4.650
     4.728
     5.011
     4.342
     4.562
     4.313
     4.415
     4.278
     5.061
     5.127
     3.257
     5.234
     5.027
     4.038
     4.888
     4.894
     5.333
     4.763
     3.798
     4.771
     4.332
     2.485
     4.804
     4.227
     4.478
     4.654
     4.722
     4.007
     5.077
     5.608
     4.912
     4.482
     4.033
     4.842
     5.175
     4.190
     4.577
     4.296
     4.100
     3.979
     5.341
     4.370
     4.982
     4.443
     2.490
     4.496
     4.272
     4.277
     5.027
     4.796
     4.824
     5.255
     4.906
     2.064
     4.294
     4.342
     4.610
     4.814
     4.355
     4.186
     5.061
     4.141
     5.051
     4.886
     4.452
     3.839
     4.332
     5.262
     4.221
     4.649
     4.765
     4.359
     4.451
     4.866
     3.891
     5.611
     4.044
     4.002
     3.911
     4.832
     5.082
     2.659
     4.685
     5.392
     4.471
     4.911
     4.407
     4.948
     4.945
     4.543
     4.278
     4.109
     4.336
     5.145
     4.671
     4.354
     4.003
     4.139
     4.938
     4.525
     2.722
     5.340
     4.675
     4.568
     5.019
     4.490
     4.359
     4.144
     5.023
     3.763
     4.665
     4.270
     4.481
     4.105
     4.983
     4.644
     4.593
     4.043
     3.401
     4.271
     4.653
     5.058
     4.760
     5.107
     4.559
     3.254
     4.620
     4.317
     5.191
     4.344
     4.594
     4.557
     3.676
     4.145
     4.886
     4.917
     4.443
     4.366
     4.041
     3.922
     5.119
     4.871
     5.279
     3.726
     4.342
     4.294
     3.462
     4.646
     4.709
     4.569
     4.696
     4.744
     5.454
     4.355
     4.049
     4.216
     4.356
     3.492
     5.028
     5.090
     5.119
     4.693
     4.339
     2.949
     4.384
     4.561
     4.486
     4.288
     4.414
     4.827
     4.533
     4.310
     4.339
     4.817
     3.777
     4.993
     3.997
     4.060
     4.501
     5.052
     5.184
     4.381
     4.302
     4.693
     4.500
     4.627
     3.740
     4.686
     5.544
     4.282
     4.328
     4.805
     2.599
     4.848
     5.521
     4.296
     2.642
     4.852
     4.537
     5.151
     4.522
     4.976
     4.562
     4.938
     5.032
     4.987
     3.490
     3.167
     4.620
     4.906
     4.344
     3.843
     4.784
     4.899
     4.321
     3.408
     4.942
     3.520
     5.089
     4.012
     4.355
     5.639
     4.216
     4.627
     3.797
     4.980
     5.239
     4.752
     5.273
     4.914
     4.061
     4.111
     4.840
     4.630
     5.236
     4.735
     4.966
     2.427
     4.538
     4.645
     4.397
     4.586
     4.657
     4.216
     4.703
     4.278
     5.073
     4.965
     5.263
     4.386
     4.702
     4.291
     3.855
     5.524
     4.300
     4.481
     4.841
     4.813
     5.474
     4.402
     5.236
     4.985
     5.339
     4.971
     5.243
     4.524
     5.010
     4.738
     4.906
     4.263
     4.249
     3.637
     4.740
     4.814
     4.009
     4.269
     4.358
     4.633
     4.810
     4.657
     4.105
     3.655
     4.705
     4.489
     2.959
     4.768
     4.745
     4.706
     3.428
     4.074
     3.803
     5.050
     4.899
     4.995
     4.809
     4.661
     4.225
     4.783
     4.631
     5.051
     5.073
     4.074
     5.051
     5.138
     4.057
     4.792
     3.881
     5.215
     4.447
     4.550
     4.681
     5.168
     4.640
     5.118
     4.490
     4.981
     4.297
     3.897
     4.202
     2.903
     4.619
     4.084
     4.534
     3.591
     4.304
     4.956
     4.410
     4.562
     4.344
     3.792
     5.125
     4.559
     4.904
     3.212
     4.129
     4.987
     4.337
     4.922
     4.793
     4.147
     4.525
     4.530
     4.421
     4.263
     4.287
     3.578
     5.194
     2.926
     3.254
     4.866
     3.846
     3.783
     4.304
     3.947
     4.231
     4.580
     3.888
     4.422
     4.516
     4.182
     4.825
     4.156
     4.975
     5.048
     4.690
     4.142
     4.372
     3.837
     4.422
     4.042
     5.135
     4.333
     4.585
     4.226
     4.441
     4.916
     4.564
     3.951
     4.178
     4.522
     4.246
     4.200
     5.006
     4.932
     4.574
     5.081
     4.511
     4.302
     5.305
     4.237
     3.630
     4.368
     3.877
     2.503
     4.996
     4.977
     4.530
     3.824
     4.843
     4.979
     3.951
     3.414
     4.057
     5.455
     4.132
     5.003
     4.336
     4.428
     4.118
     4.406
     4.828
     4.718
     2.419
     4.328
     4.249
     3.475
     4.871
     5.094
     4.763
     3.675
     4.443
     4.665
     4.339
     4.815
     4.080
     4.349
     5.015
     3.988
     4.823
     3.825
     4.175
     4.958
     4.774
     4.457
     4.611
     4.485
     4.510
     4.762
     4.178
     4.886
     4.858
     4.803
     4.751
     3.585
     4.158
     4.879
     4.852
     4.873
     4.632
     5.051
     4.580
     5.170
     4.716
     5.554
     4.613
     4.340
     5.016
     5.184
     4.872
     4.001
     4.605
     3.870
     5.131
     3.473
     4.557
     4.274
     4.629
     4.518
     4.620
     4.010
     4.338
     4.354
     3.751
     4.176
     4.176
     4.276
     4.312
     4.403
     4.568
     4.330
     3.594
     2.434
     5.070
     5.142
     4.868
     4.306
     4.302
     5.324
     4.713
     4.716
     5.004
     4.758
     4.289
     4.352
     4.671
     4.364
     5.488
     4.823
     4.805
     4.964
     4.118
     4.756
     4.418
     4.888
     4.864
     4.303
     4.514
     4.950
     3.227
     4.678
     4.591
     4.108
     5.444
     4.339
     4.539
     4.062
     5.022
     5.080
     3.697
     4.251
     4.777
     4.553
     4.226
     5.604
     4.840
     5.180
     4.947
     5.093
     4.844
     5.082
     5.096
     5.122
     4.779
     3.570
     4.903
     5.103
     2.385
     5.116
     3.844
     5.233
     4.999
     4.429
     4.156
     4.353
     5.080
     4.303
     5.126
     4.516
     4.441
     3.614
     5.173
     4.518
     2.396
     4.213
     4.491
     4.229
     4.350
     4.613
     4.423
     4.766
     5.035
     4.062
     4.752
     5.068
     4.281
     4.270
     4.753
     4.910
     4.289
     3.484
     4.625
     4.282
     4.194
     4.812
     4.669
     4.767
     4.117
     3.453
     2.776
     4.406
     4.539
     4.927
     4.321
     3.424
     4.779
     4.277
     3.773
     4.074
     4.022
     2.896
     3.034
     5.123
     4.679
     4.338
     4.026
     4.537
     5.264
     4.339
     3.551
     4.462
     4.877
     4.708
     4.214
     4.690
     4.283
     3.995
     4.593
     3.220
     4.338
     4.949
     4.580
     4.423
     5.361
     4.028
     4.646
     4.853
     5.268
     4.685
     5.003
     4.871
     4.617
     4.347
     4.367
     5.346
     4.667
     3.249
     3.585
     4.189
     3.207
     4.952
     5.261
     3.250
     4.567
     4.736
     4.664
     4.565
     5.066
     4.717
     5.038
     4.384
     4.356
     3.552
     4.360
     5.282
     4.890
     3.801
     4.943
     4.184
     4.840
     3.478
     5.213
     4.407
     4.585
     4.795
     3.570
     5.294
     4.559
     4.363
     5.219
     5.314
     3.288
     2.930
     3.146
     4.420
     4.771
     4.402
     4.151
     2.467
     5.062
     2.806
     4.903
     4.486
     4.772
     4.877
     4.701
     4.869
     4.328
     4.367
     4.416
     5.240
     4.671
     4.408
     4.894
     3.419
     5.276
     4.141
     4.197
     4.596
     4.186
     4.792
     4.810
     4.398
     3.605
     4.651
     3.986
     4.724
     4.527
     5.453
     4.756
     4.007
     4.802
     4.747
     4.218
     4.421
     4.857
     4.512
     4.332
     4.325
     4.911
     4.769
     4.243
     4.701
     3.976
     4.400
     4.665
     5.140
     4.993
     4.424
     3.858
     5.022
     4.487
     5.006
     4.763
     4.322
     4.844
     4.590
     4.214
     3.888
     4.274
     4.767
     4.423
     4.768
     4.158
     4.325
     3.067
     4.132
     4.940
     4.972
     5.138
     4.471
     4.956
     4.163
     3.913
     4.369
     4.667
     5.149
     4.406
     4.620
     5.104
     5.021
     5.018
     5.146
     4.717
     4.799
     4.977
     4.479
     4.200
     3.141
     5.201
     5.321
     4.322
     4.799
     4.473
     4.035
     4.895
     4.875
     4.743
     5.163
     4.359
     4.967
     3.827
     4.178
     5.277
     4.899
     3.569
     5.022
     4.202
     3.074
     4.513
     4.533
     4.940
     3.685
     3.891
     5.334
     3.496
     5.305
     4.320
     4.787
     4.460
     4.362
     5.108
     4.668
     4.985
     4.745
     4.707
     4.305
     4.251
     3.950
     4.132
     4.742
     5.044
     5.259
     4.482
     4.331
     4.490
     3.988
     3.459
     4.873
     5.166
     4.706
     3.821
     4.991
     3.369
     4.727
     3.364
     5.094
     4.715
     4.093
     3.996
     4.405
     4.399
     4.741
     4.034
     5.063
     4.137
     4.428
     4.022
     4.295
     4.741
     4.360
     4.336
     4.275
     5.071
     4.826
     4.887
     5.012
     3.416
     4.902
     4.264
     4.479
     4.942
     4.531
     3.274
     4.549
     5.075
     5.077
     4.938
     4.821
     3.797
     4.981
     4.942
     4.329
     5.013
     4.834
     5.217
     5.040
     4.866
     4.665
     4.350
     4.040
     3.669
     5.129
     2.435
     3.859
     4.741
     4.598
     5.365
     5.141
     4.307
     4.308
     4.909
     4.932
     4.337
     3.771
     4.465
     4.430
     4.265
     4.354
     4.974
     4.387
     4.776
     4.638
     4.424
     5.542
     3.080
     2.566
     4.903
     4.643
     4.912
     4.327
     4.164
     4.288
     4.293
     4.068
     4.900
     5.274
     3.892
     5.215
     4.856
     4.835
     4.255
     3.423
     4.534
     4.901
     4.279
     5.099
     5.613
     4.293
     4.464
     3.280
     4.163
     5.117
     4.858
     4.362
     4.662
     4.384
     4.882
     4.245
     4.596
     4.342
     5.222
     4.607
     5.023
     5.003
     4.338
     4.755
     3.743
     5.530
     4.904
     2.825
     4.699
     4.636
     4.462
     3.351
     3.399
     4.833
     4.641
     4.425
     4.853
     4.358
     4.822
     5.356
     3.779
     4.018
     4.750
     4.248
     4.935
     4.069
     5.057
     5.119
     4.823
     4.823
     4.306
     4.630
     3.011
     4.700
     3.242
     4.942
     3.956
     5.016
     4.568
     4.623
     4.586
     4.575
     5.037
     4.921
     3.534
     4.820
     3.721
     4.257
     4.471
     4.757
     4.652
     4.217
     4.351
     4.462
     5.242
     5.094
     5.274
     5.186
     4.481
     3.780
     4.642
     4.289
     4.752
     4.997
     4.309
     3.036
     4.381
     5.052
     4.503
     4.858
     4.012
     4.340
     4.314
     3.933
     4.932
     5.364
     4.816
     4.954
     4.510
     4.498
     4.826
     4.952
     4.418
     4.586
     4.488
     4.447
     4.680
     3.976
     4.175
     4.136
     4.891
     5.114
     5.007
     4.412
     3.292
     4.486
     4.506
     5.275
     4.949
     4.658
     4.264
     4.841
     4.780
     4.396
     4.870
     4.947
     3.476
     4.632
     2.915
     3.894
     5.102
     4.431
     5.626
     4.436
     5.078
     5.172
     4.919
     4.915
     4.241
     5.255
     4.856
     4.737
     4.861
     4.236
     4.266
     4.231
     3.316
     4.041
     3.966
     4.524
     4.090
     4.732
     4.614
     5.020
     4.682
     4.439
     4.674
     4.694
     4.657
     4.457
     4.267
     5.369
     5.307
     4.684
     4.585
     5.196
     4.491
     4.432
     4.391
     4.738
     4.539
     4.574
     4.782
     4.255
     5.011
     4.218
     5.409
     4.602
     5.164
     2.697
     3.913
     4.426
     4.950
     4.760
     4.402
     4.035
     4.183
     4.231
     3.870
     2.959
     4.404
     5.102
     4.265
     4.318
     4.329
     4.659
     3.391
     2.788
     4.954
     5.087
     5.063
     5.137
     5.216
     3.951
     4.067
     4.151
     4.318
     5.366
     3.850
     4.010
     4.407
     3.808
     5.057
     4.977
     5.058
     4.161
     4.387
     4.305
     3.991
     4.595
     4.761
     4.633
     4.452
     4.665
     4.763
     4.311
     4.294
     3.528
     2.899
     4.330
     4.764
     5.152
     4.752
     4.010
     4.207
     4.780
     5.214
     4.563
     3.224
     3.357
     4.310
     3.863
     4.111
     4.933
     4.171
     4.533
     5.130
     4.324
     3.186
     3.765
     5.004
     3.883
     5.073
     4.802
     2.496
     4.334
     4.295
     5.152
     4.657
     4.807
     4.202
     4.037
     5.204
     3.879
     5.142
     5.154
     5.318
     4.736
     4.514
     2.393
     4.505
     4.607
     4.600
     3.334
     5.198
     4.974
     4.694
     5.315
     5.202
     5.028
     4.141
     5.308
     4.254
     5.005
     4.369
     4.512
     4.774
     5.122
     5.034
     4.422
     4.247
     5.349
     2.977
     5.242
     4.472
     5.212
     4.307
     4.371
     4.029
     4.204
     4.754
     4.058
     5.129
     5.177
     4.265
     5.411
     4.919
     5.058
     5.022
     4.114
     2.930
     3.948
     4.306
     4.280
     5.628
     4.810
     4.430
     5.282
     4.753
     4.524
     4.149
     4.852
     5.030
     4.697
     5.016
     5.036
     5.123
     4.375
     4.694
     5.341
     4.689
     4.220
     5.095
     5.078
     4.814
     4.348
     4.493
     2.498
     2.600
     5.337
     5.025
     5.545
     4.326
     4.485
     3.105
     4.379
     4.224
     4.169
     4.999
     4.398
     4.302
     4.006
     5.277
     4.378
     5.217
     4.258
     5.121
     4.550
     3.871
     5.057
     4.884
     5.133
     5.315
     5.129
     5.289
     4.042
     4.803
     4.810
     4.918
     5.228
     4.422
     5.181
     4.773
     5.315
     3.269
     4.303
     4.701
     4.508
     4.702
     3.706
     4.884
     4.634
     4.371
     5.027
     5.067
     5.266
     4.987
     4.768
     4.522
     4.469
     5.124
     4.582
     5.152
     4.710
     4.732
     4.577
     4.224
     5.022
     4.437
     4.807
     4.547
     4.793
     4.863
     4.416
     4.760
     4.171
     4.237
     5.200
     5.292
     3.227
     4.343
     4.380
     5.015
     5.176
     4.395
     4.856
     5.331
     5.357
     4.845
     4.186
     5.477
     5.018
     4.273
     4.434
     4.354
     4.833
     4.346
     4.340
     3.914
     3.236
     5.020
     5.136
     4.134
     5.043
     5.002
     5.289
     4.612
     3.701
     4.900
     4.097
     4.137
     5.148
     4.835
     5.301
     4.290
     5.253
     4.993
     4.588
     4.957
     4.337
     4.092
     4.431
     3.188
     4.915
     4.598
     4.866
     3.504
     4.594
     4.887
     4.848
     5.220
     3.595
     4.726
     4.658
     4.329
     3.533
     4.469
     5.341
     5.042
     5.255
     4.877
     4.849
     4.323
     4.469
     5.168
     4.659
     5.002
     2.132
     4.264
     4.758
     5.053
     2.737
     4.169
     5.173
     5.136
     5.193
     5.132
     4.360
     5.189
     3.947
     4.339
     4.625
     4.659
     5.046
     4.744
     4.780
     5.116
     4.302
     5.112
     4.305
     4.846
     3.721
     4.581
     3.922
     5.266
     3.870
     4.989
     4.251
     4.603
     5.351
     4.815
     4.281
     4.399
     4.071
     4.276
     4.172
     4.991
     4.333
     4.546
     4.601
     4.217
     4.303
     4.465
     4.092
     4.266
     3.918
     4.366
     4.153
     4.539
     4.775
     5.051
     4.791
     4.585
     4.716
     5.182
     4.689
     4.035
     4.165
     5.318
     4.681
     4.456
     4.893
     4.086
     2.611
     3.871
     4.102
     2.923
     4.669
     5.302
     4.530
     4.310
     4.833
     3.981
     4.674
     4.980
     4.048
     5.508
     4.571
     4.281
     3.377
     4.835
     3.920
     4.766
     3.449
     4.978
     5.057
     4.524
     3.738
     4.284
     4.838
     4.380
     4.607
     4.718
     4.228
     3.813
     5.050
     5.173
     4.829
     3.316
     4.854
     4.378
     4.325
     5.188
     4.090
     4.316
     4.466
     4.522
     4.599
     3.836
     3.904
     4.579
     5.051
     4.388
     4.365
     4.528
     5.080
     4.523
     4.246
     4.234
     4.356
     5.044
     5.137
     4.613
     4.121
     4.719
     4.257
     5.067
     4.564
     4.249
     5.073
     4.339
     4.923
     4.463
     4.063
     3.981
     3.944
     4.378
     4.430
     4.938
     5.110
     3.633
     4.784
     3.044
     4.455
     3.036
     4.992
     4.246
     4.844
     4.054
     4.788
     4.714
     2.784
     4.396
     4.175
     4.183
     4.599
     3.857
     4.564
     4.282
     4.614
     2.150
     5.111
     4.300
     4.627
     4.689
     4.645
     5.347
     5.035
     4.054
     3.541
     3.876
     4.874
     4.797
     5.152
     4.379
     4.865
     4.591
     4.396
     4.516
     3.824
     4.700
     3.698
     4.904
     5.415
     5.319
     5.045
     5.426
     4.203
     4.685
     4.361
     4.663
     4.700
     4.303
     5.319
     4.226
     5.039
     4.353
     5.321
     4.593
     4.861
     3.827
     5.017
     5.346
     4.492
     4.642
     4.428
     4.089
     3.644
     4.061
     5.529
     4.875
     3.078
     4.302
     5.570
     4.965
     4.418
     4.756
     4.236
     4.526
     4.953
     4.885
     4.912
     4.209
     3.582
     4.736
     4.255
     4.978
     2.904
     4.738
     3.671
     4.243
     4.539
     4.278
     4.614
     4.938
     4.260
     4.865
     4.935
     4.246
     4.905
     4.648
     4.453
     3.038
     4.256
     4.857
     4.551
     4.348
     4.312
     3.753
     4.556
     4.428
     4.961
     5.236
     5.205
     4.327
     5.298
     4.806
     4.843
     4.742
     4.033
     5.136
     5.213
     3.843
     4.916
     4.328
     4.826
     4.421
     4.155
     5.014
     4.908
     5.057
     4.515
     3.954
     4.294
     4.859
     4.373
     5.254
     4.306
     4.526
     5.071
     4.936
     5.070
     3.112
     3.927
     5.459
     4.373
     4.423
     4.922
     4.974
     4.818
     5.156
     4.713
     4.391
     4.460
     4.860
     4.359
     5.043
     4.568
     4.429
     4.851
     4.168
     4.902
     4.331
     4.284
     5.000
     4.083
     4.231
     4.873
     5.261
     4.981
     4.297
     3.148
     3.852
     5.110
     3.799
     4.880
     4.704
     4.656
     4.834
     4.535
     5.091
     4.191
     4.557
     3.026
     4.414
     4.617
     5.042
     3.722
     4.293
     4.353
     5.120
     4.481
     3.451
     4.948
     5.158
     4.292
     4.540
     4.657
     4.302
     3.938
     4.337
     3.150
     4.785
     4.253
     3.819
     3.240
     4.646
     4.033
     5.379
     5.325
     5.331
     5.016
     5.487
     4.782
     4.766
     4.692
     5.085
     4.370
     4.466
     4.040
     4.405
     4.225
     3.918
     4.339
     3.835
     4.838
     4.380
     4.177
     4.909
     4.890
     4.862
     5.339
     4.455
     5.205
     4.295
     4.510
     3.985
     2.981
     5.336
     4.077
     4.750
     3.952
     2.889
     4.768
     4.611
     4.739
     4.274
     5.384
     4.959
     5.170
     3.909
     4.754
     4.589
     4.675
     4.799
     4.295
     3.909
     4.270
     3.942
     4.973
     5.000
     4.880
     4.880
     4.324
     4.927
     4.942
     4.591
     4.116
     4.743
     5.031
     4.016
     4.504
     4.103
     2.041
     4.676
     3.916
     4.145
     5.008
     4.556
     4.109
     4.792
     4.886
     4.780
     4.939
     3.680
     5.227
     4.361
     5.179
     2.695
     4.640
     4.603
     4.307
     5.069
     4.813
     4.309
     5.024
     3.964
     4.581
     4.187
     4.937
     4.330
     4.421
     4.276
     5.176
     4.626
     4.365
     5.283
     4.065
     4.746
     4.953
     5.338
     4.411
     3.253
     4.796
     4.973
     4.727
     4.565
     4.433
     4.933
     4.387
     4.404
     4.126
     4.933
     3.243
     4.264
     4.814
     4.839
     4.044
     4.556
     4.804
     4.901
     4.721
     4.574
     4.335
     4.432
     5.351
     4.951
     5.094
     4.844
     2.771
     2.842
     4.318
     5.091
     4.024
     4.091
     4.087
     5.594
     4.239
     4.493
     4.347
     4.850
     4.725
     2.475
     4.337
     4.214
     4.149
     5.503
     4.200
     4.962
     3.978
     3.945
     4.973
     4.938
     4.066
     4.890
     4.714
     4.354
     4.495
     3.855
     4.245
     5.016
     4.815
     4.878
     4.790
     4.452
     4.339
     3.089
     5.566
     4.262
     4.633
     4.552
     5.219
     4.380
     4.355
     4.705
     4.231
     3.778
     4.673
     4.428
     5.106
     4.533
     3.974
     5.329
     3.959
     4.101
     4.512
     3.978
     4.238
     4.933
     4.350
     3.945
     5.601
     4.843
     5.506
     4.632
     3.965
     4.382
     5.235
     4.955
     4.998
     4.682
     4.950
     4.580
     4.359
     3.415
     4.530
     3.895
     4.346
     5.083
     5.039
     3.881
     5.110
     4.803
     4.847
     4.164
     3.733
     4.051
     4.841
     2.948
     4.547
     3.604
     3.157
     5.126
     4.890
     4.563
     5.040
     4.069
     4.710
     2.646
     4.978
     4.807
     5.659
     4.933
     5.109
     4.612
     4.325
     4.659
     4.126
     5.008
     3.376
     3.167
     4.632
     4.626
     4.909
     4.945
     4.396
     4.736
     4.638
     4.310
     3.929
     2.642
     4.180
     4.733
     4.179
     4.775
     4.906
     4.872
     5.121
     5.060
     4.321
     5.101
     5.249
     4.714
     4.774
     3.894
     4.237
     4.932
     4.916
     3.685
     4.347
     3.819
     4.996
     5.494
     4.700
     4.655
     5.030
     4.873
     5.006
     4.069
     4.043
     4.369
     4.841
     4.901
     4.941
     4.113
     5.273
     5.319
     5.159
     5.086
     4.391
     5.094
     4.923
     4.159
     4.269
     4.326
     4.617
     4.954
     4.972
     4.945
     4.258
     4.574
     4.326
     4.334
     3.833
     4.502
     4.511
     3.139
     4.159
     3.557
     4.968
     5.064
     4.691
     4.298
     4.990
     4.710
     3.930
     4.304
     4.785
     4.958
     5.130
     4.363
     5.010
     4.032
     4.877
     4.861
     4.439
     5.340
     4.294
     4.957
     4.346
     4.405
     4.860
     4.416
     5.105
     3.442
     4.469
     4.847
     4.322
     5.346
     4.494
     4.485
     4.611
     5.250
     4.333
     4.412
     3.518
     4.192
     4.263
     4.277
     3.383
     4.232
     4.413
     4.802
     4.095
     3.590
     4.074
     5.073
     5.186
     4.452
     4.651
     5.179
     4.504
     3.272
     4.283
     4.779
     5.071
     4.235
     4.821
     4.787
     4.676
     4.312
     5.362
     4.876
     5.562
     4.972
     3.255
     4.141
     3.084
     3.525
     4.285
     4.992
     4.735
     5.117
     3.250
     4.488
     4.563
     5.299
     4.523
     4.872
     4.864
     4.199
     5.179
     4.867
     4.814
     4.431
     4.367
     5.152
     4.101
     5.384
     5.150
     4.130
     5.220
     4.163
     5.000
     4.275
     4.335
     4.685
     4.547
     4.367
     3.059
     2.760
     3.030
     5.572
     4.734
     5.001
     5.025
     4.448
     4.723
     4.089
     4.064
     4.854
     4.320
     4.526
     5.091
     4.231
     4.659
     3.715
     4.179
     4.844
     5.204
     4.366
     3.298
     4.993
     3.845
     5.293
     4.888
     4.702
     4.641
     4.679
     5.126
     4.323
     4.764
     5.061
     4.483
     4.832
     3.911
     5.223
     3.632
     5.256
     5.236
     4.611
     4.516
     4.665
     5.052
     4.636
     4.574
     4.949
     4.661
     4.003
     4.179
     4.436
     4.629
     4.532
     4.425
     4.279
     2.612
     3.888
     5.017
     4.809
     4.516
     4.274
     4.829
     4.346
     4.587
     4.909
     4.920
     4.463
     5.276
     4.182
     4.392
     5.073
     5.094
     3.963
     4.598
     4.481
     4.821
     4.725
     3.643
     4.486
     5.094
     4.983
     4.460
     4.028
     4.790
     4.861
     4.735
     4.726
     4.276
     4.483
     4.288
     4.188
     3.939
     5.210
     4.510
     4.360
     4.484
     4.897
     4.585
     5.398
     4.355
     3.935
     2.800
     4.212
     4.540
     5.237
     4.562
     4.131
     4.509
     5.002
     5.027
     4.360
     4.993
     4.759
     2.875
     3.655
     5.250
     4.334
     5.229
     4.698
     4.610
     5.175
     4.917
     4.558
     5.441
     4.549
     4.409
     5.033
     4.560
     4.098
     5.108
     2.950
     4.295
     4.519
     4.334
     3.400
     4.066
     4.292
     4.619
     4.164
     4.468
     5.144
     4.235
     2.108
     4.242
     4.808
     4.675
     4.977
     4.450
     4.516
     5.022
     3.375
     4.315
     3.368
     5.167
     5.021
     4.985
     4.155
     4.391
     3.739
     4.794
     4.563
     5.064
     4.320
     5.246
     5.639
     5.021
     4.703
     4.664
     4.944
     5.154
     4.534
     4.560
     2.762
     4.604
     2.944
     4.606
     4.593
     5.178
     5.009
     5.124
     3.738
     4.133
     3.608
     4.587
     4.461
     5.617
     4.332
     4.186
     3.918
     5.159
     5.154
     3.488
     4.042
     4.558
     4.674
     2.812
     3.718
     4.168
     4.531
     4.487
     4.831
     4.644
     3.889
     4.026
     4.400
     4.134
     4.580
     4.574
     3.899
     5.119
     4.680
     4.245
     4.952
     3.967
     4.691
     5.341
     4.798
     4.768
     4.315
     4.690
     4.665
     4.587
     3.433
     4.899
     5.106
     4.882
     4.426
     4.512
     4.081
     4.356
     4.755
     3.894
     4.752
     3.969
     4.488
     4.069
     4.087
     2.485
     3.873
     4.735
     4.078
     4.085
     4.542
     4.994
     4.218
     4.352
     4.348
     4.305
     4.833
     3.762
     4.346
     4.595
     4.943
     3.903
     3.714
     3.921
     4.188
     5.127
     4.285
     4.612
     4.802
     3.993
     4.333
     3.707
     5.303
     4.699
     5.478
     4.374
     3.975
     4.768
     5.616
     3.786
     5.527
     4.207
     4.393
     4.345
     4.594
     4.474
     4.177
     5.043
     4.860
     4.337
     4.572
     4.517
     4.316
     4.101
     3.553
     5.072
     4.737
     3.524
     4.349
     4.392
     3.982
     4.688
     4.868
     5.027
     4.593
     4.667
     2.799
     4.875
     4.966
     4.193
     4.062
     4.008
     4.682
     3.388
     4.688
     2.503
     4.017
     2.598
     4.201
     4.126
     2.459
     4.285
     4.530
     2.995
     4.139
     5.111
     5.069
     4.606
     4.615
     5.275
     4.446
     4.964
     4.980
     4.365
     4.589
     4.629
     4.607
     4.871
     3.556
     5.527
     4.580
     4.328
     5.048
     4.890
     4.831
     4.303
     4.412
     4.671
     4.727
     5.206
     4.612
     4.447
     4.577
     4.968
     4.218
     3.012
     4.610
     4.784
     4.617
     4.932
     4.247
     4.194
     4.072
     4.710
     4.725
     5.117
     4.274
     4.432
     4.743
     4.459
     4.817
     4.326
     4.161
     3.731
     4.405
     4.204
     4.268
     5.061
     4.248
     5.028
     4.518
     4.697
     4.696
     4.523
     4.916
     4.512
     4.281
     5.093
     4.324
     4.678
     4.017
     4.622
     3.599
     4.781
     4.517
     4.839
     4.365
     4.097
     3.876
     5.078
     4.157
     5.018
     4.680
     4.044
     4.790
     5.041
     4.062
     5.337
     4.427
     5.391
     5.283
     4.283
     4.437
     3.544
     4.390
     4.245
     4.681
     5.351
     4.271
     4.300
     3.034
     4.950
     5.159
     4.584
     4.312
     4.438
     4.609
     5.061
     5.100
     3.530
     5.181
     3.809
     4.498
     3.090
     3.622
     4.333
     4.618
     4.006
     4.103
     4.588
     5.494
     4.293
     4.057
     4.322
     4.435
     5.080
     4.636
     4.354
     4.871
     5.065
     3.984
     5.053
     4.257
     4.617
     5.345
     4.949
     5.260
     4.911
     4.965
     4.788
     3.860
     5.607
     3.108
     3.553
     5.092
     5.059
     4.375
     4.951
     4.763
     4.666
     4.490
     4.557
     4.306
     5.141
     3.205
     4.090
     4.852
     5.172
     4.309
     4.296
     2.960
     4.752
     4.167
     4.192
     4.480
     5.064
     5.286
     4.324
     4.759
     5.370
     4.785
     5.283
     4.418
     4.113
     4.682
     4.340
     4.633
     4.919
     4.592
     4.633
     2.750
     4.392
     4.494
     4.340
     3.791
     4.635
     5.002
     3.655
     5.098
     5.239
     5.621
     4.411
     4.605
     4.330
     3.970
     4.272
     3.017
     5.344
     4.732
     3.983
     4.364
     5.015
     4.299
     4.309
     4.354
     3.989
     5.023
     4.767
     3.842
     4.284
     4.794
     4.245
     4.674
     4.292
     5.101
     4.804
     4.359
     5.182
     3.956
     5.479
     3.456
     4.225
     5.369
     4.567
     4.647
     4.793
     4.945
     4.290
     4.009
     4.318
     4.313
     4.425
     5.596
     4.384
     5.136
     4.011
     4.850
     4.602
     5.032
     4.669
     4.585
     4.269
     4.829
     5.084
     4.353
     4.813
     4.775
     3.740
     4.014
     4.224
     4.357
     4.444
     4.543
     4.248
     4.598
     4.780
     4.745
     4.854
     4.988
     4.859
     5.005
     4.543
     4.779
     5.023
     4.138
     4.946
     4.669
     5.109
     4.292
     4.864
     4.971
     4.610
     4.063
     3.714
     4.531
     4.338
     3.286
     4.130
     3.971
     4.399
     4.915
     2.621
     3.905
     4.880
     4.047
     4.664
     4.988
     4.568
     4.697
     5.140
     4.908
     4.787
     5.064
     4.216
     4.585
     4.725
     4.134
     4.929
     4.311
     4.647
     5.014
     4.677
     5.202
     5.024
     4.207
     4.872
     4.730
     5.655
     4.187
     4.404
     4.724
     5.020
     5.243
     5.016
     4.259
     2.453
     4.681
     4.389
     4.579
     4.613
     4.227
     3.750
     4.368
     4.382
     4.418
     4.683
     4.116
     4.373
     4.791
     5.024
     4.304
     4.695
     4.700
     4.742
     4.217
     4.195
     4.759
     4.103
     3.488
     5.264
     4.526
     3.426
     4.840
     3.685
     4.341
     3.938
     4.426
     4.326
     4.303
     4.633
     3.862
     4.883
     5.055
     4.339
     3.213
     4.977
     5.003
     3.559
     4.271
     4.679
     4.342
     4.708
     5.039
     4.864
     4.196
     5.222
     4.256
     4.969
     5.126
     4.067
     5.096
     4.740
     4.188
     3.623
     4.975
     4.336
     4.396
     5.527
     4.842
     4.626
     4.801
     4.448
     3.897
     4.865
     4.068
     4.463
     5.307
     4.952
     4.540
     4.611
     3.918
     4.952
     4.254
     5.371
     4.056
     5.455
     4.974
     4.461
     4.713
     5.074
     5.150
     4.013
     4.330
     3.876
     4.820
     4.741
     5.138
     4.301
     4.262
     4.486
     4.627
     4.112
     4.831
     3.872
     4.618
     4.709
     3.229
     4.606
     4.296
     4.441
     5.679
     4.324
     5.060
     5.539
     4.966
     3.597
     4.888
     5.553
     5.086
     5.399
     3.613
     2.962
     3.808
     2.955
     5.012
     4.261
     4.882
     4.479
     4.705
     4.330
     5.115
     3.711
     5.265
     4.775
     2.740
     4.780
     4.226
     4.661
     3.260
     4.503
     4.594
     3.846
     3.789
     4.246
     4.798
     4.640
     4.184
     4.385
     4.350
     3.483
     3.257
     4.770
     5.137
     4.711
     3.919
     4.643
     4.321
     5.081
     3.503
     4.107
     4.337
     4.629
     5.288
     4.929
     4.532
     4.459
     4.559
     4.232
     4.925
     4.258
     3.842
     4.322
     4.850
     4.213
     4.893
     3.293
     4.792
     4.555
     3.683
     4.831
     4.166
     3.785
     4.113
     4.581
     4.796
     5.294
     4.761
     4.402
     4.969
     4.614
     5.137
     4.555
     4.923
     4.230
     4.948
     4.593
     3.767
     3.950
     4.624
     4.413
     4.219
     4.653
     4.813
     4.104
     4.969
     4.503
     4.790
     4.575
     3.607
     4.311
     4.364
     4.077
     3.973
     4.825
     4.039
     5.129
     5.011
     4.988
     4.815
     4.343
     4.600
     3.698
     4.860
     4.614
     4.807
     4.691
     5.383
     5.350
     4.248
     4.277
     4.403
     3.793
     4.757
     4.317
     5.535
     2.395
     4.050
     5.172
     5.018
     4.375
     5.159
     3.633
     4.346
     3.915
     3.182
     4.696
     4.481
     4.691
     4.460
     4.340
     4.063
     4.842
     4.272
     4.064
     3.863
     4.305
     4.297
     4.816
     3.960
     5.209
     3.437
     4.871
     4.887
     2.851
     2.808
     4.309
     4.093
     4.712
     4.282
     3.281
     4.055
     4.841
     4.326
     4.998
     5.099
     4.364
     5.575
     5.213
     4.823
     3.923
     4.938
     4.232
     3.319
     4.276
     4.909
     4.315
     4.351
     4.210
     4.124
     3.201
     4.340
     4.487
     4.957
     4.388
     4.693
     5.259
     4.218
     4.100
     5.299
     5.010
     4.707
     4.512
     3.123
     3.502
     3.798
     5.046
     5.455
     3.845
     4.348
     5.065
     4.284
     4.159
     4.618
     4.573
     2.844
     3.925
     5.319
     4.696
     4.320
     4.459
     5.198
     4.724
     4.656
     3.727
     4.851
     4.687
     3.123
     4.304
     4.526
     4.454
     5.022
     5.320
     5.246
     4.072
     4.501
     4.569
     4.275
     4.427
     5.088
     4.270
     5.022
     5.026
     4.156
     4.247
     5.171
     5.020
     5.130
     4.981
     3.921
     4.092
     5.552
     4.096
     5.264
     4.801
     4.663
     4.581
     3.836
     3.435
     3.707
     4.519
     4.968
     4.969
     4.328
     4.460
     5.095
     4.726
     4.438
     4.569
     5.035
     4.592
     4.878
     5.146
     4.326
     4.791
     3.874
     4.889
     4.818
     4.829
     4.429
     4.429
     4.389
     4.283
     4.996
     2.661
     4.301
     4.860
     4.337
     5.158
     4.476
     4.309
     4.318
     3.425
     4.825
     5.330
     4.906
     5.133
     3.775
     5.241
     3.765
     4.985
     4.334
     4.744
     4.583
     4.085
     5.175
     5.103
     4.316
     3.745
     5.053
     4.522
     5.249
     3.820
     4.398
     4.243
     4.695
     5.153
     4.242
     5.102
     5.262
     4.092
     4.556
     4.637
     3.954
     4.830
     5.045
     4.551
     4.872
     5.206
     4.455
     4.751
     5.040
     4.841
     3.937
     4.391
     4.413
     4.099
     4.714
     4.881
     4.687
     4.283
     2.824
     4.915
     4.994
     3.974
     3.149
     4.819
     4.789
     3.862
     2.822
     5.274
     4.480
     5.192
     4.354
     5.216
     3.250
     3.000
     5.474
     3.307
     5.076
     5.032
     4.897
     5.049
     4.223
     4.143
     4.246
     4.262
     4.883
     4.654
     3.709
     4.879
     4.345
     4.868
     4.337
     5.175
     4.537
     4.211
     4.419
     4.255
     3.376
     5.052
     4.354
     4.887
     4.963
     4.103
     5.252
     4.925
     5.050
     5.210
     4.688
     4.432
     5.003
     3.648
     4.689
     4.410
     4.284
     3.833
     4.341
     4.169
     4.542
     4.298
     5.008
     4.612
     3.084
     4.875
     4.143
     4.912
     3.818
     4.580
     4.269
     5.027
     4.295
     5.109
     4.761
     5.094
     4.463
     5.160
     3.682
     4.273
     3.840
     4.855
     3.861
     5.417
     5.095
     4.996
     4.634
     5.193
     4.502
     3.989
     3.984
     4.752
     3.302
     4.291
     3.908
     4.991
     4.987
     4.259
     5.116
     4.854
     1.803
     4.644
     4.302
     5.195
     4.443
     4.787
     5.085
     5.091
     4.863
     4.970
     5.012
     4.349
     4.247
     4.189
     4.764
     4.948
     4.720
     4.484
     4.324
     4.300
     4.361
     4.965
     4.584
     4.701
     5.141
     3.975
     5.073
     4.467
     4.187
     4.788
     4.301
     4.341
     4.602
     4.502
     5.067
     4.781
     3.832
     4.323
     3.927
     3.781
     3.800
     4.422
     4.207
     5.027
     4.340
     4.539
     3.727
     4.823
     5.085
     4.203
     4.772
     4.640
     5.111
     4.308
     3.248
     4.103
     4.547
     4.630
     5.043
     4.299
     4.974
     3.847
     5.134
     3.113
     4.630
     5.448
     4.673
     4.416
     4.184
     4.778
     4.904
     4.301
     5.010
     5.089
     4.083
     4.398
     4.937
     4.819
     3.550
     4.859
     4.305
     4.725
     4.788
     4.841
     4.303
     4.319
     4.689
     4.468
     2.306
     4.851
     3.680
     4.928
     4.152
     5.247
     5.212
     4.649
     4.474
     4.583
     4.604
     2.988
     4.428
     5.283
     4.543
     4.603
     4.905
     4.868
     5.132
     5.460
     4.478
     3.818
     4.474
     4.293
     5.274
     4.586
     4.385
     4.204
     2.621
     4.873
     4.938
     4.521
     4.540
     4.303
     4.546
     4.242
     4.840
     4.891
     4.281
     4.825
     4.628
     5.240
     4.772
     4.273
     4.844
     4.496
     5.153
     3.604
     3.488
     5.383
     5.484
     4.112
     4.274
     4.358
     3.268
     4.995
     4.272
     4.322
     4.399
     5.008
     4.925
     5.255
     5.135
     5.163
     4.878
     5.104
     3.782
     4.059
     4.832
     4.405
     4.371
     4.795
     2.428
     4.560
     4.848
     4.776
     4.810
     4.921
     4.355
     4.582
     4.786
     4.173
     4.033
     3.884
     3.557
     4.734
     4.295
     4.824
     3.998
     5.002
     5.073
     4.840
     4.355
     4.339
     3.734
     4.834
     4.377
     4.961
     4.377
     4.163
     4.436
     2.854
     4.067
     4.841
     4.288
     4.983
     4.752
     5.117
     5.229
     5.123
     3.917
     3.879
     4.272
     4.863
     4.525
     4.767
     4.243
     4.266
     4.909
     5.069
     4.741
     4.787
     4.547
     4.827
     3.855
     3.099
     4.294
     3.883
     4.788
     5.328
     4.029
     4.697
     5.040
     4.959
     3.428
     4.957
     3.382
     2.537
     4.415
     2.448
     4.109
     4.551
     5.252
     4.782
     3.838
     4.080
     4.434
     4.318
     4.340
     4.493
     4.344
     3.956
     4.518
     4.960
     4.958
     4.947
     4.442
     5.247
     4.747
     4.107
     5.004
     4.295
     4.635
     4.668
     4.430
     5.329
     4.475
     4.790
     4.313
     4.634
     4.138
     4.360
     4.119
     5.265
     3.846
     5.254
     5.082
     4.009
     4.452
     4.887
     4.308
     3.881
     3.680
     2.709
     4.547
     4.900
     4.409
     3.956
     3.852
     4.727
     4.053
     4.191
     4.643
     5.064
     4.093
     4.226
     3.773
     4.300
     4.222
     3.689
     3.726
     4.658
     5.161
     4.547
     5.071
     4.748
     4.526
     4.873
     4.590
     4.457
     5.152
     5.133
     4.251
     4.809
     4.394
     4.336
     3.791
     4.825
     4.827
     4.752
     4.281
     4.328
     4.824
     4.316
     4.071
     4.412
     4.344
     4.410
     4.676
     4.877
     4.314
     4.379
     4.296
     4.768
     5.083
     3.043
     4.579
     4.625
     4.266
     4.626
     2.853
     4.884
     5.343
     4.924
     4.838
     4.199
     4.627
     4.879
     4.713
     4.522
     4.661
     4.275
     3.936
     3.542
     5.336
     4.583
     3.885
     4.921
     4.535
     4.855
     5.404
     5.019
     5.041
     5.314
     4.252
     5.193
     5.063
     4.182
     4.098
     4.321
     4.585
     4.888
     4.667
     4.608
     3.486
     4.991
     4.971
     3.369
     4.972
     4.390
     4.987
     4.644
     4.913
     5.351
     4.282
     5.101
     4.286
     4.346
     3.835
     4.864
     4.801
     4.164
     3.523
     4.086
     5.044
     4.018
     4.737
     3.976
     2.779
     4.898
     4.186
     3.810
     4.740
     2.713
     4.754
     4.655
     4.662
     4.491
     3.954
     3.437
     4.359
     4.393
     4.299
     5.045
     5.362
     4.581
     4.788
     4.266
     4.389
     5.031
     4.940
     4.962
     3.320
     3.781
     4.257
     5.042
     4.973
     4.723
     4.685
     4.364
     4.781
     4.872
     4.472
     4.707
     4.823
     4.101
     3.008
     4.630
     4.459
     4.762
     4.708
     4.203
     4.136
     4.056
     3.270
     3.692
     5.521
     4.941
     5.182
     4.725
     2.830
     4.041
     4.840
     4.499
     3.719
     4.574
     4.491
     5.114
     4.675
     4.338
     4.986
     4.517
     4.472
     4.617
     4.348
     4.161
     4.541
     4.628
     3.141
     4.209
     5.026
     4.193
     5.072
     4.316
     3.278
     4.770
     4.544
     4.773
     5.082
     5.092
     4.906
     4.892
     4.486
     4.304
     4.395
     4.307
     4.068
     3.369
     5.236
     4.636
     4.448
     4.276
     4.615
     4.389
     4.584
     3.916
     4.212
     5.223
     4.353
     4.958
     4.320
     4.267
     5.055
     3.931
     4.361
     4.659
     4.953
     4.934
     4.890
     2.910
     4.360
     4.199
     3.126
     4.327
     4.253
     4.683
     4.248
     4.833
     4.257
     5.130
     5.203
     4.606
     5.161
     4.572
     4.651
     4.645
     4.867
     4.499
     5.088
     3.616
     4.907
     2.579
     4.618
     4.382
     4.610
     4.148
     4.367
     4.007
     4.925
     4.531
     4.483
     4.620
     4.597
     4.602
     4.483
     4.002
     5.179
     4.301
     4.765
     4.456
     4.327
     4.370
     4.003
     4.089
     4.779
     5.043
     4.849
     4.824
     4.584
     4.806
     4.299
     4.327
     4.647
     5.148
     4.863
     5.416
     4.792
     4.261
     4.350
     4.861
     5.166
     3.769
     5.209
     5.207
     5.050
     4.287
     5.091
     4.888
     4.783
     4.552
     4.280
     5.191
     5.206
     4.041
     5.079
     5.015
     4.500
     4.751
     4.762
     4.395
     4.221
     3.829
     4.922
     4.200
     4.451
     4.665
     3.891
     4.559
     5.172
     5.163
     4.767
     4.908
     4.478
     3.367
     3.751
     4.431
     4.337
     4.271
     3.344
     4.577
     5.543
     4.054
     4.343
     4.705
     4.396
     4.881
     4.047
     4.612
     4.798
     3.985
     4.730
     4.111
     5.067
     4.007
     4.948
     5.145
     5.114
     5.228
     5.398
     4.887
     4.377
     5.037
     3.838
     4.478
     3.872
     4.660
     5.330
     4.326
     4.869
     5.024
     3.772
     4.383
     4.171
     5.109
     4.164
     4.299
     4.365
     5.105
     3.207
     4.801
     4.819
     4.662
     4.345
     4.641
     4.699
     3.551
     4.250
     3.401
     5.157
     5.037
     4.998
     4.525
     4.933
     5.248
     4.777
     3.832
     5.248
     4.901
     5.046
     3.562
     4.165
     4.945
     4.999
     4.612
     4.204
     4.895
     3.884
     3.203
     4.288
     4.908
     2.784
     4.845
     4.148
     4.943
     4.881
     4.162
     4.418
     4.775
     4.471
     4.736
     4.075
     4.371
     4.750
     3.590
     3.708
     4.619
     3.135
     5.336
     4.648
     4.872
     3.378
     4.373
     4.328
     4.442
     5.310
     3.792
     4.300
     5.046
     4.697
     4.175
     4.661
     4.728
     2.806
     5.092
     4.868
     5.142
     5.161
     4.778
     4.921
     4.210
     4.853
     4.850
     4.757
     4.041
     3.969
     4.048
     4.678
     2.936
     5.070
     4.860
     5.027
     4.692
     4.576
     4.926
     4.333
     3.990
     4.120
     4.451
     3.886
     4.437
     4.944
     5.225
     4.635
     4.036
     5.037
     4.591
     4.274
     4.285
     5.331
     3.448
     4.339
     5.009
     4.616
     3.348
     2.843
     5.011
     4.771
     4.005
     4.678
     5.052
     4.939
     4.762
     5.245
     4.311
     5.398
     5.178
     4.623
     4.307
     4.536
     4.849
     4.675
     2.606
     4.611
     4.116
     4.478
     4.338
     4.596
     3.597
     5.248
     4.136
     4.676
     4.174
     3.604
     4.609
     3.797
     4.435
     2.839
     5.165
     4.744
     4.679
     3.801
     4.445
     5.143
     4.572
     4.591
     4.182
     4.564
     4.248
     4.311
     4.852
     3.635
     3.643
     4.782
     4.377
     4.899
     4.817
     3.813
     4.822
     4.431
     4.182
     3.643
     5.105
     4.591
     4.794
     4.555
     4.263
     5.306
     3.428
     4.717
     4.432
     4.930
     4.876
     4.179
     5.405
     4.366
     5.027
     4.752
     3.787
     5.044
     4.280
     4.324
     4.322
     3.148
     4.823
     4.214
     4.589
     4.778
     4.405
     3.575
     4.344
     5.230
     4.954
     4.834
     4.064
     4.734
     5.009
     4.295
     4.363
     4.740
     4.907
     3.933
     2.980
     4.372
     4.294
     3.853
     5.091
     3.411
     4.717
     4.584
     4.997
     3.722
     4.488
     4.246
     4.594
     4.264
     5.004
     4.353
     4.946
     4.428
     4.483
     5.085
     4.796
     4.902
     5.042
     4.313
     2.765
     4.703
     4.493
     4.286
     5.040
     5.042
     4.357
     4.667
     4.387
     3.132
     4.747
     4.170
     4.959
     4.150
     4.671
     4.456
     4.687
     4.539
     5.253
     4.882
     4.269
     5.535
     4.754
     4.406
     4.702
     4.417
     5.039
     4.330
     5.179
     3.751
     4.279
     4.784
     4.095
     4.284
     4.761
     3.229
     5.214
     4.334
     4.361
     4.603
     4.601
     4.314
     4.319
     3.800
     4.846
     4.746
     5.032
     3.905
     4.250
     4.591
     4.541
     2.263
     5.074
     4.386
     5.201
     5.118
     4.672
     3.557
     4.676
     5.129
     5.048
     4.176
     3.435
     5.323
     3.811
     4.340
     4.863
     4.819
     4.541
     4.884
     3.750
     4.254
     4.786
     4.474
     4.541
     4.999
     4.317
     4.270
     4.894
     5.301
     5.193
     4.467
     5.364
     4.491
     4.956
     4.438
     5.221
     4.392
     4.455
     2.757
     4.022
     5.218
     4.587
     4.053
     5.125
     4.565
     4.086
     4.437
     4.770
     4.707
     4.424
     5.308
     4.232
     4.872
     4.453
     4.919
     5.297
     4.286
     4.826
     4.898
     4.309
     3.812
     5.161
     4.824
     4.368
     4.535
     3.865
     4.811
     2.821
     4.291
     5.196
     4.438
     4.557
     4.762
     4.641
     5.040
     4.144
     4.713
     5.044
     5.007
     3.174
     4.541
     4.879
     3.409
     4.119
     4.249
     5.076
     4.739
     4.704
     4.947
     4.286
     4.378
     4.362
     5.057
     4.439
     4.392
     4.884
     5.045
     4.860
     4.127
     3.864
     5.046
     4.163
     4.224
     5.538
     4.346
     4.315
     5.057
     4.411
     3.871
     4.916
     4.458
     4.858
     4.276
     4.249
     4.553
     5.064
     4.719
     4.650
     4.882
     4.489
     3.950
     5.511
     4.887
     5.459
     4.180
     2.439
     5.050
     3.621
     2.997
     4.804
     3.540
     4.671
     3.882
     4.732
     4.080
     4.766
     4.296
     3.692
     4.423
     4.447
     5.114
     4.764
     4.668
     4.375
     5.230
     4.341
     5.134
     4.984
     4.178
     4.863
     4.514
     4.777
     3.996
     3.602
     5.046
     4.750
     4.562
     4.072
     3.093
     4.639
     4.404
     4.711
     4.857
     4.083
     4.542
     3.611
     4.402
     4.554
     2.419
     3.835
     5.311
     4.609
     4.282
     4.312
     4.504
     4.541
     3.061
     3.637
     4.619
     4.634
     4.337
     2.807
     3.953
     4.754
     5.365
     4.615
     4.353
     4.191
     4.385
     4.771
     5.302
     4.826
     5.020
     4.503
     4.702
     4.667
     4.518
     4.666
     5.112
     4.763
     4.600
     4.976
     4.977
     4.728
     4.574
     4.568
     4.395
     4.353
     3.928
     4.277
     4.718
     4.886
     4.007
     2.724
     4.491
     4.404
     5.078
     4.507
     4.206
     4.287
     4.829
     4.585
     5.269
     5.022
     3.831
     4.459
     4.743
     4.605
     5.378
     4.628
     5.110
     5.308
     4.454
     3.514
     4.704
     4.565
     4.269
     4.668
     4.764
     4.112
     4.332
     4.256
     4.960
     4.799
     4.873
     4.610
     4.766
     3.116
     4.459
     4.397
     4.293
     5.507
     4.581
     4.139
     5.262
     4.296
     5.089
     4.305
     4.806
     5.054
     5.335
     4.325
     3.890
     5.021
     4.622
     4.064
     4.734
     4.354
     4.388
     4.481
     4.495
     5.086
     4.277
     4.649
     4.203
     4.184
     4.165
     4.458
     4.268
     4.499
     4.896
     2.587
     4.861
     4.756
     4.164
     4.012
     4.961
     4.365
     4.470
     4.826
     4.493
     4.781
     4.990
     4.729
     3.195
     4.363
     4.427
     4.529
     4.367
     4.712
     5.248
     4.367
     4.541
     4.979
     4.588
     4.343
     5.122
     5.018
     5.195
     4.307
     4.306
     4.194
     4.146
     4.680
     5.093
     4.015
     4.502
     4.403
     4.794
     4.939
     3.050
     5.054
     4.555
     4.048
     4.057
     4.594
     4.537
     2.673
     3.447
     5.254
     4.635
     4.067
     4.706
     4.396
     4.418
     4.889
     4.870
     4.341
     4.787
     4.803
     5.230
     5.026
     2.545
     4.642
     3.876
     4.803
     4.643
     4.145
     4.321
     4.685
     3.178
     4.688
     4.341
     3.221
     4.933
     4.233
     4.646
     4.812
     3.954
     4.513
     3.839
     4.117
     4.549
     4.949
     4.331
     4.599
     5.527
     3.466
     4.970
     5.197
     5.036
     4.628
     4.533
     4.904
     3.839
     4.703
     4.738
     4.734
     5.026
     5.064
     4.987
     4.997
     5.332
     2.518
     3.947
     3.303
     4.499
     4.969
     4.603
     4.268
     4.267
     5.090
     4.860
     4.272
     5.038
     4.190
     3.440
     3.821
     4.975
     4.092
     4.885
     4.443
     4.066
     4.547
     5.408
     3.242
     5.201
     3.079
     4.991
     4.703
     4.772
     3.915
     4.981
     4.720
     4.350
     4.312
     4.744
     5.159
     5.009
     4.071
     2.505
     4.645
     4.369
     5.210
     4.296
     5.107
     4.244
     4.681
     4.342
     3.451
     4.468
     4.530
     4.500
     4.742
     5.016
     3.424
     4.779
     4.656
     4.731
     4.087
     4.709
     5.195
     5.074
     5.417
     5.233
     3.304
     4.792
     4.823
     4.797
     4.949
     4.664
     4.848
     4.304
     4.095
     4.286
     4.278
     2.876
     4.318
     4.196
     2.974
     4.245
     4.723
     5.034
     5.079
     4.705
     4.909
     2.838
     5.193
     4.812
     4.117
     4.640
     4.667
     4.870
     5.121
     5.281
     4.326
     4.403
     3.710
     4.768
     4.605
     4.596
     4.282
     4.019
     4.467
     4.411
     5.363
     5.015
     3.620
     4.440
     4.873
     4.898
     4.442
     3.346
     2.605
     3.867
     4.575
     5.013
     4.565
     5.065
     4.286
     5.478
     3.882
     4.642
     4.685
     4.303
     3.274
     4.207
     4.064
     4.815
     2.461
     5.303
     5.076
     4.978
     3.371
     4.135
     5.300
     4.684
     4.261
     4.387
     4.743
     4.797
     5.212
     4.212
     4.999
     4.881
     4.568
     4.718
     3.305
     5.586
     4.284
     4.300
     4.506
     4.696
     4.199
     4.680
     2.858
     4.374
     4.762
     4.401
     4.253
     4.668
     4.396
     4.120
     4.238
     3.005
     3.736
     4.172
     5.307
     4.046
     4.504
     4.675
     2.927
     3.415
     2.560
     4.580
     4.699
     4.405
     4.110
     3.601
     4.181
     3.785
     5.326
     4.504
     4.990
     4.723
     2.163
     5.081
     4.889
     4.556
     4.609
     4.811
     5.040
     4.784
     5.060
     4.308
     5.219
     2.931
     4.362
     5.149
     5.213
     4.247
     4.150
     5.099
     4.795
     4.387
     5.228
     5.295
     4.537
     4.701
     4.575
     3.985
     4.323
     4.299
     5.003
     5.349
     4.739
     4.176
     4.102
     4.111
     3.621
     4.148
     5.508
     4.658
     4.936
     4.409
     2.938
     4.940
     5.025
     4.216
     4.225
     5.306
     4.012
     4.685
     4.206
     4.313
     4.212
     4.321
     3.782
     3.666
     5.029
     4.218
     5.162
     5.172
     4.930
     5.092
     5.022
     4.399
     5.262
     4.420
     4.002
     4.975
     4.402
     4.239
     5.103
     4.157
     4.399
     5.034
     4.851
     4.458
     4.721
     4.089
     4.394
     4.406
     4.850
     4.692
     4.326
     4.737
     5.243
     4.971
     4.421
     4.164
     4.432
     4.744
     2.867
     4.936
     4.889
     4.968
     4.964
     4.895
     4.303
     3.929
     5.099
     4.904
     5.151
     5.288
     4.527
     4.920
     4.818
     4.666
     4.286
     4.583
     4.427
     4.008
     5.271
     4.790
     4.167
     5.202
     4.332
     5.083
     4.815
     4.323
     4.726
     5.261
     4.925
     4.481
     4.687
     4.738
     4.086
     4.357
     5.601
     3.881
     5.456
     4.091
     4.925
     5.357
     5.347
     5.258
     4.550
     5.032
     3.462
     5.040
     3.505
     4.684
     4.525
     4.069
     5.209
     4.262
     4.711
     4.789
     4.909
     4.890
     4.190
     5.579
     4.221
     4.366
     3.570
     5.599
     4.978
     5.004
     3.995
     4.324
     5.002
     5.213
     4.679
     3.539
     4.861
     4.912
     4.581
     5.313
     4.842
     3.849
     4.988
     4.474
     3.952
     4.617
     2.760
     5.282
     3.923
     3.173
     5.011
     4.775
     3.666
     4.768
     4.716
     4.803
     4.280
     3.950
     5.269
     3.740
     4.672
     4.948
     4.332
     5.275
     4.298
     2.568
     4.908
     4.901
     4.554
     4.679
     4.573
     5.137
     5.337
     4.614
     4.485
     5.076
     4.844
     4.080
     3.170
     4.446
     5.333
     2.976
     4.941
     4.747
     5.021
     4.564
     5.025
     2.453
     4.987
     5.102
     4.688
     5.013
     3.788
     5.119
     5.180
     5.409
     5.110
     4.301
     5.063
     4.678
     4.058
     4.829
     4.764
     4.878
     4.816
     4.079
     4.683
     3.999
     3.832
     4.522
     4.171
     4.485
     4.331
     4.443
     4.190
     4.808
     4.945
     4.340
     3.207
     2.806
     4.558
     4.107
     4.791
     4.546
     4.582
     4.162
     5.190
     5.679
     4.351
     4.829
     5.011
     4.538
     5.022
     4.280
     3.893
     5.017
     4.298
     3.945
     4.922
     5.207
     2.868
     3.954
     4.183
     5.213
     4.236
     4.692
     4.350
     5.115
     4.959
     3.639
     4.486
     5.054
     2.653
     4.733
     4.277
     4.923
     4.964
     5.042
     5.096
     4.959
     4.457
     5.096
     5.078
     4.938
     4.404
     4.091
     5.130
     4.649
     4.939
     3.907
     5.173
     3.033
     4.785
     4.369
     4.576
     4.853
     5.078
     4.887
     5.636
     4.642
     3.317
     4.194
     4.239
     5.053
     4.895
     4.299
     3.958
     4.480
     5.088
     5.148
     4.532
     3.940
     3.891
     3.104
     5.095
     3.936
     4.876
     4.645
     4.022
     4.151
     4.219
     4.194
     4.238
     4.626
     4.590
     4.451
     4.629
     5.637
     4.460
     4.587
     4.314
     4.666
     5.076
     4.242
     4.696
     3.901
     4.854
     4.328
     5.597
     5.123
     3.443
     3.434
     4.929
     4.421
     4.465
     4.903
     4.272
     4.401
     4.467
     3.101
     5.273
     4.295
     4.716
     4.399
     4.389
     5.302
     4.804
     5.018
     2.982
     4.222
     5.143
     4.534
     3.299
     2.712
     4.001
     4.839
     4.188
     5.181
     4.343
     5.143
     4.294
     4.899
     5.131
     4.570
     5.147
     4.263
     5.269
     3.905
     4.940
     5.151
     5.114
     5.091
     4.998
     4.856
     4.561
     4.406
     4.222
     5.602
     4.408
     4.887
     4.875
     4.491
     4.358
     4.370
     4.978
     4.741
     4.246
     4.288
     5.186
     3.213
     5.494
     4.685
     4.289
     4.616
     4.128
     3.855
     5.065
     4.598
     4.915
     5.229
     4.961
     4.314
     5.031
     5.012
     5.301
     5.327
     4.459
     4.770
     4.718
     5.200
     4.231
     4.725
     4.585
     5.336
     4.986
     5.063
     4.682
     5.377
     4.273
     4.111
     5.588
     4.343
     4.576
     4.840
     4.321
     5.126
     5.207
     5.191
     4.583
     5.375
     5.026
     3.850
     4.989
     4.942
     4.876
     4.828
     4.971
     4.461
     2.840
     5.345
     3.020
     4.977
     4.976
     4.612
     3.685
     2.963
     4.309
     4.582
     4.868
     5.462
     5.123
     5.121
     4.446
     5.027
     3.185
     5.256
     4.339
     4.307
     4.424
     4.703
     3.985
     5.022
     4.955
     4.150
     4.423
     4.312
     5.373
     4.785
     5.004
     3.834
     5.219
     4.783
     3.685
     5.017
     5.252
     4.518
     4.247
     4.969
     4.147
     5.090
     4.620
     5.352
     3.943
     4.328
     4.731
     4.479
     4.465
     4.651
     4.844
     4.642
     4.813
     2.373
     5.217
     5.247
     4.554
     4.160
     5.361
     4.621
     4.375
     4.014
     4.526
     5.011
     3.722
     3.906
     4.867
     5.264
     5.191
     4.450
     3.341
     4.226
     4.613
     4.240
     3.351
     4.472
     4.646
     4.300
     4.769
     4.261
     4.939
     3.256
     4.388
     4.964
     4.872
     4.735
     4.047
     3.765
     4.074
     4.114
     4.235
     4.145
     4.745
     4.726
     5.078
     3.806
     4.605
     3.666
     4.045
     3.780
     4.890
     4.803
     4.034
     4.556
     4.790
     3.733
     3.271
     5.075
     4.389
     4.599
     3.026
     3.604
     4.735
     4.252
     5.618
     4.827
     3.356
     4.021
     4.330
     4.965
     5.159
     4.333
     3.000
     5.080
     3.672
     4.478
     4.524
     4.341
     4.800
     4.930
     4.511
     5.232
     3.575
     4.666
     3.870
     5.234
     3.542
     5.303
     2.964
     3.979
     3.235
     4.550
     4.377
     4.756
     3.880
     4.668
     5.110
     4.461
     4.430
     4.981
     3.741
     3.457
     3.597
     4.430
     5.059
     4.022
     4.271
     4.523
     4.403
     4.962
     4.330
     4.432
     3.745
     4.774
     5.299
     4.752
     5.136
     4.052
     5.254
     5.143
     5.341
     3.708
     4.397
     5.073
     3.990
     4.790
     4.315
     4.295
     4.496
     3.914
     4.376
     4.811
     5.227
     4.525
     2.750
     4.800
     3.937
     3.314
     4.551
     5.071
     3.952
     3.944
     4.001
     4.953
     3.746
     4.995
     5.032
     4.970
     4.312
     5.003
     4.342
     2.806
     3.872
     5.045
     4.196
     4.240
     3.364
     4.353
     4.192
     4.229
     4.758
     4.867
     4.039
     5.278
     4.802
     4.777
     4.309
     4.877
     5.125
     4.827
     5.319
     3.987
     4.126
     4.549
     4.122
     5.082
     5.260
     4.341
     5.319
     4.784
     4.840
     3.919
     5.035
     5.314
     4.498
     5.069
     4.681
     4.390
     4.701
     4.889
     4.249
     5.328
     5.196
     4.734
     4.086
     5.002
     3.103
     3.593
     4.639
     4.265
     4.363
     5.031
     4.350
     5.174
     5.416
     4.895
     4.353
     4.265
     4.309
     5.069
     4.951
     5.017
     4.537
     4.581
     3.567
     3.914
     4.415
     4.836
     4.806
     4.900
     5.639
     4.391
     4.592
     3.877
     4.333
     4.571
     4.813
     4.692
     2.717
     4.731
     5.208
     4.993
     4.876
     3.932
     5.024
     5.303
     4.730
     4.980
     4.918
     4.915
     4.297
     4.473
     4.263
     5.034
     4.372
     4.922
     4.836
     4.134
     4.234
     4.293
     3.802
     5.235
     2.976
     4.227
     4.138
     4.882
     4.649
     4.590
     4.192
     5.163
     4.239
     5.222
     5.049
     4.004
     5.051
     5.016
     4.232
     3.577
     5.130
     4.129
     5.306
     4.497
     4.171
     5.006
     4.382
     5.346
     4.802
     4.475
     4.035
     4.421
     5.560
     5.322
     4.832
     4.842
     4.346
     2.594
     5.138
     4.984
     4.069
     4.291
     4.746
     2.819
     4.498
     4.980
     2.890
     4.279
     4.654
     3.900
     5.313
     4.331
     4.884
     4.316
     4.026
     4.444
     4.264
     4.971
     2.775
     4.292
     4.868
     5.198
     5.124
     5.187
     4.201
     4.724
     4.378
     4.403
     5.057
     5.081
     4.191
     4.345
     4.009
     4.755
     4.983
     4.497
     5.359
     4.565
     4.272
     5.348
     4.713
     4.073
     5.027
     4.851
     4.722
     4.726
     5.136
     4.684
     3.926
     5.081
     4.776
     4.633
     4.790
     4.807
     4.531
     4.992
     5.192
     4.478
     4.983
     4.438
     4.029
     4.134
     4.818
     3.954
     4.484
     5.007
     4.863
     5.019
     4.704
     4.683
     4.565
     3.924
     4.422
     3.874
     4.031
     4.875
     4.969
     5.004
     5.361
     3.436
     2.778
     5.066
     4.721
     4.299
     3.961
     4.713
     5.144
     5.123
     4.535
     2.960
     4.471
     5.349
     3.586
     3.897
     4.483
     4.481
     4.383
     4.418
     4.022
     5.284
     5.047
     3.651
     5.120
     4.733
     4.615
     3.733
     4.348
     4.049
     5.265
     3.708
     3.406
     3.944
     4.254
     3.931
     5.231
     5.058
     4.694
     3.394
     4.526
     4.052
     4.418
     4.556
     2.783
     5.316
     4.272
     4.031
     4.965
     4.978
     4.343
     5.458
     4.931
     3.597
     4.391
     4.687
     4.977
     4.902
     4.459
     4.355
     4.336
     4.368
     4.165
     4.489
     4.363
     4.047
     4.318
     5.209
     3.571
     4.710
     4.707
     4.598
     5.076
     5.082
     4.960
     4.953
     5.063
     4.496
     4.647
     4.378
     5.503
     5.200
     4.426
     4.359
     5.148
     4.893
     4.868
     3.989
     4.503
     4.859
     5.051
     4.291
     5.057
     4.459
     5.465
     4.072
     4.949
     4.081
     3.473
     3.851
     5.097
     4.376
     3.445
     5.031
     3.415
     4.286
     4.011
     4.608
     2.755
     5.190
     4.323
     4.331
     4.797
     4.966
     4.183
     4.402
     4.453
     5.204
     4.301
     5.020
     4.528
     3.785
     4.436
     4.280
     5.224
     4.377
     4.276
     3.390
     5.069
     5.317
     3.750
     4.977
     4.496
     4.654
     4.869
     4.889
     4.927
     5.277
     3.905
     3.897
     5.264
     3.962
     4.322
     4.068
     4.440
     4.277
     3.489
     4.384
     4.551
     4.663
     4.348
     4.547
     4.445
     4.464
     4.326
     2.996
     5.111
     4.567
     4.119
     4.307
     5.279
     4.211
     4.709
     4.833
     4.461
     4.682
     4.599
     4.172
     4.545
     4.327
     4.319
     4.948
     5.018
     4.988
     5.524
     4.840
     4.943
     4.333
     4.970
     2.774
     4.731
     4.946
     5.022
     5.236
     4.187
     4.850
     4.733
     4.382
     5.318
     3.619
     4.004
     5.107
     4.343
     4.940
     4.322
     4.844
     4.787
     4.354
     4.931
     4.508
     5.145
     4.154
     3.838
     4.650
     2.781
     4.367
     5.010
     4.865
     5.028
     4.186
     4.322
     4.342
     4.433
     4.502
     4.089
     4.815
     4.215
     5.015
     4.282
     4.275
     4.670
     4.458
     4.150
     4.441
     4.269
     3.962
     4.038
     5.107
     4.865
     4.453
     3.722
     4.605
     5.103
     5.085
     5.151
     2.670
     3.162
     4.133
     4.929
     4.272
     2.595
     3.990
     5.048
     4.956
     4.263
     5.271
     3.522
     4.927
     4.440
     4.745
     4.564
     4.199
     4.624
     4.658
     4.433
     4.680
     4.864
     5.384
     4.574
     4.837
     4.736
     3.817
     5.029
     4.801
     4.390
     4.323
     3.939
     5.184
     4.646
     4.684
     4.421
     4.392
     4.433
     4.631
     5.279
     5.015
     4.032
     3.279
     4.523
     5.015
     4.720
     4.581
     4.738
     4.980
     4.656
     4.855
     4.245
     4.339
     4.954
     5.173
     5.621
     4.547
     4.549
     4.716
     4.765
     5.059
     5.159
     4.454
     5.165
     3.702
     4.116
     2.798
     4.399
     4.959
     4.726
     4.266
     4.359
     4.208
     5.093
     4.256
     4.864
     3.986
     4.377
     3.174
     4.159
     5.290
     4.141
     4.989
     4.552
     5.183
     5.119
     4.950
     5.234
     3.521
     2.585
     4.717
     4.898
     4.957
     5.190
     4.687
     4.317
     4.884
     4.266
     4.930
     4.555
     3.828
     5.236
     4.981
     4.606
     4.418
     4.733
     4.403
     4.911
     5.067
     3.304
     4.240
     3.919
     4.649
     4.785
     2.339
     3.349
     5.010
     4.174
     4.818
     4.109
     5.201
     4.599
     4.879
     4.272
     4.735
     4.945
     4.393
     4.393
     4.292
     4.051
     4.280
     4.936
     5.176
     5.024
     5.347
     5.087
     4.382
     3.893
     3.128
     5.151
     4.953
     4.297
     5.160
     4.131
     4.812
     3.633
     3.842
     4.079
     4.300
     3.775
     4.590
     4.853
     4.363
     2.983
     4.276
     4.536
     4.419
     4.551
     4.521
     4.670
     4.460
     4.708
     5.219
     5.160
     5.123
     3.239
     5.554
     5.231
     4.202
     4.510
     4.762
     5.331
     4.259
     5.243
     3.910
     4.857
     4.835
     4.087
     4.929
     4.837
     4.482
     4.859
     5.024
     4.836
     5.066
     4.845
     3.668
     4.097
     4.821
     4.988
     3.875
     4.369
     4.835
     4.625
     4.695
     4.171
     5.335
     4.438
     4.612
     4.844
     4.719
     5.042
     4.754
     4.850
     4.610
     4.553
     4.538
     4.838
     4.838
     4.281
     5.088
     2.579
     5.002
     5.082
     2.951
     4.452
     4.323
     4.291
     5.417
     5.309
     4.741
     4.779
     4.894
     4.875
     4.628
     5.174
     4.131
     5.127
     4.177
     4.607
     4.847
     5.245
     4.558
     4.439
     4.462
     4.346
     4.721
     2.596
     4.982
     5.006
     4.434
     3.235
     4.488
     4.399
     4.736
     4.349
     4.343
     4.444
     4.348
     4.614
     4.968
     5.140
     4.214
     3.435
     3.833
     4.618
     4.730
     4.992
     4.490
     3.970
     4.974
     4.315
     3.994
     4.880
     5.555
     3.947
     4.572
     4.558
     4.601
     4.756
     5.321
     5.341
     5.037
     3.342
     4.871
     5.634
     4.582
     4.448
     4.449
     4.265
     4.285
     4.307
     5.148
     5.377
     4.413
     5.492
     3.244
     2.890
     4.716
     4.170
     4.812
     4.681
     4.652
     4.495
     4.898
     4.321
     3.565
     4.839
     4.542
     4.741
     4.807
     3.969
     4.663
     4.388
     4.543
     5.369
     4.457
     4.373
     5.149
     5.021
     5.144
     4.775
     4.745
     4.916
     4.278
     4.015
     4.346
     4.561
     3.686
     4.428
     4.687
     4.105
     4.744
     3.547
     4.265
     4.187
     4.766
     5.485
     4.349
     4.822
     4.729
     4.703
     4.955
     4.184
     5.345
     4.854
     4.890
     4.254
     4.656
     3.420
     3.856
     5.079
     4.458
     4.752
     4.753
     4.203
     4.939
     5.021
     4.674
     4.466
     4.386
     4.409
     4.194
     3.074
     4.927
     3.948
     4.848
     5.064
     3.720
     3.798
     4.598
     5.595
     5.140
     5.094
     4.969
     4.072
     3.295
     5.332
     5.216
     5.156
     4.597
     4.839
     4.210
     3.934
     4.560
     4.311
     5.067
     5.398
     3.698
     4.075
     4.658
     4.832
     4.304
     3.654
     2.782
     5.307
     4.502
     4.282
     4.564
     4.651
     4.360
     4.807
     4.930
     5.550
     4.648
     5.230
     5.261
     4.327
     4.281
     2.523
     4.408
     3.220
     4.153
     3.954
     4.322
     4.636
     4.650
     4.841
     5.002
     5.068
     4.407
     4.915
     4.290
     4.462
     4.331
     2.399
     4.662
     4.629
     5.150
     3.123
     4.335
     4.650
     4.261
     3.867
     4.487
     4.836
     4.883
     4.263
     5.260
     4.409
     4.059
     4.644
     4.905
     4.942
     4.628
     4.442
     4.074
     4.629
     4.222
     4.871
     4.349
     5.103
     3.817
     4.657
     5.419
     4.374
     3.134
     4.297
     5.300
     4.359
     4.256
     4.861
     4.382
     4.597
     5.029
     5.044
     4.697
     4.861
     4.860
     4.921
     4.222
     5.019
     4.398
     4.439
     4.433
     4.692
     3.909
     5.383
     4.241
     5.429
     4.548
     3.806
     4.862
     5.013
     5.105
     4.117
     4.882
     4.322
     4.937
     4.685
     4.619
     5.182
     5.117
     4.815
     4.210
     4.937
     3.927
     3.259
     4.279
     4.590
     4.564
     4.657
     5.001
     4.536
     5.182
     3.232
     2.738
     5.107
     4.275
     4.526
     5.017
     4.409
     4.760
     4.422
     4.288
     4.707
     5.096
     5.099
     3.539
     4.270
     4.699
     3.618
     5.380
     4.303
     4.686
     5.145
     4.991
     4.689
     4.126
     4.844
     4.230
     4.585
     5.110
     5.220
     4.347
     4.805
     4.300
     5.301
     4.160
     4.194
     4.922
     4.709
     4.725
     5.073
     5.325
     4.107
     4.124
     4.338
     4.296
     5.146
     3.026
     4.306
     4.955
     5.217
     4.878
     5.168
     4.156
     4.862
     4.798
     3.884
     5.072
     4.576
     5.279
     4.365
     5.020
     5.039
     2.652
     4.125
     3.880
     4.345
     4.977
     5.006
     4.943
     3.459
     4.980
     3.222
     5.576
     4.263
     5.557
     5.373
     3.886
     5.444
     3.947
     4.742
     4.679
     3.635
     5.120
     4.888
     4.430
     4.283
     4.806
     4.233
     5.031
     4.424
     4.730
     4.613
     4.381
     4.261
     5.078
     4.338
     4.488
     4.884
     4.091
     4.750
     4.728
     4.877
     4.553
     4.009
     3.288
     3.296
     4.150
     4.574
     4.538
     4.568
     3.746
     5.033
     4.232
     3.898
     4.871
     4.331
     2.722
     4.113
     2.803
     4.680
     5.327
     4.216
     4.755
     4.054
     4.311
     2.971
     3.739
     4.597
     4.290
     4.052
     4.986
     4.909
     4.964
     4.735
     4.762
     4.253
     5.528
     4.573
     4.141
     5.094
     4.455
     3.849
     4.309
     4.016
     4.409
     5.099
     4.331
     2.438
     4.127
     4.794
     4.084
     5.058
     4.711
     4.984
     4.782
     4.657
     4.866
     4.874
     5.035
     4.747
     5.105
     4.550
     4.504
     5.087
     5.153
     4.336
     4.963
     5.334
     3.288
     4.853
     5.187
     4.529
     4.397
     4.804
     5.535
     3.661
     4.274
     5.086
     4.958
     4.206
     4.512
     4.523
     4.152
     5.323
     5.137
     4.323
     4.588
     4.489
     5.326
     4.241
     4.635
     4.281
     4.505
     4.709
     4.736
     4.242
     4.252
     4.449
     4.495
     4.815
     4.876
     4.315
     4.299
     4.640
     4.622
     5.003
     4.072
     3.453
     4.933
     4.509
     5.359
     4.258
     3.652
     4.738
     4.920
     4.558
     4.308
     5.199
     4.946
     4.960
     3.504
     4.355
     4.394
     4.755
     4.651
     2.635
     4.721
     2.714
     4.447
     4.352
     3.686
     4.334
     4.528
     4.691
     4.419
     4.073
     4.772
     4.771
     3.030
     4.292
     2.375
     5.214
     4.889
     4.888
     4.903
     3.980
     4.202
     5.034
     4.935
     5.022
     4.326
     5.301
     5.039
     3.984
     4.469
     5.125
     5.049
     4.541
     4.750
     4.129
     5.301
     4.289
     2.975
     4.088
     5.223
     4.636
     4.084
     5.288
     4.502
     4.818
     4.600
     4.737
     4.089
     4.384
     3.199
     5.133
     5.038
     4.344
     4.599
     4.713
     5.346
     4.853
     5.579
     4.046
     3.332
     4.509
     4.851
     4.967
     4.278
     4.150
     4.186
     4.475
     4.410
     4.735
     4.048
     4.024
     4.107
     4.363
     3.317
     4.477
     4.198
     4.316
     4.376
     4.810
     4.899
     4.100
     5.193
     4.376
     4.793
     3.910
     4.749
     4.309
     3.588
     4.186
     4.569
     5.150
     3.864
     4.201
     3.491
     3.734
     4.133
     4.269
     5.328
     4.273
     4.711
     4.691
     4.929
     4.266
     4.219
     4.746
     3.944
     4.598
     4.452
     4.632
     4.628
     3.989
     4.497
     3.997
     4.888
     4.645
     4.574
     4.166
     4.124
     4.517
     4.571
     4.337
     5.101
     4.623
     4.943
     4.935
     4.611
     4.461
     4.896
     4.313
     4.257
     5.049
     4.607
     4.517
     4.734
     4.731
     4.212
     4.513
     4.293
     4.457
     4.296
     4.920
     3.951
     4.594
     4.525
     4.954
     3.244
     3.912
     4.319
     5.058
     4.304
     4.222
     4.153
     4.664
     5.281
     4.335
     4.083
     4.115
     4.339
     5.219
     4.947
     4.358
     4.445
     3.872
     5.576
     4.699
     5.305
     4.152
     4.407
     4.498
     4.443
     4.787
     4.862
     4.713
     4.561
     4.290
     5.116
     5.188
     4.045
     4.479
     4.411
     3.561
     4.538
     4.923
     5.239
     5.157
     3.950
     3.869
     4.209
     4.591
     4.366
     2.802
     4.311
     5.155
     4.842
     4.807
     4.778
     4.313
     4.838
     3.901
     2.912
     4.106
     3.090
     4.940
     4.044
     4.942
     5.520
     4.396
     4.471
     4.326
     5.345
     4.771
     4.862
     4.320
     4.564
     5.159
     4.150
     3.894
     4.318
     4.110
     5.111
     4.348
     3.102
     4.930
     4.691
     4.573
     4.359
     5.093
     4.630
     4.537
     4.745
     4.681
     4.836
     4.983
     3.344
     4.281
     2.877
     3.461
     3.843
     5.001
     4.407
     4.785
     4.396
     5.245
     5.040
     3.766
     4.072
     4.654
     3.854
     4.783
     4.106
     4.272
     2.674
     4.277
     4.275
     4.624
     4.278
     3.992
     4.959
     4.986
     4.797
     4.385
     4.492
     5.164
     4.934
     4.268
     4.875
     5.046
     4.344
     5.125
     2.938
     4.198
     5.165
     4.569
     4.166
     4.727
     5.122
     5.243
     4.323
     4.384
     4.973
     4.367
     4.350
     4.339
     4.226
     4.688
     4.878
     4.607
     5.269
     4.277
     3.156
     4.127
     2.871
     5.085
     4.503
     4.319
     4.723
     4.259
     4.720
     4.477
     4.272
     4.059
     4.766
     4.295
     4.610
     5.241
     4.036
     5.244
     4.893
     4.539
     4.467
     4.248
     4.526
     4.842
     4.463
     5.118
     5.048
     4.116
     4.391
     4.334
     5.071
     3.997
     5.200
     3.680
     4.561
     3.920
     4.624
     4.236
     5.006
     4.119
     4.943
     4.973
     4.321
     4.488
     4.704
     4.625
     5.073
     4.488
     4.083
     4.141
     4.612
     4.125
     5.143
     4.280
     5.534
     5.471
     3.884
     3.802
     4.825
     2.850
     4.897
     4.666
     5.306
     4.983
     3.605
     4.288
     4.513
     4.352
     4.835
     4.985
     3.848
     4.512
     4.560
     3.836
     4.739
     4.117
     5.133
     4.564
     5.002
     4.633
     5.306
     5.363
     4.282
     5.065
     4.464
     4.079
     4.898
     5.153
     4.241
     4.086
     4.286
     4.375
     4.099
     4.691
     4.996
     4.756
     5.024
     4.606
     4.320
     3.425
     5.346
     5.135
     5.306
     4.471
     4.904
     5.108
     4.333
     4.704
     4.413
     5.014
     2.941
     5.548
     4.391
     4.331
     4.357
     4.842
     4.270
     5.050
     3.995
     4.822
     3.653
     4.323
     4.353
     3.509
     4.866
     5.557
     2.565
     4.705
     4.519
     5.033
     4.996
     4.403
     5.042
     5.102
     4.379
     4.576
     4.604
     5.015
     4.746
     4.635
     4.769
     5.181
     5.285
     4.360
     5.326
     3.161
     4.530
     4.684
     3.818
     3.861
     4.548
     4.435
     4.544
     4.891
     4.556
     4.224
     4.820
     5.249
     4.942
     4.313
     3.000
     5.240
     4.337
     5.062
     4.904
     4.197
     2.941
     4.638
     4.178
     4.841
     4.984
     5.328
     2.750
     5.187
     4.844
     4.590
     4.803
     4.418
     4.198
     4.738
     3.962
     4.303
     4.150
     4.505
     4.901
     5.280
     3.674
     3.886
     4.085
     4.163
