     4.294
     4.211
     4.217
     4.198
     4.177
     4.144
     4.050
     3.966
     3.939
     3.944
     3.936
     3.988
     4.074
     4.121
     4.134
     4.133
     4.109
     4.084
     4.061
     4.049
     4.078
     4.168
     4.266
     4.334
     4.371
     4.380
     4.371
     4.371
     4.362
     4.318
     4.277
     4.204
     4.126
     4.041
     3.987
     3.916
     3.851
     3.782
     3.768
     3.787
     3.932
     4.034
     4.142
     4.252
     4.334
     4.481
     4.598
     4.691
     4.739
     4.735
     4.721
     4.698
     4.702
     4.679
     4.658
     4.620
     4.621
     4.606
     4.573
     4.542
     4.499
     4.486
     4.505
     4.540
     4.545
     4.563
     4.597
     4.622
     4.627
     4.601
     4.562
     4.531
     4.516
     4.486
     4.450
     4.475
     4.530
     4.632
     4.814
     4.982
     5.077
     5.079
     5.016
     4.959
     4.883
     4.796
     4.814
     4.823
     4.946
     5.060
     5.114
     5.153
     5.180
     5.190
     5.160
     5.157
     5.158
     5.169
     5.148
     5.108
     4.931
     4.781
     4.599
     4.489
     4.433
     4.427
     4.470
     4.629
     4.702
     4.798
     4.861
     4.918
     4.897
     4.796
     4.669
     4.585
     4.494
     4.498
     4.423
     4.482
     4.523
     4.574
     4.636
     4.672
     4.673
     4.585
     4.441
     4.276
     4.085
     3.920
     3.957
     4.148
     4.208
     4.193
     4.216
     4.207
     4.154
     4.103
     4.173
     4.255
     4.306
     4.362
     4.493
     4.625
     4.720
     4.780
     4.800
     4.752
     4.683
     4.673
     4.684
     4.656
     4.633
     4.559
     4.499
     4.528
     4.580
     4.629
     4.716
     4.766
     4.729
     4.572
     4.307
     3.975
     3.472
     3.152
     2.935
     2.966
     2.990
     3.008
     2.990
     3.032
     3.090
     3.127
     3.203
     3.290
     3.555
     3.667
     3.784
     4.029
     4.210
     4.507
     4.764
     5.058
     5.276
     5.367
     5.395
     5.409
     5.407
     5.411
     5.381
     5.349
     5.299
     5.244
     5.190
     5.123
     5.078
     5.052
     5.029
     4.993
     4.932
     4.870
     4.802
     4.739
     4.673
     4.599
     4.505
     4.375
     4.316
     4.379
     4.431
     4.431
     4.425
     4.450
     4.561
     4.700
     4.782
     4.825
     4.822
     4.809
     4.743
     4.539
     4.282
     3.826
     3.638
     3.988
     4.202
     4.429
     4.609
     4.755
     4.875
     4.988
     5.028
     5.056
     5.063
     5.068
     5.008
     4.961
     4.938
     4.872
     4.751
     4.596
     4.597
     4.711
     4.715
     4.709
     4.663
     4.609
     4.543
     4.497
     4.487
     4.497
     4.498
     4.476
     4.426
     4.390
     4.352
     4.291
     4.186
     4.087
     3.984
     3.920
     3.900
     3.934
     3.998
     4.055
     4.128
     4.197
     4.236
     4.259
     4.325
     4.346
     4.329
     4.296
     5.623
     3.614
     4.642
     4.974
     4.938
     4.388
     4.751
     4.138
     3.346
     4.549
     4.857
     4.714
     5.194
     4.438
     4.714
     4.417
     4.691
     5.049
     4.280
     4.509
     2.649
     4.287
     5.312
     4.523
     5.118
     4.936
     5.103
     4.245
     4.892
     5.184
     4.798
     4.596
     4.091
     4.385
     4.242
     2.815
     4.639
     4.284
     4.222
     4.585
     4.244
     2.618
     3.662
     4.291
     4.764
     4.779
     4.663
     4.463
     4.747
     4.938
     4.587
     4.143
     5.490
     5.070
     4.111
     5.240
     4.711
     5.109
     3.980
     4.720
     5.080
     4.791
     5.214
     5.250
     5.193
     2.999
     4.798
     5.204
     4.838
     4.417
     4.956
     2.358
     4.966
     4.595
     4.524
     5.190
     4.448
     4.846
     4.547
     4.630
     4.072
     4.262
     2.666
     4.213
     5.259
     3.992
     4.221
     5.714
     5.063
     3.071
     3.478
     4.556
     3.022
     4.511
     4.114
     4.452
     4.352
     4.003
     5.195
     4.868
     4.357
     4.789
     2.992
     4.688
     4.443
     4.038
     4.522
     4.344
     4.181
     4.571
     4.500
     4.641
     3.997
     5.254
     5.099
     5.110
     4.078
     4.276
     4.669
     5.182
     4.693
     4.504
     3.968
     4.089
     4.684
     4.195
     4.444
     4.676
     4.926
     4.464
     5.014
     4.835
     4.367
     4.254
     5.204
     3.787
     5.407
     4.870
     4.573
     3.782
     3.976
     5.174
     5.074
     3.564
     4.570
     4.940
     4.728
     4.068
     4.160
     4.299
     5.042
     3.387
     3.432
     4.291
     4.839
     3.567
     4.320
     4.292
     4.599
     5.096
     4.628
     4.395
     4.461
     4.531
     3.100
     5.168
     4.757
     5.203
     3.883
     5.093
     5.198
     4.620
     4.629
     4.925
     3.980
     3.415
     4.399
     4.040
     4.374
     4.159
     5.099
     4.457
     4.797
     4.829
     5.226
     4.303
     4.239
     4.264
     3.657
     2.975
     5.384
     4.354
     4.690
     5.232
     4.886
     4.858
     4.680
     4.842
     4.180
     4.661
     5.543
     5.126
     4.682
     5.380
     4.169
     4.060
     4.652
     5.258
     4.819
     4.872
     4.630
     5.475
     4.377
     4.688
     4.848
     4.211
     4.549
     4.114
     4.848
     3.067
     4.881
     4.433
     4.076
     5.112
     5.289
     3.325
     4.388
     4.234
     3.372
     2.956
     4.716
     3.058
     4.341
     5.121
     5.105
     4.646
     4.818
     5.146
     3.492
     3.046
     5.104
     5.166
     4.056
     5.129
     4.127
     4.110
     5.368
     4.523
     4.514
     4.579
     4.442
     4.393
     4.406
     4.245
     4.498
     5.044
     3.602
     4.334
     4.537
     5.143
     5.504
     4.598
     3.686
     4.640
     4.432
     4.151
     5.158
     5.020
     3.376
     4.183
     4.624
     5.357
     4.960
     5.041
     3.068
     3.297
     5.081
     5.029
     4.481
     4.408
     5.030
     4.382
     4.641
     4.244
     3.852
     4.705
     5.142
     4.932
     4.333
     4.330
     4.418
     4.577
     4.304
     5.118
     4.404
     4.180
     3.710
     4.578
     4.878
     4.671
     5.548
     4.670
     4.410
     4.647
     4.836
     5.043
     5.400
     5.215
     4.230
     4.722
     4.266
     5.722
     4.592
     5.112
     3.708
     4.178
     4.304
     4.458
     4.928
     4.351
     4.632
     4.847
     4.095
     4.270
     5.097
     4.843
     2.782
     4.280
     5.159
     3.399
     4.562
     4.587
     4.970
     4.167
     4.161
     4.230
     5.256
     5.286
     4.886
     4.842
     4.024
     4.118
     4.486
     4.347
     5.068
     4.622
     3.606
     4.278
     4.033
     4.183
     4.175
     5.016
     4.914
     4.984
     4.920
     4.190
     4.636
     4.697
     4.067
     5.313
     4.084
     3.791
     4.671
     4.198
     4.561
     5.204
     3.158
     4.927
     4.422
     4.751
     4.558
     4.379
     4.440
     3.688
     4.484
     4.975
     4.879
     4.187
     2.443
     5.167
     3.181
     3.982
     4.336
     4.939
     4.977
     4.585
     4.396
     4.399
     5.136
     4.752
     4.979
     4.422
     4.446
     5.297
     4.659
     4.384
     2.183
     4.705
     5.151
     5.214
     4.094
     4.713
     4.431
     4.184
     4.630
     3.350
     2.968
     4.232
     4.304
     4.000
     4.873
     4.623
     4.400
     5.247
     4.807
     4.995
     4.787
     3.006
     3.260
     4.834
     4.799
     3.517
     4.604
     4.746
     4.300
     4.932
     4.358
     4.370
     5.407
     4.516
     4.373
     4.551
     4.963
     4.942
     4.309
     4.096
     4.134
     4.247
     4.720
     5.237
     4.354
     4.383
     4.547
     4.784
     4.729
     4.012
     4.483
     4.826
     5.177
     3.649
     5.045
     4.113
     4.703
     4.720
     4.462
     4.460
     4.388
     4.609
     4.887
     3.510
     5.123
     3.595
     4.347
     3.521
     3.625
     4.484
     4.708
     4.901
     4.619
     4.555
     4.383
     4.341
     5.252
     5.051
     4.874
     4.196
     4.897
     5.137
     4.072
     4.271
     4.828
     3.384
     5.156
     4.619
     4.584
     4.120
     4.619
     4.189
     4.408
     5.344
     4.980
     4.948
     4.871
     3.827
     4.867
     4.552
     3.445
     4.290
     3.947
     4.377
     5.146
     5.121
     5.160
     3.972
     5.141
     5.158
     5.381
     4.583
     4.625
     3.861
     4.914
     4.721
     3.202
     4.539
     2.326
     4.689
     4.332
     4.699
     4.102
     4.237
     4.566
     3.626
     4.090
     4.515
     5.562
     4.247
     5.225
     3.765
     3.392
     4.286
     3.728
     4.707
     4.118
     4.183
     4.686
     4.481
     5.002
     4.921
     3.246
     5.328
     5.652
     4.874
     4.713
     3.113
     4.064
     4.356
     4.570
     4.579
     4.543
     4.255
     4.538
     5.127
     4.538
     4.792
     5.240
     4.184
     4.156
     5.320
     5.219
     4.171
     4.261
     4.560
     4.265
     4.601
     5.343
     4.524
     4.633
     4.954
     4.925
     2.551
     4.911
     2.663
     3.299
     4.732
     5.051
     4.257
     3.437
     4.330
     4.561
     4.728
     3.903
     5.019
     4.283
     4.568
     5.281
     5.182
     5.125
     4.289
     5.421
     4.544
     4.967
     4.119
     4.610
     4.286
     4.175
     5.080
     4.068
     4.820
     4.384
     5.239
     5.377
     4.204
     3.446
     5.003
     4.296
     2.822
     3.832
     4.592
     3.181
     4.515
     4.685
     4.117
     4.808
     4.637
     4.800
     4.207
     4.157
     4.093
     5.059
     3.189
     4.685
     5.244
     4.998
     4.125
     2.910
     4.580
     4.766
     4.249
     4.657
     3.944
     4.414
     4.391
     4.827
     4.567
     4.440
     4.313
     4.070
     5.453
     4.643
     4.332
     4.654
     4.677
     4.050
     4.007
     3.575
     5.548
     4.919
     4.409
     4.285
     4.775
     3.695
     5.148
     4.982
     5.370
     4.494
     4.510
     4.713
     4.587
     2.426
     5.146
     4.619
     4.513
     4.999
     4.982
     4.218
     5.253
     4.574
     4.472
     4.476
     4.936
     4.006
     5.209
     5.154
     5.118
     2.321
     4.976
     5.040
     4.758
     2.806
     4.560
     5.078
     4.595
     5.635
     5.380
     4.628
     4.716
     4.517
     4.000
     4.097
     4.764
     4.593
     4.734
     3.429
     4.936
     4.512
     5.430
     5.009
     5.106
     3.283
     4.543
     5.048
     4.627
     5.160
     4.784
     5.131
     4.929
     4.536
     4.847
     4.355
     5.257
     3.353
     4.666
     5.075
     5.209
     4.566
     4.538
     4.828
     5.026
     3.505
     4.066
     4.173
     4.100
     5.141
     3.495
     4.038
     5.136
     4.969
     5.326
     4.240
     5.188
     5.029
     5.049
     5.339
     4.363
     5.145
     4.661
     5.226
     4.542
     4.965
     5.073
     4.234
     4.415
     3.151
     5.020
     4.294
     4.209
     3.086
     5.019
     4.307
     4.247
     4.443
     3.957
     5.464
     4.474
     4.045
     5.149
     4.696
     4.501
     4.978
     4.562
     4.376
     4.195
     4.530
     4.461
     5.375
     4.864
     4.672
     4.531
     5.147
     3.578
     4.747
     5.125
     4.898
     4.545
     4.661
     4.217
     4.355
     4.583
     5.070
     5.243
     3.261
     5.408
     4.926
     4.465
     4.730
     4.790
     5.112
     4.717
     3.838
     4.950
     4.234
     2.332
     4.837
     3.996
     4.188
     4.794
     4.875
     3.416
     5.066
     5.681
     4.988
     4.533
     4.333
     5.060
     5.081
     4.478
     4.602
     4.181
     4.568
     3.404
     5.154
     4.114
     5.071
     4.495
     2.555
     4.283
     4.601
     4.686
     4.926
     4.986
     4.683
     5.428
     4.745
     2.225
     4.114
     4.506
     4.224
     4.959
     4.504
     4.241
     5.170
     4.168
     5.038
     4.709
     4.781
     3.908
     4.569
     5.417
     4.138
     4.759
     4.892
     4.328
     4.531
     4.766
     3.917
     5.726
     3.453
     4.470
     4.089
     4.590
     5.076
     2.679
     4.706
     5.478
     4.588
     5.041
     4.610
     5.107
     5.010
     4.577
     4.242
     4.119
     4.272
     5.325
     4.530
     4.080
     4.346
     4.275
     4.674
     4.539
     2.419
     5.168
     4.842
     4.462
     5.133
     4.487
     4.337
     3.978
     5.134
     3.875
     4.970
     4.073
     4.118
     4.442
     5.093
     4.578
     4.377
     4.097
     3.317
     4.141
     4.590
     5.291
     4.986
     5.229
     4.727
     3.091
     4.550
     4.242
     5.238
     4.284
     4.525
     4.442
     3.846
     4.270
     4.931
     4.678
     4.572
     4.532
     3.957
     4.229
     5.258
     4.851
     5.084
     3.913
     4.271
     4.012
     3.473
     4.697
     4.318
     4.618
     4.757
     4.705
     5.658
     4.340
     4.156
     4.249
     4.559
     3.140
     4.996
     5.081
     5.379
     4.623
     4.255
     2.664
     4.489
     4.332
     4.620
     4.132
     4.261
     4.976
     4.849
     4.239
     4.286
     4.550
     4.274
     5.041
     3.682
     4.051
     4.637
     5.141
     5.285
     4.729
     4.351
     4.378
     4.184
     4.709
     3.212
     4.801
     5.487
     4.295
     4.415
     4.560
     2.350
     4.385
     5.198
     4.159
     2.629
     4.630
     4.588
     4.962
     4.529
     5.051
     4.567
     4.672
     4.779
     5.119
     3.385
     3.094
     4.653
     4.677
     4.672
     3.986
     5.041
     4.983
     4.243
     3.098
     5.246
     3.543
     5.214
     4.085
     4.657
     5.224
     3.838
     4.417
     4.256
     4.623
     5.233
     4.748
     4.834
     5.027
     4.487
     4.152
     4.966
     4.392
     5.404
     4.714
     5.223
     2.436
     4.698
     4.236
     4.335
     4.495
     4.883
     4.190
     4.890
     4.521
     5.135
     4.540
     4.945
     4.450
     4.778
     4.424
     4.323
     5.708
     4.155
     4.538
     4.559
     4.701
     5.255
     4.390
     4.850
     5.020
     5.088
     5.126
     4.970
     4.325
     5.180
     4.837
     4.667
     4.645
     4.187
     3.528
     4.515
     4.844
     4.447
     4.417
     4.122
     4.542
     4.787
     4.692
     4.101
     3.207
     4.517
     4.541
     2.793
     5.014
     4.874
     4.805
     3.347
     4.464
     3.769
     5.242
     4.418
     5.185
     4.471
     4.337
     4.131
     4.601
     4.656
     4.836
     5.223
     4.390
     4.942
     5.181
     4.422
     4.456
     3.944
     5.194
     4.498
     4.849
     4.346
     5.357
     4.301
     4.687
     4.399
     5.126
     4.167
     4.267
     4.601
     2.805
     4.574
     4.241
     4.684
     3.693
     4.213
     5.191
     4.481
     4.662
     4.265
     3.993
     5.345
     4.498
     4.922
     3.423
     4.146
     5.065
     4.162
     5.076
     4.759
     4.021
     4.482
     4.495
     4.425
     4.283
     4.352
     3.293
     5.318
     2.603
     2.998
     5.051
     4.346
     3.704
     4.330
     4.455
     4.501
     4.734
     3.925
     4.107
     4.175
     4.522
     4.925
     4.118
     5.127
     4.802
     4.679
     4.150
     4.211
     4.126
     4.509
     4.038
     5.129
     4.471
     4.824
     4.084
     4.061
     5.174
     4.539
     4.128
     4.502
     4.223
     4.198
     4.548
     5.094
     5.078
     4.576
     5.132
     4.504
     4.121
     5.287
     4.639
     3.507
     4.190
     4.050
     2.505
     5.103
     5.062
     4.665
     3.820
     4.719
     4.652
     4.318
     3.396
     4.421
     5.620
     4.307
     5.134
     4.259
     4.579
     4.260
     4.719
     5.037
     4.654
     2.362
     4.072
     4.080
     3.372
     4.672
     5.144
     4.457
     3.725
     4.589
     4.724
     4.264
     4.705
     4.324
     4.303
     4.702
     3.691
     4.963
     3.626
     4.217
     5.155
     4.964
     4.573
     4.432
     4.248
     4.706
     4.708
     4.554
     4.508
     4.723
     4.890
     4.719
     3.616
     4.198
     4.550
     4.984
     4.956
     4.284
     5.372
     4.852
     5.314
     4.906
     5.147
     4.703
     4.193
     5.117
     4.741
     5.072
     4.301
     4.712
     4.122
     4.794
     3.183
     4.612
     4.481
     4.863
     4.219
     4.816
     4.193
     4.609
     4.527
     3.162
     4.086
     4.090
     4.056
     4.689
     4.100
     4.658
     4.379
     3.554
     2.297
     5.262
     4.885
     4.862
     4.195
     4.180
     5.527
     4.479
     4.641
     5.133
     4.475
     4.504
     4.493
     4.823
     4.582
     5.561
     4.525
     5.024
     4.988
     4.046
     4.845
     4.277
     5.067
     4.570
     4.184
     4.430
     4.695
     3.107
     4.567
     4.791
     3.675
     5.104
     4.571
     4.506
     4.414
     5.189
     5.164
     3.733
     4.431
     4.767
     4.666
     4.508
     5.494
     4.531
     4.964
     4.980
     5.241
     4.883
     5.083
     4.997
     5.309
     4.401
     3.633
     5.036
     5.218
     2.379
     4.978
     4.282
     5.201
     5.072
     4.211
     4.224
     4.268
     5.407
     4.229
     5.337
     4.154
     4.737
     3.263
     5.279
     4.506
     2.372
     4.543
     4.234
     4.261
     4.630
     4.438
     3.920
     4.986
     4.629
     4.371
     4.948
     5.257
     4.374
     4.370
     4.854
     4.619
     4.259
     3.380
     4.613
     4.110
     4.199
     4.850
     4.894
     4.791
     4.282
     3.570
     2.474
     4.072
     4.028
     5.155
     4.315
     3.381
     5.040
     4.227
     3.832
     4.101
     4.235
     2.773
     2.850
     4.925
     4.615
     4.272
     3.936
     4.379
     5.192
     4.136
     3.309
     4.865
     4.998
     4.931
     4.157
     4.701
     4.030
     3.989
     4.356
     3.297
     4.234
     5.207
     4.463
     4.186
     5.084
     4.174
     4.729
     4.704
     5.084
     4.483
     4.870
     4.940
     4.719
     4.225
     4.576
     5.328
     4.427
     3.176
     3.035
     4.071
     3.233
     5.037
     5.375
     3.151
     4.466
     4.719
     4.596
     4.606
     5.090
     4.760
     4.732
     4.132
     4.225
     3.012
     4.285
     5.026
     4.683
     3.677
     4.987
     4.040
     5.026
     3.576
     4.996
     4.700
     4.588
     4.892
     3.319
     5.435
     4.767
     4.069
     5.393
     5.086
     3.290
     2.810
     3.136
     4.538
     4.693
     4.295
     4.061
     2.525
     4.843
     2.747
     4.604
     4.222
     4.582
     4.678
     4.796
     5.030
     4.554
     4.619
     4.360
     5.007
     4.751
     4.102
     4.775
     3.446
     5.317
     4.125
     4.606
     4.386
     4.140
     4.526
     4.672
     4.407
     3.539
     4.776
     3.983
     4.780
     4.392
     5.483
     4.478
     4.152
     4.933
     4.877
     4.296
     4.478
     4.831
     4.452
     4.003
     4.283
     5.093
     4.951
     4.525
     4.523
     4.122
     4.450
     4.868
     4.647
     4.992
     4.127
     4.366
     5.091
     4.730
     4.884
     4.584
     4.449
     4.721
     4.335
     4.161
     3.926
     4.217
     4.771
     4.602
     4.657
     4.477
     4.693
     2.680
     4.196
     4.717
     5.105
     4.828
     4.646
     5.271
     4.485
     4.412
     4.364
     4.609
     5.300
     4.454
     4.205
     5.269
     5.192
     5.204
     5.133
     4.758
     4.836
     5.051
     4.430
     3.850
     2.857
     5.403
     5.174
     4.271
     4.829
     4.573
     4.002
     5.140
     4.856
     4.609
     5.251
     4.371
     4.677
     4.321
     3.706
     4.997
     5.043
     3.488
     5.117
     4.361
     2.476
     4.507
     4.868
     4.759
     3.565
     4.376
     5.073
     3.484
     5.231
     4.193
     4.909
     4.127
     4.113
     5.159
     4.327
     5.095
     4.607
     4.539
     4.091
     4.628
     4.424
     4.116
     4.825
     5.170
     5.417
     4.130
     3.970
     4.653
     4.295
     3.541
     4.922
     4.973
     4.844
     3.791
     4.654
     3.320
     4.518
     3.210
     5.193
     4.606
     4.136
     3.823
     4.475
     4.197
     4.552
     4.003
     4.935
     4.306
     4.493
     3.977
     4.704
     4.708
     4.293
     4.292
     4.379
     5.061
     4.852
     4.707
     4.924
     3.310
     4.580
     4.148
     4.703
     4.616
     4.458
     3.433
     4.619
     5.310
     5.239
     5.195
     5.018
     3.768
     5.102
     4.924
     4.250
     5.175
     4.297
     5.315
     4.752
     4.618
     4.503
     4.151
     4.075
     3.682
     4.833
     2.504
     3.596
     4.943
     4.701
     5.035
     4.886
     4.664
     4.327
     5.155
     5.029
     4.406
     4.039
     4.542
     4.181
     4.603
     4.682
     4.607
     4.509
     4.825
     4.286
     4.409
     5.696
     3.139
     2.408
     4.961
     4.355
     4.463
     4.323
     4.155
     4.440
     4.275
     3.787
     5.099
     5.116
     4.262
     5.250
     4.804
     5.079
     4.164
     3.245
     4.562
     4.953
     4.264
     4.951
     5.651
     4.487
     4.420
     3.230
     4.383
     5.344
     5.072
     4.335
     4.480
     4.052
     4.958
     4.173
     4.605
     4.255
     4.968
     4.666
     5.286
     5.133
     4.260
     4.640
     4.195
     5.508
     4.602
     2.842
     4.477
     4.280
     4.556
     3.086
     3.322
     4.812
     4.851
     4.287
     4.539
     4.246
     4.501
     5.138
     3.495
     4.089
     4.833
     3.973
     4.681
     4.494
     4.875
     5.017
     4.723
     4.788
     4.125
     4.715
     2.953
     4.605
     3.234
     4.574
     3.733
     5.097
     4.164
     4.433
     4.506
     4.811
     5.348
     4.616
     3.620
     4.808
     3.750
     3.983
     3.946
     4.493
     4.774
     4.204
     3.968
     4.467
     5.290
     5.155
     5.059
     5.316
     4.518
     3.792
     4.406
     4.479
     4.762
     5.143
     4.516
     3.072
     4.567
     5.332
     4.599
     4.703
     3.932
     4.427
     4.414
     3.927
     4.846
     5.421
     4.890
     5.048
     4.806
     4.555
     4.577
     5.000
     4.429
     4.311
     4.152
     4.441
     4.935
     3.949
     4.366
     4.532
     5.261
     5.167
     5.041
     4.716
     2.938
     4.493
     4.364
     5.128
     5.232
     4.414
     4.591
     4.868
     4.379
     4.124
     4.983
     4.635
     3.393
     4.727
     2.981
     3.811
     5.146
     4.577
     5.647
     4.595
     5.111
     4.848
     4.918
     4.770
     4.126
     5.184
     4.908
     4.815
     4.962
     4.225
     4.123
     4.069
     3.266
     4.051
     4.050
     4.798
     4.124
     4.670
     4.882
     5.208
     4.673
     4.601
     4.581
     4.641
     4.848
     4.297
     4.160
     5.537
     5.436
     4.614
     4.678
     5.256
     4.265
     4.261
     4.460
     4.650
     4.599
     4.552
     4.534
     4.586
     4.640
     4.642
     5.196
     4.628
     5.103
     2.330
     4.301
     4.659
     5.011
     4.438
     4.441
     3.919
     4.252
     4.522
     4.359
     2.850
     4.626
     4.995
     4.258
     4.386
     4.062
     4.808
     3.286
     2.720
     5.178
     5.331
     5.287
     4.722
     5.021
     3.700
     4.090
     4.082
     4.211
     5.440
     3.888
     4.210
     4.181
     3.820
     4.592
     4.682
     4.889
     4.575
     4.534
     4.401
     4.398
     4.327
     4.916
     4.704
     4.185
     4.770
     4.936
     4.012
     4.204
     3.497
     2.931
     4.258
     4.698
     5.109
     4.970
     4.201
     4.217
     5.020
     5.023
     4.394
     3.172
     3.483
     4.182
     3.802
     4.098
     5.139
     4.129
     4.363
     5.261
     4.082
     3.261
     3.612
     5.071
     4.344
     5.252
     4.692
     2.418
     4.309
     4.397
     5.044
     4.591
     4.758
     3.858
     4.112
     5.197
     3.920
     5.389
     4.686
     5.544
     4.724
     4.474
     2.223
     4.621
     4.728
     4.544
     3.203
     5.283
     4.710
     4.750
     5.212
     4.980
     4.822
     4.047
     5.535
     4.176
     5.153
     4.466
     4.688
     4.544
     4.895
     4.926
     4.080
     4.422
     5.108
     3.070
     5.483
     4.541
     5.197
     4.513
     4.484
     4.153
     4.104
     4.964
     4.458
     5.253
     4.921
     4.418
     5.032
     4.920
     5.098
     5.205
     4.157
     2.830
     3.951
     4.678
     4.682
     5.742
     4.924
     4.610
     5.466
     5.011
     4.653
     4.504
     4.741
     5.126
     4.907
     4.768
     5.222
     5.130
     4.264
     4.576
     5.125
     4.859
     4.161
     5.120
     4.928
     4.634
     4.353
     4.501
     2.366
     2.385
     5.118
     5.053
     5.673
     4.231
     4.601
     3.123
     4.332
     4.350
     4.571
     5.191
     4.154
     4.405
     4.300
     5.106
     4.606
     5.108
     4.465
     5.293
     4.735
     3.343
     5.102
     4.732
     5.268
     5.120
     4.989
     5.170
     4.434
     4.956
     4.881
     5.069
     5.393
     4.487
     5.061
     4.828
     5.130
     3.327
     4.254
     4.796
     4.601
     4.654
     4.050
     4.775
     4.366
     4.574
     5.127
     5.021
     5.477
     4.671
     4.801
     4.569
     4.486
     5.326
     4.318
     5.310
     4.670
     5.072
     4.546
     4.398
     5.097
     4.634
     4.871
     4.491
     5.017
     4.945
     4.481
     4.624
     4.348
     4.353
     4.924
     5.089
     3.209
     4.209
     4.499
     4.996
     5.008
     3.956
     4.620
     5.277
     5.364
     4.549
     4.366
     5.330
     5.236
     4.249
     4.385
     4.275
     4.549
     4.506
     4.253
     4.312
     3.135
     5.105
     5.299
     4.449
     4.978
     5.052
     5.098
     4.300
     3.942
     4.651
     4.464
     3.547
     5.134
     4.581
     5.134
     4.381
     5.135
     5.204
     4.773
     5.165
     4.677
     4.468
     4.684
     3.335
     5.155
     4.494
     4.985
     3.462
     4.505
     4.861
     4.533
     5.452
     3.429
     4.383
     4.365
     4.216
     3.472
     4.616
     5.125
     5.212
     5.405
     4.757
     4.693
     4.341
     4.546
     5.002
     4.742
     5.127
     2.237
     4.029
     4.954
     5.134
     2.840
     4.194
     5.053
     5.335
     5.403
     5.289
     4.237
     5.195
     4.194
     4.538
     4.718
     4.468
     4.816
     4.952
     5.031
     5.170
     4.217
     5.159
     4.207
     4.780
     3.594
     4.523
     3.908
     5.059
     3.420
     5.018
     3.870
     4.901
     5.071
     4.943
     4.449
     4.317
     4.128
     4.453
     4.437
     5.082
     4.179
     4.786
     4.729
     4.057
     4.017
     4.255
     4.060
     4.677
     3.365
     4.041
     4.239
     4.653
     4.599
     4.747
     4.645
     4.683
     4.689
     4.936
     4.648
     4.503
     4.504
     5.160
     4.665
     4.478
     4.595
     4.490
     2.565
     3.760
     4.150
     2.947
     4.570
     5.079
     4.777
     3.997
     4.876
     4.265
     4.526
     5.229
     4.084
     5.197
     4.607
     4.600
     3.407
     4.448
     3.820
     5.005
     3.187
     5.035
     5.032
     4.526
     3.286
     4.212
     4.560
     4.403
     4.499
     4.594
     3.971
     4.178
     5.234
     5.081
     4.731
     3.299
     4.824
     4.190
     4.607
     5.365
     3.832
     4.268
     4.527
     4.150
     4.672
     4.319
     4.061
     4.768
     4.640
     4.329
     4.387
     4.526
     5.277
     4.490
     4.199
     3.747
     4.332
     5.222
     5.265
     4.663
     4.137
     4.801
     4.469
     5.294
     4.617
     4.559
     5.375
     4.577
     5.052
     4.454
     4.299
     4.086
     4.010
     4.711
     4.676
     4.687
     5.216
     3.688
     4.934
     2.560
     4.411
     2.988
     5.060
     4.196
     5.027
     4.087
     4.990
     4.760
     2.556
     4.395
     3.846
     3.635
     4.685
     4.328
     4.369
     4.097
     4.786
     2.062
     5.037
     4.221
     4.075
     4.759
     4.722
     5.167
     5.170
     4.087
     3.261
     4.223
     5.046
     5.002
     5.357
     4.241
     4.688
     4.831
     4.457
     4.188
     4.240
     4.936
     3.452
     4.932
     5.616
     5.120
     4.775
     5.634
     4.485
     4.658
     4.636
     4.766
     4.616
     4.167
     5.199
     4.090
     4.853
     4.245
     5.097
     4.430
     4.947
     3.917
     4.670
     5.131
     4.157
     4.390
     4.280
     4.523
     3.542
     4.366
     5.323
     4.493
     3.097
     4.432
     5.184
     5.114
     4.508
     4.481
     4.313
     4.477
     5.037
     4.953
     5.147
     4.465
     3.641
     4.796
     4.169
     4.729
     2.793
     4.901
     3.339
     4.160
     4.494
     3.969
     4.899
     4.576
     4.257
     4.830
     4.835
     4.539
     4.632
     4.569
     4.203
     2.920
     4.155
     5.049
     4.641
     4.535
     4.353
     3.959
     4.721
     4.153
     5.205
     4.724
     4.948
     4.560
     5.140
     4.512
     4.711
     4.923
     4.357
     5.318
     5.041
     4.316
     5.034
     4.302
     4.616
     4.222
     4.004
     5.069
     4.937
     5.400
     4.122
     4.318
     4.126
     5.031
     4.716
     5.447
     4.208
     4.712
     5.246
     4.986
     5.229
     2.904
     3.600
     5.343
     4.289
     4.273
     5.148
     4.699
     4.393
     5.036
     4.718
     4.408
     4.652
     4.720
     4.247
     4.755
     4.439
     4.165
     4.917
     4.140
     5.021
     4.245
     4.384
     5.078
     4.108
     4.360
     4.561
     5.370
     5.102
     4.461
     3.069
     3.271
     5.156
     3.864
     4.805
     4.761
     4.610
     4.871
     4.632
     4.981
     4.002
     4.374
     2.809
     4.290
     4.863
     5.280
     4.190
     3.756
     4.541
     5.393
     4.331
     3.516
     4.999
     4.880
     4.230
     4.437
     4.126
     4.473
     4.097
     4.096
     3.067
     5.044
     3.808
     3.884
     2.971
     4.622
     4.449
     5.184
     5.537
     5.071
     5.263
     5.295
     4.917
     4.415
     4.785
     5.151
     4.569
     4.605
     4.061
     4.772
     4.238
     3.363
     4.567
     3.796
     5.098
     4.504
     4.297
     4.862
     5.072
     5.087
     5.468
     4.500
     4.870
     4.231
     4.291
     4.303
     2.857
     5.158
     3.964
     4.796
     3.996
     2.616
     4.542
     4.151
     4.693
     4.497
     4.941
     4.725
     4.873
     4.410
     4.897
     4.477
     4.776
     4.745
     4.404
     3.981
     3.925
     4.010
     5.105
     4.955
     4.728
     4.727
     4.712
     4.720
     4.630
     4.611
     4.103
     4.640
     5.155
     4.395
     4.569
     4.276
     2.193
     4.802
     4.278
     4.313
     5.118
     4.575
     4.294
     4.722
     4.929
     4.801
     4.949
     3.683
     4.932
     4.534
     5.312
     2.680
     4.289
     4.397
     4.130
     5.402
     4.929
     4.154
     5.140
     3.494
     4.557
     3.815
     5.125
     4.248
     4.589
     4.385
     5.330
     4.581
     4.402
     5.367
     4.157
     4.687
     5.153
     5.207
     4.473
     3.140
     4.799
     5.066
     4.650
     4.431
     4.328
     5.018
     4.675
     4.173
     3.685
     5.028
     3.328
     4.178
     4.853
     4.941
     4.453
     4.354
     4.508
     4.705
     4.607
     4.388
     4.274
     4.383
     5.519
     4.604
     5.121
     4.839
     2.657
     2.823
     4.409
     5.002
     4.448
     4.131
     4.513
     5.742
     4.491
     4.525
     4.079
     4.350
     4.723
     2.453
     4.294
     4.162
     4.015
     5.123
     4.256
     5.181
     3.721
     3.935
     5.157
     4.614
     4.036
     4.946
     4.822
     4.282
     4.508
     4.210
     4.536
     5.088
     4.990
     4.785
     4.994
     4.506
     4.262
     3.035
     5.407
     4.338
     4.400
     4.637
     5.357
     4.597
     4.271
     4.381
     3.906
     3.538
     4.458
     4.489
     5.293
     4.505
     4.449
     5.405
     3.856
     4.058
     4.659
     4.425
     4.106
     5.122
     4.560
     3.514
     5.204
     4.821
     5.587
     4.896
     3.988
     4.053
     5.417
     5.225
     5.181
     4.490
     5.033
     4.436
     4.492
     3.216
     4.534
     3.975
     4.125
     4.891
     5.174
     3.921
     4.871
     4.755
     4.905
     3.760
     3.745
     4.133
     5.049
     2.795
     4.307
     3.434
     3.087
     5.403
     5.047
     4.706
     5.271
     4.320
     4.355
     2.606
     4.768
     4.592
     5.713
     5.092
     5.232
     4.299
     4.252
     4.499
     4.463
     5.123
     3.165
     3.125
     4.689
     4.492
     4.870
     5.045
     4.086
     4.664
     4.378
     4.242
     4.128
     2.695
     4.041
     4.797
     4.184
     4.918
     5.140
     5.101
     4.745
     4.795
     4.352
     5.154
     5.201
     4.592
     4.451
     3.960
     4.171
     5.011
     5.189
     3.657
     4.268
     4.301
     5.151
     5.685
     4.881
     4.383
     5.238
     4.987
     4.540
     4.493
     4.476
     4.586
     4.480
     4.612
     4.628
     4.059
     5.132
     5.514
     5.205
     5.292
     4.352
     5.115
     5.049
     3.973
     4.584
     4.656
     4.160
     5.224
     5.049
     4.929
     4.131
     4.524
     4.254
     4.239
     3.865
     4.288
     4.600
     3.038
     4.086
     3.699
     5.177
     5.140
     4.594
     4.221
     5.139
     4.418
     3.816
     4.477
     4.969
     5.113
     5.102
     4.475
     5.095
     4.063
     4.853
     4.980
     4.429
     4.989
     4.558
     5.041
     4.229
     4.377
     4.965
     4.584
     5.249
     3.439
     4.604
     4.740
     4.670
     5.132
     4.341
     4.504
     4.284
     5.104
     4.034
     4.438
     3.532
     4.436
     4.660
     4.610
     3.284
     4.210
     4.199
     4.669
     4.008
     3.616
     3.677
     5.230
     5.245
     4.679
     4.876
     5.313
     4.481
     3.336
     4.170
     4.808
     4.961
     4.250
     4.899
     4.877
     4.558
     4.181
     5.426
     4.802
     5.553
     4.723
     3.278
     4.024
     3.136
     3.435
     4.340
     4.837
     4.680
     5.289
     3.195
     4.868
     4.231
     5.436
     4.625
     4.738
     4.992
     4.391
     5.108
     4.752
     4.895
     4.550
     4.093
     5.304
     3.702
     5.597
     5.113
     4.228
     5.043
     4.460
     5.077
     4.279
     4.256
     4.404
     4.603
     4.162
     3.073
     2.806
     2.964
     5.262
     4.829
     5.360
     5.196
     4.597
     4.580
     4.513
     4.544
     4.636
     4.212
     4.567
     4.919
     4.057
     4.671
     3.408
     4.103
     4.554
     5.383
     4.649
     3.102
     5.031
     3.911
     5.055
     4.580
     4.622
     4.784
     4.721
     5.166
     4.261
     4.874
     5.077
     4.389
     4.929
     4.415
     5.368
     3.556
     5.303
     5.318
     4.524
     4.645
     4.626
     5.059
     4.707
     4.651
     4.683
     4.738
     4.232
     4.019
     4.176
     4.509
     4.813
     4.099
     4.122
     2.656
     4.371
     5.162
     4.762
     4.556
     4.334
     4.902
     4.532
     4.219
     4.608
     5.115
     4.555
     5.223
     4.044
     4.189
     5.201
     5.241
     4.166
     4.753
     4.235
     5.007
     4.545
     3.608
     4.424
     4.864
     5.049
     4.438
     4.091
     4.779
     5.053
     4.716
     4.687
     4.442
     4.805
     4.681
     4.372
     3.454
     5.379
     4.418
     3.794
     4.540
     4.691
     4.617
     5.114
     4.043
     4.284
     2.525
     4.377
     4.784
     5.404
     4.669
     4.412
     4.505
     5.303
     5.113
     4.483
     4.983
     4.712
     2.733
     3.662
     4.869
     4.264
     5.414
     4.813
     4.455
     5.241
     5.088
     4.664
     5.168
     4.380
     4.264
     5.204
     4.733
     4.107
     5.285
     2.818
     4.393
     4.525
     4.331
     3.554
     3.856
     4.335
     4.313
     4.473
     4.579
     5.250
     4.660
     2.135
     4.241
     4.847
     4.814
     4.939
     4.547
     3.943
     5.071
     3.313
     4.405
     2.769
     5.212
     5.025
     5.353
     4.171
     4.564
     4.111
     4.974
     4.534
     5.182
     4.685
     4.869
     5.720
     5.029
     4.953
     4.789
     4.931
     5.261
     4.573
     4.655
     2.558
     4.678
     2.845
     4.471
     4.450
     5.206
     4.799
     5.322
     3.712
     4.514
     3.518
     4.549
     4.761
     5.207
     4.513
     4.584
     4.155
     4.886
     4.903
     3.531
     4.117
     4.517
     4.599
     2.764
     3.233
     4.351
     4.606
     4.473
     4.938
     4.679
     4.075
     4.395
     4.387
     4.457
     4.827
     4.238
     4.399
     5.045
     4.738
     4.108
     4.788
     4.410
     4.702
     5.059
     5.022
     4.969
     4.205
     4.820
     4.816
     4.687
     3.319
     5.052
     4.864
     4.430
     4.222
     4.259
     4.104
     4.433
     4.894
     4.328
     4.643
     4.097
     4.544
     4.217
     4.112
     2.298
     3.979
     4.471
     3.821
     4.098
     4.220
     4.874
     4.427
     4.671
     4.292
     4.293
     5.078
     3.901
     4.278
     4.586
     5.079
     3.826
     4.169
     3.378
     4.397
     5.227
     4.473
     4.215
     4.902
     4.058
     4.243
     3.715
     5.241
     4.293
     5.678
     4.055
     3.965
     4.908
     5.571
     3.785
     5.696
     4.198
     4.509
     4.407
     4.740
     4.510
     4.176
     5.231
     5.039
     4.330
     4.468
     4.769
     4.176
     4.179
     3.235
     5.337
     4.936
     3.614
     4.349
     4.483
     4.191
     4.719
     4.991
     5.165
     4.365
     4.760
     2.868
     4.871
     5.013
     4.149
     3.614
     3.959
     4.709
     3.359
     4.865
     2.274
     4.240
     2.708
     4.524
     4.191
     2.435
     4.203
     4.281
     2.869
     4.194
     5.107
     5.205
     4.650
     4.271
     5.068
     4.506
     5.072
     4.757
     4.569
     4.750
     4.433
     4.393
     5.056
     3.621
     5.643
     4.631
     4.095
     5.028
     4.956
     5.152
     4.181
     4.518
     4.696
     4.833
     4.765
     4.908
     4.592
     4.384
     5.062
     4.468
     2.625
     4.765
     5.043
     4.846
     5.004
     4.161
     4.157
     4.098
     4.506
     4.379
     5.211
     4.311
     4.587
     4.393
     4.736
     4.749
     4.268
     4.569
     3.752
     4.371
     4.237
     4.449
     5.142
     4.100
     5.056
     4.348
     4.332
     4.713
     4.427
     4.446
     4.611
     4.350
     5.029
     4.284
     4.684
     4.050
     4.409
     3.520
     4.911
     4.700
     4.853
     4.548
     4.190
     4.300
     4.694
     3.584
     5.049
     4.846
     3.914
     4.662
     5.116
     4.251
     5.378
     4.583
     5.534
     5.404
     4.255
     4.292
     3.489
     4.361
     4.459
     4.608
     5.448
     3.994
     4.324
     2.796
     4.932
     5.340
     4.714
     4.233
     4.156
     4.825
     4.751
     5.218
     3.502
     4.959
     3.940
     4.510
     2.894
     3.789
     4.181
     4.527
     4.015
     4.488
     4.715
     5.147
     4.550
     4.489
     4.672
     4.114
     5.223
     5.028
     4.056
     4.933
     4.798
     4.394
     5.148
     4.513
     4.691
     5.126
     4.747
     5.467
     5.185
     5.125
     4.475
     3.308
     5.177
     3.110
     3.546
     4.550
     5.149
     4.049
     5.031
     4.446
     4.955
     4.524
     4.496
     4.464
     5.092
     3.139
     4.118
     5.098
     5.009
     4.259
     4.131
     2.626
     4.535
     4.263
     4.114
     4.199
     5.166
     5.061
     4.516
     4.822
     5.507
     4.980
     5.469
     4.279
     4.210
     4.386
     4.254
     4.617
     5.139
     4.714
     4.679
     2.220
     4.108
     4.580
     4.618
     3.872
     4.733
     5.115
     3.100
     5.163
     4.989
     5.574
     4.461
     4.763
     3.896
     4.222
     4.392
     2.898
     5.042
     4.696
     4.111
     4.088
     4.967
     4.174
     4.185
     4.275
     4.481
     4.692
     4.491
     3.558
     4.333
     4.891
     4.262
     4.908
     4.359
     5.194
     4.825
     4.260
     4.957
     4.097
     5.668
     3.492
     4.166
     5.170
     4.752
     4.808
     4.999
     5.076
     4.202
     3.819
     4.212
     4.079
     4.614
     5.201
     4.270
     5.165
     3.827
     4.564
     4.850
     5.171
     4.768
     4.612
     4.376
     4.460
     4.872
     4.560
     4.595
     4.655
     3.677
     4.066
     4.235
     3.898
     4.504
     4.646
     4.599
     4.371
     4.640
     4.705
     4.573
     4.761
     4.970
     5.197
     4.626
     4.853
     5.170
     4.457
     4.768
     4.861
     5.162
     4.607
     4.518
     4.610
     4.685
     4.385
     3.088
     4.488
     4.665
     3.456
     4.338
     3.949
     4.790
     5.012
     2.544
     4.332
     4.747
     3.725
     4.503
     5.043
     4.645
     4.811
     4.792
     4.439
     4.866
     5.108
     4.294
     4.519
     4.641
     4.403
     4.655
     4.093
     4.520
     4.821
     4.563
     5.377
     5.021
     4.282
     4.777
     4.401
     5.733
     4.031
     4.083
     4.509
     4.717
     5.176
     4.798
     4.080
     2.445
     4.755
     4.364
     4.874
     4.385
     4.653
     3.767
     4.078
     4.144
     4.376
     4.307
     4.496
     4.630
     4.533
     5.226
     4.710
     4.317
     4.355
     4.782
     4.565
     4.512
     4.460
     3.889
     3.509
     5.112
     4.494
     3.383
     4.893
     3.664
     4.114
     4.099
     4.363
     3.941
     4.088
     4.844
     4.316
     4.902
     4.911
     4.329
     3.227
     5.112
     4.650
     3.568
     4.172
     4.597
     4.277
     4.635
     5.061
     4.638
     4.093
     5.027
     4.612
     5.181
     5.277
     4.320
     5.303
     4.513
     4.195
     3.174
     5.006
     4.326
     4.242
     5.341
     5.026
     4.446
     4.405
     4.579
     3.731
     4.679
     4.024
     4.104
     5.206
     5.214
     4.644
     4.227
     4.164
     5.248
     4.565
     5.173
     4.476
     5.252
     4.652
     4.504
     4.903
     5.235
     5.231
     4.029
     4.308
     4.375
     4.420
     4.487
     5.256
     4.253
     3.915
     4.432
     4.615
     4.150
     4.842
     4.031
     4.532
     4.511
     3.170
     4.678
     4.092
     4.066
     5.705
     4.540
     5.246
     5.408
     4.600
     3.493
     4.812
     5.423
     4.975
     5.589
     3.616
     2.956
     3.661
     3.008
     4.773
     4.606
     5.117
     4.573
     4.830
     4.163
     5.110
     3.685
     5.037
     4.647
     2.715
     4.243
     4.028
     4.399
     2.927
     4.596
     4.698
     4.012
     3.962
     4.633
     4.881
     4.732
     4.280
     4.361
     4.281
     3.531
     3.089
     4.478
     4.944
     4.770
     3.625
     4.812
     4.540
     5.035
     3.598
     4.149
     4.256
     4.339
     5.285
     4.677
     4.353
     4.487
     4.541
     4.005
     4.991
     4.243
     3.879
     4.498
     4.586
     4.241
     4.584
     3.296
     4.817
     4.369
     3.627
     4.757
     4.468
     3.842
     4.519
     4.574
     4.717
     5.229
     4.701
     4.670
     5.064
     4.526
     4.799
     4.583
     4.698
     4.552
     4.672
     4.211
     4.237
     3.896
     4.679
     4.592
     4.066
     4.937
     4.608
     3.703
     5.042
     4.781
     4.946
     4.707
     3.067
     4.219
     4.298
     3.932
     4.340
     4.684
     4.316
     5.159
     5.253
     4.662
     4.791
     4.663
     4.646
     3.733
     4.925
     4.576
     5.066
     4.554
     5.422
     5.063
     4.443
     4.142
     4.470
     3.235
     4.702
     4.277
     5.280
     2.384
     4.111
     5.349
     5.152
     4.105
     5.097
     3.696
     3.821
     3.865
     3.074
     4.564
     4.596
     4.874
     4.439
     4.259
     4.124
     4.927
     4.137
     4.522
     3.890
     4.205
     4.150
     4.703
     4.429
     4.653
     3.277
     5.129
     4.623
     2.802
     2.707
     3.984
     4.095
     4.458
     4.091
     3.176
     4.340
     4.888
     4.593
     5.056
     5.296
     4.222
     5.616
     4.781
     4.666
     3.937
     5.071
     4.020
     3.407
     4.254
     4.567
     4.217
     4.694
     4.098
     4.148
     2.617
     4.347
     4.476
     4.802
     4.406
     4.623
     5.383
     4.193
     4.508
     5.276
     5.186
     4.426
     4.321
     2.987
     3.432
     4.294
     5.081
     5.125
     4.233
     4.602
     5.181
     4.059
     4.257
     4.581
     4.256
     2.866
     3.943
     5.189
     4.701
     4.272
     4.515
     5.292
     4.825
     4.626
     3.601
     5.031
     4.567
     2.854
     4.406
     4.193
     4.597
     4.704
     5.099
     5.059
     4.063
     4.608
     4.502
     4.124
     4.472
     5.281
     4.534
     4.536
     5.148
     3.906
     4.295
     4.902
     5.145
     4.952
     4.816
     4.041
     4.301
     5.614
     4.319
     5.190
     4.857
     4.541
     4.668
     3.809
     3.412
     3.772
     4.175
     5.097
     4.611
     4.623
     4.469
     5.280
     4.914
     4.213
     4.476
     4.800
     4.583
     4.622
     5.091
     4.199
     4.659
     4.271
     4.896
     4.510
     4.491
     4.130
     4.517
     4.525
     4.198
     5.051
     2.517
     4.284
     4.941
     4.287
     5.023
     4.425
     4.253
     4.279
     3.361
     5.068
     5.537
     5.059
     4.772
     3.532
     4.955
     3.231
     4.665
     4.263
     4.958
     4.323
     4.387
     5.281
     4.963
     4.538
     3.780
     5.261
     4.747
     5.169
     4.307
     4.565
     4.346
     4.521
     5.264
     4.636
     5.334
     5.451
     4.041
     4.581
     4.679
     3.939
     4.982
     4.726
     4.647
     4.577
     5.124
     4.619
     4.730
     5.277
     4.644
     4.309
     4.591
     4.748
     4.291
     4.389
     5.043
     4.441
     4.543
     2.643
     5.053
     4.716
     4.400
     2.934
     4.904
     4.908
     4.344
     2.794
     5.425
     4.752
     5.210
     4.149
     5.243
     3.272
     3.133
     5.615
     3.229
     5.150
     5.161
     5.126
     5.204
     4.180
     4.368
     4.466
     4.310
     4.703
     4.424
     3.732
     4.566
     4.209
     4.904
     4.005
     5.213
     4.721
     4.100
     4.108
     4.252
     3.112
     5.170
     4.244
     4.977
     5.207
     4.231
     4.898
     5.001
     4.773
     5.227
     4.603
     4.200
     4.937
     3.820
     4.827
     4.082
     4.404
     4.002
     4.258
     4.134
     4.186
     4.515
     5.039
     4.713
     3.007
     4.640
     4.270
     4.481
     4.304
     4.774
     4.081
     5.088
     4.417
     5.188
     4.726
     5.219
     4.508
     4.827
     3.310
     4.152
     4.190
     4.348
     4.347
     4.999
     5.143
     4.984
     4.347
     5.409
     4.586
     4.453
     4.315
     4.895
     3.259
     4.413
     4.288
     5.055
     5.100
     4.385
     4.898
     4.662
     1.737
     4.818
     4.232
     5.047
     4.726
     4.881
     5.187
     5.263
     4.969
     5.090
     4.744
     4.138
     3.757
     4.104
     4.422
     4.968
     4.582
     4.235
     4.211
     4.288
     4.304
     5.053
     4.502
     4.667
     4.897
     4.067
     5.186
     4.734
     4.429
     4.745
     4.321
     4.241
     4.447
     4.721
     5.162
     4.848
     4.336
     4.073
     3.960
     3.758
     3.802
     4.754
     4.504
     5.069
     4.651
     4.770
     3.545
     5.036
     5.140
     4.070
     4.953
     4.731
     5.180
     4.196
     3.230
     4.143
     4.713
     4.671
     4.919
     4.049
     4.989
     4.037
     4.879
     2.999
     4.481
     5.200
     4.592
     4.492
     4.610
     4.774
     4.542
     4.580
     5.174
     4.957
     4.244
     4.418
     5.081
     5.000
     3.226
     4.846
     4.271
     4.929
     4.912
     4.621
     4.241
     4.293
     4.476
     4.449
     2.378
     4.857
     3.606
     4.977
     4.118
     5.202
     5.148
     4.708
     4.504
     4.596
     4.729
     2.771
     4.396
     5.461
     4.753
     4.352
     4.928
     4.639
     5.294
     5.625
     4.507
     3.892
     4.685
     4.191
     5.500
     4.685
     4.566
     3.991
     2.503
     4.529
     4.637
     4.035
     4.617
     4.233
     4.573
     4.618
     5.025
     5.098
     4.393
     4.771
     4.661
     5.253
     4.335
     3.972
     4.781
     4.778
     5.183
     3.791
     3.367
     5.137
     5.483
     4.427
     4.188
     4.387
     3.325
     4.686
     4.078
     4.257
     4.437
     5.140
     5.116
     5.290
     4.931
     4.918
     4.929
     4.854
     4.008
     4.084
     4.505
     4.502
     4.402
     4.901
     2.263
     4.553
     4.961
     5.036
     4.878
     4.761
     4.489
     4.671
     4.888
     4.370
     4.161
     3.948
     3.300
     4.920
     4.160
     4.711
     4.152
     5.272
     5.181
     4.822
     4.126
     4.040
     3.346
     4.864
     4.259
     5.169
     4.040
     4.211
     3.975
     2.844
     3.982
     5.004
     4.191
     4.664
     4.681
     5.245
     5.389
     4.775
     4.015
     4.237
     4.000
     5.046
     4.473
     4.432
     4.635
     4.611
     4.535
     5.390
     4.781
     4.605
     4.423
     4.436
     3.984
     2.951
     4.533
     4.266
     4.812
     5.202
     4.348
     4.759
     5.310
     5.188
     2.976
     5.024
     3.080
     2.462
     4.388
     2.422
     4.147
     4.530
     5.361
     4.993
     3.592
     4.474
     4.634
     4.285
     4.739
     4.494
     4.287
     3.822
     4.585
     5.047
     5.113
     4.983
     4.787
     5.011
     4.983
     4.219
     5.042
     3.813
     4.820
     4.527
     4.335
     5.440
     4.567
     4.866
     4.491
     4.906
     4.359
     4.242
     4.157
     4.810
     3.912
     5.238
     5.254
     4.003
     4.322
     5.088
     4.685
     4.325
     3.605
     2.381
     4.312
     4.720
     4.617
     3.982
     3.639
     4.713
     3.549
     4.115
     4.740
     4.798
     4.548
     4.639
     3.895
     4.577
     4.211
     4.002
     3.365
     4.818
     5.271
     4.617
     5.175
     4.912
     4.495
     4.429
     4.628
     4.462
     5.205
     4.890
     4.013
     5.009
     4.510
     4.615
     3.683
     4.917
     4.552
     4.901
     4.277
     4.490
     4.826
     4.437
     4.081
     4.466
     4.364
     4.563
     4.946
     5.105
     4.230
     4.159
     4.486
     4.732
     5.150
     2.995
     4.729
     4.682
     4.440
     4.427
     2.803
     4.889
     5.344
     5.100
     4.712
     4.448
     5.022
     4.488
     4.402
     4.737
     4.590
     4.177
     4.314
     3.517
     5.158
     4.504
     4.379
     5.034
     4.727
     5.004
     5.010
     5.301
     5.349
     5.046
     4.104
     5.108
     4.912
     4.556
     4.500
     4.216
     4.412
     5.066
     4.812
     4.747
     3.250
     5.102
     5.116
     3.424
     4.617
     4.149
     5.098
     4.743
     4.946
     5.146
     4.684
     5.092
     4.043
     4.606
     4.207
     4.557
     4.690
     4.401
     3.433
     4.120
     5.213
     3.937
     4.262
     4.144
     2.838
     4.947
     4.378
     3.971
     4.724
     2.625
     4.899
     4.605
     4.735
     4.507
     4.321
     3.395
     4.281
     4.603
     4.649
     4.977
     5.389
     4.554
     4.562
     4.214
     4.537
     4.628
     4.631
     5.043
     3.367
     3.959
     4.586
     5.072
     4.768
     4.733
     4.923
     4.495
     4.469
     4.593
     4.525
     4.792
     4.694
     4.096
     2.717
     4.117
     4.720
     5.006
     4.551
     4.393
     4.211
     4.386
     3.231
     3.653
     5.545
     4.693
     5.341
     4.980
     2.657
     3.998
     4.878
     4.596
     3.577
     4.610
     4.798
     4.854
     4.690
     4.246
     5.195
     4.871
     4.474
     4.802
     4.450
     4.440
     4.277
     4.318
     2.928
     4.062
     5.222
     4.235
     5.401
     4.457
     3.225
     4.685
     4.289
     4.691
     4.844
     5.261
     5.027
     5.011
     4.363
     4.200
     4.397
     4.698
     4.152
     3.193
     4.996
     4.362
     4.019
     4.207
     4.756
     4.076
     4.285
     3.951
     4.123
     5.312
     4.282
     4.652
     4.227
     4.522
     5.128
     3.736
     4.099
     4.278
     5.103
     5.102
     4.925
     2.988
     4.236
     4.261
     3.055
     4.273
     4.338
     4.361
     4.490
     4.962
     4.069
     4.864
     4.848
     4.595
     4.962
     4.672
     4.610
     4.803
     5.074
     4.424
     5.084
     3.602
     4.994
     2.390
     4.412
     4.416
     4.293
     4.470
     4.669
     4.057
     4.974
     4.294
     4.268
     4.789
     4.608
     4.541
     4.493
     3.988
     5.047
     4.195
     4.872
     4.441
     4.226
     4.186
     4.007
     4.027
     5.061
     5.088
     4.589
     4.881
     4.607
     4.929
     4.451
     4.081
     4.316
     5.265
     4.842
     5.458
     4.825
     4.392
     3.819
     4.747
     5.347
     3.640
     5.323
     5.350
     5.153
     4.553
     5.255
     4.963
     4.512
     4.769
     4.181
     5.005
     4.993
     4.369
     5.166
     5.068
     4.802
     4.860
     4.713
     4.514
     4.239
     3.356
     4.901
     4.076
     4.046
     4.628
     4.180
     4.842
     4.704
     5.261
     4.621
     4.963
     4.055
     3.447
     3.486
     4.582
     4.609
     4.124
     2.857
     4.749
     5.183
     4.067
     4.014
     4.448
     4.342
     4.927
     4.222
     4.352
     4.476
     4.399
     4.988
     4.027
     5.182
     4.066
     5.118
     5.358
     4.843
     5.005
     5.355
     5.101
     4.034
     5.081
     4.348
     4.122
     3.552
     4.885
     5.121
     4.271
     4.729
     4.891
     3.819
     4.603
     4.175
     5.264
     4.125
     4.173
     4.130
     5.234
     3.107
     4.984
     4.948
     4.747
     4.264
     4.587
     4.840
     3.629
     4.500
     3.445
     4.837
     5.179
     5.215
     4.433
     4.604
     5.022
     4.787
     4.312
     4.974
     5.057
     5.369
     3.552
     4.274
     4.933
     5.111
     4.868
     4.109
     4.566
     4.379
     3.138
     4.329
     4.787
     2.755
     4.937
     4.108
     5.210
     4.670
     4.550
     4.437
     4.909
     4.452
     4.597
     4.498
     4.376
     4.524
     3.734
     3.452
     4.472
     3.160
     5.043
     4.445
     4.707
     3.493
     4.381
     4.572
     4.187
     5.404
     4.202
     4.600
     4.792
     4.789
     4.508
     4.399
     4.493
     2.627
     5.125
     4.800
     5.201
     5.163
     5.004
     4.625
     4.120
     5.013
     4.688
     5.033
     3.911
     4.376
     4.083
     4.801
     2.932
     5.210
     5.127
     4.874
     4.753
     4.486
     5.011
     4.407
     4.368
     3.890
     4.357
     4.245
     4.358
     5.003
     5.238
     4.535
     4.019
     4.628
     4.543
     4.584
     4.274
     5.142
     3.276
     4.193
     5.157
     4.620
     3.299
     2.716
     4.825
     4.979
     3.633
     4.803
     5.135
     5.178
     4.409
     5.439
     4.192
     5.456
     5.288
     4.650
     4.007
     4.647
     4.836
     4.717
     2.442
     4.828
     4.052
     4.318
     4.474
     4.578
     3.021
     5.350
     4.134
     4.745
     4.119
     3.614
     4.361
     4.058
     4.582
     2.435
     5.115
     4.718
     4.675
     3.877
     4.296
     4.834
     4.779
     4.532
     3.797
     4.680
     4.419
     4.005
     4.843
     3.545
     3.763
     4.876
     4.575
     4.809
     4.711
     3.514
     4.971
     4.523
     3.979
     3.710
     4.905
     4.642
     4.889
     4.344
     4.204
     5.492
     3.465
     4.756
     4.142
     5.224
     5.104
     4.312
     5.619
     4.440
     4.844
     4.508
     3.714
     4.754
     4.150
     4.669
     4.703
     3.192
     5.050
     4.128
     4.255
     4.850
     4.210
     3.291
     4.554
     5.005
     5.184
     4.496
     4.055
     4.816
     4.967
     4.298
     4.307
     4.687
     5.050
     4.426
     2.847
     4.554
     4.374
     3.313
     5.153
     3.015
     4.798
     4.147
     5.163
     3.551
     4.610
     4.072
     4.541
     4.676
     5.218
     4.562
     4.997
     4.146
     4.648
     5.229
     4.674
     4.524
     4.902
     4.350
     2.756
     4.430
     4.240
     4.523
     5.187
     5.144
     4.702
     4.760
     4.332
     3.144
     4.658
     4.276
     5.215
     4.137
     4.448
     4.111
     4.630
     4.572
     5.429
     5.070
     4.437
     5.686
     4.640
     4.118
     4.725
     4.165
     5.155
     4.241
     5.339
     3.460
     3.951
     4.335
     4.261
     4.609
     4.586
     3.181
     5.378
     4.695
     4.584
     4.569
     4.475
     4.432
     4.357
     3.606
     5.023
     4.508
     5.066
     4.412
     4.303
     4.265
     4.608
     2.323
     5.311
     4.219
     5.080
     5.096
     4.531
     3.495
     4.727
     5.209
     5.246
     4.163
     3.169
     5.473
     4.249
     4.321
     4.852
     5.049
     4.751
     5.090
     3.712
     4.467
     4.940
     4.543
     4.673
     5.157
     4.197
     4.171
     5.113
     4.972
     5.254
     4.607
     5.557
     4.496
     4.590
     4.108
     5.161
     4.141
     4.579
     2.843
     4.253
     4.970
     4.422
     4.354
     4.798
     4.283
     4.142
     4.473
     4.568
     4.941
     4.165
     5.143
     4.197
     4.899
     4.301
     5.081
     5.009
     4.243
     4.886
     4.919
     4.076
     3.865
     5.344
     4.591
     4.495
     4.468
     4.354
     4.483
     2.761
     4.407
     5.343
     4.363
     4.676
     4.863
     4.336
     5.312
     4.525
     4.650
     5.129
     5.111
     3.238
     4.658
     4.770
     3.392
     4.528
     4.129
     5.263
     4.774
     4.606
     4.757
     4.290
     4.661
     4.105
     5.399
     4.645
     4.418
     4.600
     4.794
     4.576
     4.397
     4.301
     5.330
     4.117
     4.519
     5.547
     4.278
     4.253
     5.182
     4.573
     3.769
     5.069
     4.670
     4.778
     4.224
     4.094
     4.369
     4.837
     4.858
     4.738
     4.674
     4.265
     3.967
     5.687
     4.834
     5.557
     4.092
     2.495
     5.213
     3.719
     2.777
     4.946
     3.499
     4.835
     4.042
     4.878
     3.999
     4.751
     4.476
     3.742
     4.528
     4.658
     5.076
     4.689
     4.887
     4.525
     5.396
     4.258
     4.874
     5.229
     4.237
     5.037
     4.632
     4.607
     3.827
     3.610
     4.963
     4.505
     4.829
     4.018
     2.692
     4.524
     4.433
     4.935
     4.584
     3.971
     4.390
     3.235
     4.381
     4.408
     2.323
     3.385
     5.470
     4.697
     4.322
     4.485
     4.239
     4.593
     2.982
     3.615
     4.248
     4.804
     4.258
     2.621
     3.828
     4.869
     5.577
     4.405
     4.617
     4.141
     4.541
     4.689
     5.085
     4.789
     5.093
     4.621
     4.542
     4.591
     4.399
     4.552
     5.363
     4.645
     4.561
     5.201
     4.975
     4.535
     4.665
     4.677
     4.635
     4.561
     4.089
     4.389
     4.898
     4.594
     4.472
     2.755
     4.649
     4.534
     5.208
     4.798
     4.513
     4.426
     5.004
     4.696
     5.171
     4.683
     3.815
     3.858
     4.550
     4.304
     5.181
     4.570
     5.182
     5.131
     4.128
     3.442
     4.348
     4.442
     4.385
     4.502
     4.809
     4.336
     4.608
     3.705
     4.588
     4.992
     4.441
     4.679
     4.646
     3.172
     4.528
     4.381
     4.485
     5.132
     4.523
     4.456
     5.193
     4.577
     5.067
     4.204
     5.034
     5.221
     5.067
     4.205
     4.019
     5.232
     4.314
     4.132
     4.736
     4.591
     4.166
     3.959
     4.578
     5.372
     4.652
     4.739
     4.015
     4.554
     4.524
     4.560
     4.326
     4.506
     5.086
     2.452
     4.929
     4.820
     3.741
     4.272
     4.626
     4.359
     4.435
     4.562
     4.499
     4.800
     4.732
     5.012
     3.236
     4.295
     4.420
     4.235
     4.087
     4.586
     5.458
     4.561
     4.480
     4.932
     4.433
     4.156
     5.130
     5.115
     5.227
     4.251
     4.001
     4.329
     4.353
     4.640
     5.389
     4.103
     4.632
     4.486
     4.645
     4.709
     3.013
     5.181
     4.583
     4.475
     4.254
     4.649
     4.563
     2.410
     3.613
     5.286
     4.671
     3.685
     4.887
     4.085
     4.371
     4.746
     4.750
     4.256
     4.644
     4.899
     4.991
     4.746
     2.455
     4.884
     3.289
     5.026
     4.765
     4.113
     4.297
     4.668
     3.308
     4.547
     4.269
     2.776
     5.131
     4.622
     4.480
     5.051
     4.233
     4.570
     3.794
     4.091
     4.415
     4.915
     4.192
     4.529
     5.353
     3.390
     4.952
     5.269
     4.619
     4.494
     4.332
     4.891
     3.832
     4.945
     4.922
     4.792
     5.210
     5.258
     4.581
     4.522
     5.119
     2.331
     4.360
     3.222
     4.784
     4.935
     4.603
     3.892
     4.153
     5.086
     4.592
     4.070
     5.160
     4.297
     3.547
     4.322
     5.086
     4.477
     4.568
     4.393
     4.458
     4.335
     5.100
     3.152
     5.098
     3.084
     5.021
     4.885
     4.757
     3.984
     4.683
     4.648
     4.122
     4.045
     4.865
     5.035
     5.160
     3.982
     2.311
     4.719
     4.569
     5.028
     4.182
     5.142
     4.577
     4.765
     4.269
     3.363
     4.643
     4.386
     4.602
     4.713
     5.079
     3.377
     5.006
     4.602
     4.778
     4.432
     4.945
     5.377
     5.122
     5.124
     5.016
     3.374
     4.978
     4.841
     5.020
     4.788
     4.888
     5.038
     4.079
     4.162
     4.393
     4.241
     2.951
     4.592
     4.289
     3.062
     4.220
     4.670
     5.008
     4.900
     4.648
     4.864
     2.863
     4.972
     4.825
     4.091
     4.593
     4.823
     4.703
     5.302
     5.099
     4.235
     4.053
     3.802
     4.724
     4.603
     4.633
     4.324
     3.942
     4.194
     4.465
     5.466
     5.103
     3.396
     4.513
     4.805
     4.619
     4.402
     3.287
     2.592
     4.352
     4.662
     4.569
     4.294
     5.248
     4.268
     5.417
     3.589
     4.417
     4.781
     4.220
     3.182
     4.197
     4.438
     4.799
     2.524
     5.221
     5.296
     4.763
     3.327
     4.066
     5.195
     4.478
     4.032
     4.149
     4.729
     4.861
     4.767
     4.520
     5.208
     4.925
     4.470
     4.584
     3.149
     5.487
     4.446
     4.595
     4.569
     4.900
     4.183
     4.336
     2.791
     4.278
     4.623
     4.485
     4.474
     4.745
     4.232
     3.992
     4.245
     2.917
     4.007
     3.871
     5.074
     4.112
     4.632
     4.445
     2.669
     3.419
     2.376
     4.788
     4.604
     4.450
     4.283
     3.604
     3.832
     3.793
     5.168
     4.578
     5.116
     4.617
     2.247
     5.006
     4.805
     4.509
     4.887
     4.536
     5.228
     4.841
     4.792
     4.612
     5.039
     2.991
     4.034
     4.976
     5.383
     4.133
     4.050
     5.249
     4.835
     4.454
     4.906
     5.500
     3.973
     4.406
     4.799
     4.027
     4.216
     4.156
     4.934
     5.070
     4.866
     4.259
     4.114
     4.045
     3.783
     4.575
     5.135
     4.495
     4.957
     4.157
     2.690
     5.046
     4.708
     4.188
     4.080
     5.122
     4.388
     4.900
     3.665
     4.342
     4.222
     4.094
     4.275
     3.659
     5.244
     4.073
     4.864
     5.236
     4.805
     5.247
     5.157
     4.239
     5.393
     4.489
     4.223
     4.620
     4.145
     4.097
     4.927
     4.042
     4.395
     5.115
     4.552
     4.198
     4.529
     3.834
     4.552
     4.566
     4.609
     4.444
     4.085
     4.610
     5.425
     5.165
     4.472
     4.133
     3.991
     4.608
     2.881
     4.611
     4.735
     5.223
     5.023
     5.013
     4.161
     3.959
     5.413
     4.820
     5.303
     5.016
     4.435
     4.640
     4.879
     4.869
     3.846
     4.648
     4.197
     4.171
     5.053
     4.517
     4.158
     5.369
     4.293
     5.327
     4.652
     4.407
     4.780
     5.152
     5.026
     4.655
     4.738
     4.602
     4.549
     4.024
     5.709
     4.367
     5.145
     4.150
     5.061
     5.137
     5.126
     5.099
     4.348
     5.261
     3.393
     5.135
     3.493
     4.552
     4.608
     4.247
     5.365
     4.014
     4.751
     4.861
     4.990
     5.129
     4.315
     5.430
     4.412
     4.339
     3.490
     5.632
     5.168
     5.229
     4.343
     4.228
     5.094
     5.328
     4.760
     3.451
     4.819
     4.878
     4.751
     5.120
     4.540
     3.860
     4.910
     4.394
     4.175
     4.628
     2.709
     5.176
     4.288
     2.934
     5.187
     4.558
     3.871
     4.752
     4.692
     4.894
     4.684
     3.783
     5.501
     3.421
     4.679
     5.107
     4.148
     5.137
     4.503
     2.511
     4.645
     4.834
     4.535
     4.800
     4.350
     5.239
     5.127
     4.695
     4.486
     5.244
     4.590
     4.248
     2.832
     4.121
     5.061
     2.925
     4.746
     4.497
     5.183
     4.664
     5.220
     2.378
     5.018
     5.168
     4.612
     5.123
     4.138
     4.859
     4.936
     5.240
     5.256
     4.493
     5.057
     4.521
     4.078
     4.737
     4.671
     5.104
     4.544
     4.277
     4.715
     4.020
     3.454
     4.389
     4.210
     4.164
     4.437
     4.511
     3.673
     4.818
     5.043
     4.225
     2.981
     2.715
     4.667
     3.712
     4.972
     4.807
     4.439
     4.304
     4.632
     5.714
     4.217
     4.961
     5.139
     4.218
     5.358
     4.170
     3.893
     5.108
     4.478
     3.461
     4.624
     5.324
     2.885
     3.924
     3.582
     4.939
     4.241
     4.549
     4.538
     4.743
     5.172
     3.485
     4.088
     5.314
     2.707
     4.962
     4.021
     4.932
     4.847
     5.269
     5.313
     4.611
     4.530
     5.353
     5.257
     4.621
     4.488
     4.141
     4.831
     4.394
     4.671
     3.963
     5.386
     3.158
     4.964
     4.249
     4.482
     4.888
     4.837
     4.799
     5.640
     4.875
     3.170
     4.408
     4.321
     5.184
     4.770
     4.153
     4.373
     4.858
     5.134
     5.393
     4.176
     4.446
     4.389
     3.145
     4.638
     3.916
     4.964
     4.383
     3.950
     4.174
     4.291
     4.461
     4.637
     4.467
     4.646
     4.715
     4.529
     5.648
     4.638
     4.331
     4.284
     4.358
     4.612
     4.648
     4.719
     3.661
     4.933
     4.251
     5.733
     5.229
     3.512
     3.368
     5.005
     4.503
     4.190
     5.009
     4.479
     4.543
     4.158
     3.114
     5.510
     4.214
     4.582
     4.454
     4.240
     5.196
     4.758
     5.282
     2.891
     4.417
     5.355
     4.843
     3.020
     2.575
     3.861
     4.927
     4.468
     5.037
     4.320
     5.298
     4.240
     4.837
     5.166
     4.564
     5.011
     4.150
     5.217
     3.918
     4.843
     5.033
     5.258
     5.083
     4.662
     4.682
     4.771
     4.162
     4.427
     5.220
     4.117
     4.878
     4.919
     4.448
     4.476
     4.260
     5.046
     4.813
     4.090
     4.331
     5.318
     3.228
     5.244
     4.483
     3.798
     4.774
     4.219
     3.615
     5.218
     4.424
     5.106
     5.002
     5.040
     4.616
     5.154
     4.717
     5.241
     5.241
     4.524
     4.672
     4.813
     4.999
     3.956
     4.794
     4.844
     5.194
     4.849
     5.136
     4.709
     5.160
     4.141
     4.302
     5.225
     4.223
     4.248
     5.014
     4.386
     5.365
     5.450
     5.434
     4.463
     5.131
     5.276
     4.311
     4.952
     5.129
     5.030
     4.975
     4.965
     4.464
     2.881
     5.124
     3.147
     5.220
     5.228
     4.535
     3.666
     2.974
     4.328
     4.709
     5.092
     5.526
     5.044
     5.071
     4.695
     5.273
     3.132
     5.055
     4.686
     4.526
     4.322
     4.609
     4.181
     4.738
     4.974
     4.119
     4.657
     4.251
     5.158
     4.392
     5.113
     4.280
     4.978
     4.862
     3.621
     4.821
     5.038
     4.171
     4.226
     5.135
     4.222
     5.157
     4.594
     5.141
     4.227
     4.518
     4.686
     4.487
     4.685
     4.751
     4.702
     4.877
     4.859
     2.415
     5.045
     5.378
     4.558
     4.135
     5.220
     4.795
     4.584
     4.167
     4.499
     4.860
     4.126
     4.120
     4.590
     5.118
     4.901
     4.368
     3.247
     4.656
     4.835
     4.380
     3.103
     4.450
     4.890
     4.145
     4.863
     4.442
     4.935
     3.170
     4.128
     5.143
     4.794
     4.392
     4.039
     3.368
     4.133
     4.486
     4.253
     4.294
     4.665
     4.788
     5.249
     3.799
     4.782
     3.157
     4.472
     4.264
     5.075
     4.992
     4.289
     4.385
     4.801
     3.735
     3.086
     4.796
     4.447
     4.699
     2.702
     3.321
     4.650
     4.221
     5.749
     4.998
     3.111
     3.967
     4.359
     4.912
     4.881
     4.479
     2.990
     5.330
     3.675
     4.860
     4.727
     4.025
     4.778
     4.589
     4.531
     5.026
     3.449
     4.603
     4.025
     4.983
     3.468
     5.538
     2.376
     4.041
     3.268
     4.324
     4.428
     4.820
     3.967
     4.337
     5.320
     4.199
     4.111
     5.225
     3.799
     3.237
     3.406
     4.207
     5.245
     3.433
     4.433
     4.146
     4.570
     5.148
     4.260
     4.557
     3.643
     4.386
     5.166
     4.699
     4.969
     4.470
     5.056
     5.379
     5.339
     3.412
     4.106
     5.241
     4.152
     4.682
     4.004
     4.245
     4.577
     3.814
     4.423
     4.495
     5.193
     4.565
     2.248
     4.885
     3.526
     3.381
     4.510
     5.020
     3.968
     4.335
     4.488
     4.814
     3.776
     5.046
     5.313
     5.112
     4.347
     4.743
     4.578
     2.856
     4.185
     5.158
     4.191
     4.042
     3.406
     4.515
     4.306
     4.418
     4.560
     4.265
     4.297
     5.418
     4.644
     4.957
     4.683
     5.239
     5.056
     4.830
     5.481
     4.309
     4.164
     4.730
     3.560
     5.127
     5.497
     4.446
     5.142
     4.686
     4.802
     4.305
     5.230
     5.433
     4.528
     4.997
     4.193
     4.242
     4.634
     4.764
     4.356
     5.135
     5.329
     4.749
     4.106
     5.111
     3.064
     3.316
     4.488
     4.487
     4.601
     5.123
     4.276
     5.031
     5.086
     4.955
     4.096
     4.441
     4.486
     5.193
     4.946
     4.718
     4.763
     4.506
     3.751
     3.668
     4.303
     4.701
     4.787
     4.632
     5.746
     4.292
     4.669
     3.736
     4.225
     4.110
     4.962
     4.698
     2.621
     4.868
     5.233
     4.873
     5.095
     4.008
     5.266
     5.093
     4.911
     5.039
     4.731
     4.679
     4.490
     4.503
     4.288
     4.852
     4.434
     4.952
     5.058
     3.897
     4.056
     4.192
     3.677
     5.118
     2.924
     4.138
     4.332
     4.746
     4.639
     4.416
     4.331
     5.389
     4.020
     5.072
     5.246
     4.131
     5.177
     5.208
     4.042
     3.612
     5.230
     4.199
     5.099
     4.511
     4.527
     5.322
     4.484
     4.983
     4.520
     4.588
     4.056
     4.617
     5.719
     5.279
     5.072
     4.875
     4.337
     2.592
     5.297
     5.187
     4.402
     4.190
     4.685
     2.818
     4.649
     4.595
     2.878
     4.297
     4.586
     4.341
     5.099
     4.030
     5.104
     4.478
     4.078
     4.711
     4.140
     5.040
     2.496
     3.749
     4.744
     4.771
     5.087
     5.406
     4.514
     4.923
     4.173
     4.198
     5.114
     5.115
     4.584
     4.557
     4.281
     4.972
     4.534
     4.148
     5.141
     4.467
     4.178
     5.573
     4.509
     4.246
     5.217
     4.911
     4.691
     4.396
     4.837
     4.737
     4.169
     5.188
     4.741
     4.409
     4.960
     4.545
     4.749
     5.151
     5.069
     4.553
     4.683
     4.253
     4.399
     4.150
     4.746
     4.403
     4.514
     5.175
     5.029
     4.787
     4.616
     5.028
     4.215
     4.014
     4.194
     3.701
     3.524
     4.993
     5.076
     5.130
     5.086
     3.570
     2.648
     5.105
     4.695
     4.230
     4.455
     4.524
     5.035
     5.230
     4.495
     3.010
     4.308
     5.129
     3.604
     3.838
     4.611
     4.717
     4.229
     4.609
     4.091
     5.409
     5.142
     3.122
     5.034
     4.672
     4.667
     3.581
     4.535
     4.078
     5.081
     4.128
     3.271
     3.871
     4.280
     3.960
     5.091
     5.191
     4.524
     2.843
     4.252
     4.099
     4.625
     4.277
     2.531
     5.225
     4.244
     4.109
     4.939
     5.192
     4.290
     5.662
     4.589
     3.500
     4.805
     4.588
     5.041
     4.690
     4.463
     4.321
     4.260
     4.615
     4.337
     4.097
     4.490
     4.082
     4.229
     5.446
     3.399
     4.429
     4.614
     4.845
     5.115
     5.151
     5.029
     5.184
     5.170
     4.109
     4.872
     4.370
     5.638
     4.763
     4.119
     4.330
     5.342
     4.603
     4.937
     3.710
     4.779
     5.070
     5.362
     4.085
     5.135
     4.315
     5.661
     4.301
     4.827
     4.474
     3.449
     4.336
     5.261
     4.017
     3.095
     5.143
     3.377
     4.224
     4.177
     4.560
     2.739
     5.080
     4.371
     4.254
     5.052
     4.985
     4.301
     4.196
     4.406
     5.080
     4.587
     4.597
     4.653
     3.549
     4.515
     4.259
     4.952
     4.485
     4.542
     3.587
     4.922
     5.479
     3.705
     4.839
     4.589
     4.589
     4.813
     5.087
     5.039
     5.269
     4.409
     4.381
     5.333
     4.034
     4.047
     4.007
     4.442
     4.547
     3.540
     4.300
     4.646
     4.683
     4.020
     4.355
     4.583
     4.706
     4.248
     3.039
     5.066
     4.388
     4.145
     4.208
     5.051
     4.374
     4.686
     4.875
     4.587
     4.934
     4.849
     4.180
     4.691
     4.701
     4.206
     5.053
     5.093
     5.056
     5.467
     5.047
     4.656
     4.254
     5.211
     2.261
     4.758
     5.046
     5.160
     4.966
     3.795
     4.978
     4.418
     4.293
     5.535
     3.330
     4.333
     5.217
     4.309
     5.131
     4.242
     4.726
     4.910
     4.547
     4.644
     4.360
     5.033
     4.141
     4.275
     4.787
     2.666
     4.248
     5.051
     4.734
     5.075
     4.107
     4.184
     4.440
     4.472
     4.528
     4.445
     4.294
     4.407
     4.518
     4.183
     4.184
     4.594
     4.548
     4.080
     4.495
     4.401
     4.035
     4.478
     5.243
     4.935
     4.477
     3.907
     4.849
     5.145
     5.250
     5.062
     2.566
     3.114
     4.160
     4.817
     4.404
     2.256
     3.980
     5.268
     4.994
     4.615
     5.070
     3.476
     5.176
     4.512
     4.841
     4.637
     4.553
     4.711
     4.597
     4.428
     4.975
     4.989
     5.604
     4.760
     4.510
     4.830
     3.526
     5.190
     5.026
     4.072
     4.690
     3.965
     5.403
     4.545
     4.396
     4.200
     4.523
     4.476
     4.815
     5.409
     4.983
     4.391
     3.228
     4.359
     5.098
     4.995
     4.640
     4.669
     5.003
     4.639
     4.597
     4.623
     4.536
     4.907
     5.362
     5.680
     4.829
     4.372
     4.699
     4.872
     5.159
     5.072
     4.199
     4.957
     3.574
     4.097
     2.807
     4.469
     4.919
     4.572
     4.163
     4.483
     4.617
     5.021
     4.219
     4.938
     4.133
     4.477
     3.181
     4.070
     5.114
     4.354
     5.166
     4.613
     5.360
     5.299
     5.104
     5.251
     3.013
     2.283
     4.396
     4.545
     4.720
     5.013
     4.311
     4.245
     4.600
     4.198
     4.860
     4.659
     3.772
     4.918
     4.628
     4.580
     4.590
     4.293
     4.349
     5.186
     5.095
     3.248
     4.246
     3.988
     4.711
     4.855
     2.150
     3.385
     5.070
     4.475
     4.436
     4.058
     5.008
     4.700
     4.567
     4.485
     4.845
     5.141
     4.095
     4.076
     4.695
     4.080
     4.285
     5.169
     5.318
     4.811
     5.572
     5.262
     4.431
     3.942
     3.082
     4.994
     4.856
     4.452
     5.268
     4.142
     4.928
     3.721
     3.938
     4.113
     4.452
     3.666
     4.574
     5.064
     4.245
     2.980
     4.545
     4.740
     4.021
     4.688
     4.260
     4.351
     4.572
     4.975
     5.374
     4.946
     4.928
     3.109
     5.579
     5.017
     4.229
     4.692
     4.703
     5.125
     4.263
     5.469
     4.237
     5.054
     4.953
     4.498
     4.987
     4.684
     4.342
     4.592
     5.148
     4.966
     5.156
     4.580
     3.561
     4.140
     5.167
     5.314
     3.942
     4.349
     4.960
     4.754
     4.626
     4.225
     5.281
     4.516
     4.675
     4.989
     4.578
     5.014
     4.669
     4.478
     4.855
     4.603
     4.452
     4.519
     4.793
     4.092
     4.936
     2.529
     5.134
     4.784
     2.862
     4.490
     4.280
     4.432
     5.295
     5.113
     4.690
     4.617
     4.722
     5.047
     4.709
     5.109
     4.255
     5.223
     4.244
     4.625
     4.959
     5.104
     4.383
     4.633
     4.216
     4.474
     4.661
     2.688
     4.921
     4.961
     4.293
     3.093
     4.600
     4.347
     4.385
     4.269
     4.634
     4.523
     4.731
     4.642
     5.045
     5.185
     4.610
     3.398
     3.726
     4.387
     4.645
     5.294
     4.490
     4.004
     4.993
     4.277
     3.999
     4.902
     5.720
     4.022
     4.466
     4.693
     4.382
     4.559
     5.117
     5.130
     5.361
     3.397
     5.029
     5.717
     4.378
     4.570
     4.516
     4.189
     4.194
     4.204
     5.104
     5.155
     4.142
     5.602
     3.301
     2.671
     4.931
     4.112
     4.540
     4.555
     4.657
     4.515
     5.007
     4.652
     3.298
     5.058
     4.549
     4.959
     4.553
     3.723
     4.826
     4.118
     4.577
     5.395
     4.776
     4.369
     4.783
     4.892
     5.231
     4.666
     4.658
     4.614
     4.277
     3.961
     4.130
     4.660
     3.791
     4.760
     4.446
     4.090
     4.633
     3.560
     4.172
     4.106
     4.724
     5.264
     4.295
     4.822
     4.611
     4.863
     5.110
     4.100
     5.380
     4.950
     4.662
     4.301
     4.573
     3.441
     3.885
     5.234
     4.584
     4.915
     4.481
     4.215
     5.227
     4.809
     4.276
     4.533
     4.063
     4.138
     4.392
     2.981
     4.732
     4.100
     5.099
     5.411
     3.759
     3.825
     4.720
     5.730
     5.254
     5.264
     4.749
     4.112
     3.355
     5.114
     5.440
     5.301
     4.485
     4.837
     4.635
     3.548
     4.628
     4.415
     4.636
     5.545
     4.017
     4.140
     4.541
     4.930
     4.358
     3.683
     2.747
     5.349
     4.654
     4.154
     4.865
     4.943
     4.287
     5.066
     5.077
     5.150
     4.753
     5.400
     5.101
     4.249
     4.039
     2.377
     4.309
     3.108
     4.416
     4.067
     3.774
     4.674
     4.494
     4.899
     5.103
     5.109
     4.104
     5.029
     4.498
     4.587
     4.237
     2.251
     4.298
     4.693
     4.802
     3.185
     4.400
     4.782
     4.132
     4.314
     4.517
     4.958
     4.832
     4.171
     5.292
     4.642
     4.105
     4.506
     4.958
     5.167
     4.402
     4.506
     4.526
     4.562
     4.543
     4.482
     4.322
     5.176
     3.215
     4.528
     5.105
     4.206
     3.279
     4.334
     5.369
     4.494
     4.214
     5.248
     4.712
     4.683
     5.107
     5.128
     4.599
     4.987
     4.763
     5.167
     4.001
     5.042
     4.398
     4.411
     4.251
     4.641
     3.908
     5.457
     4.163
     5.517
     4.573
     3.931
     4.730
     5.054
     4.937
     4.087
     4.782
     3.951
     5.128
     4.673
     4.296
     4.948
     4.894
     4.841
     4.315
     4.665
     4.320
     3.064
     4.252
     4.664
     4.816
     4.845
     4.684
     4.511
     5.245
     3.190
     2.553
     5.111
     4.109
     4.427
     5.238
     4.220
     4.734
     4.514
     4.281
     4.484
     5.027
     5.287
     3.499
     4.250
     4.490
     3.456
     5.560
     4.505
     4.773
     5.061
     5.191
     4.835
     4.176
     5.082
     3.937
     4.513
     5.104
     5.387
     4.531
     4.636
     4.214
     5.164
     4.521
     3.790
     5.173
     4.707
     4.322
     4.601
     5.139
     3.689
     4.187
     4.558
     4.526
     5.241
     3.144
     4.194
     5.047
     4.740
     4.610
     5.205
     3.753
     5.076
     4.309
     3.611
     4.704
     4.275
     5.169
     4.549
     5.033
     5.078
     2.660
     4.333
     4.168
     4.578
     5.138
     5.097
     5.020
     3.493
     5.025
     3.149
     5.484
     3.985
     5.646
     5.189
     3.531
     5.280
     4.288
     4.747
     4.367
     3.607
     5.150
     5.117
     4.095
     4.547
     4.967
     4.330
     5.164
     4.115
     4.828
     4.685
     4.326
     3.995
     5.313
     4.225
     4.498
     5.081
     3.577
     4.347
     4.773
     4.684
     4.316
     3.949
     3.244
     3.188
     4.041
     4.663
     4.626
     4.459
     4.090
     4.879
     4.081
     4.200
     4.668
     4.240
     2.638
     4.352
     2.859
     4.708
     5.163
     4.312
     4.852
     4.357
     4.494
     2.972
     3.825
     4.748
     4.220
     4.211
     4.985
     4.937
     5.027
     4.812
     4.632
     3.973
     5.348
     4.443
     4.373
     5.344
     4.257
     3.833
     4.086
     3.937
     4.578
     5.175
     4.251
     2.499
     4.236
     4.957
     4.384
     5.238
     4.330
     5.058
     5.023
     4.638
     4.845
     4.536
     5.206
     5.011
     4.919
     4.498
     4.728
     5.303
     5.184
     4.084
     5.085
     5.117
     3.411
     4.959
     5.166
     4.611
     3.981
     4.781
     5.127
     3.805
     4.120
     5.310
     5.127
     3.830
     4.558
     4.512
     4.142
     5.203
     5.036
     4.521
     4.660
     4.788
     5.026
     4.655
     4.698
     4.045
     4.205
     4.845
     4.263
     4.121
     3.974
     4.499
     4.664
     4.584
     4.942
     4.201
     4.299
     4.594
     4.694
     4.745
     4.111
     3.459
     5.059
     4.466
     5.155
     4.103
     3.796
     4.449
     4.619
     4.664
     3.855
     5.065
     5.095
     5.033
     3.404
     4.112
     4.296
     5.023
     4.695
     2.557
     4.751
     2.662
     4.442
     4.273
     3.694
     4.393
     4.600
     4.751
     4.382
     4.295
     4.949
     4.847
     2.772
     4.567
     2.270
     5.068
     4.584
     4.934
     4.475
     3.962
     4.046
     5.390
     5.019
     5.022
     4.234
     5.051
     5.311
     3.996
     4.255
     5.147
     5.234
     4.500
     4.931
     3.953
     4.893
     4.174
     2.466
     4.290
     5.352
     4.637
     3.986
     5.043
     4.624
     4.936
     4.704
     4.871
     3.941
     4.538
     2.973
     4.688
     4.765
     4.258
     4.522
     4.374
     5.128
     4.700
     5.229
     4.093
     3.256
     4.534
     4.548
     4.996
     4.410
     4.317
     4.299
     4.640
     4.238
     4.979
     4.468
     4.437
     4.499
     4.572
     2.694
     4.480
     4.135
     4.537
     4.458
     4.601
     4.619
     4.143
     5.302
     4.630
     4.659
     4.357
     4.736
     4.678
     3.235
     4.572
     4.111
     4.870
     3.912
     4.211
     3.450
     3.722
     4.033
     3.901
     5.167
     4.331
     4.813
     4.801
     4.689
     4.399
     4.061
     4.663
     3.873
     4.781
     4.310
     4.819
     4.703
     3.598
     4.279
     4.061
     5.054
     4.585
     4.416
     4.495
     4.467
     4.512
     4.321
     4.408
     4.993
     4.894
     5.050
     4.702
     4.440
     4.587
     4.686
     4.521
     4.094
     4.757
     4.421
     4.522
     4.364
     4.718
     4.305
     4.545
     4.405
     4.194
     4.232
     4.701
     3.572
     4.451
     4.625
     4.890
     3.141
     3.982
     4.203
     5.090
     4.304
     4.508
     4.477
     4.763
     5.482
     4.262
     4.495
     4.039
     4.275
     5.211
     5.217
     4.326
     4.521
     3.873
     5.158
     4.853
     5.193
     4.556
     4.505
     4.735
     4.183
     4.887
     4.763
     4.885
     4.165
     4.190
     5.327
     5.365
     4.059
     4.126
     4.156
     3.617
     4.687
     5.019
     5.172
     4.941
     4.309
     3.938
     4.097
     4.392
     4.276
     2.818
     3.975
     5.286
     5.071
     4.917
     4.794
     4.047
     4.518
     3.970
     2.815
     4.556
     3.127
     5.053
     3.875
     5.162
     5.085
     4.309
     4.557
     4.221
     5.127
     4.917
     4.772
     4.103
     4.625
     4.842
     4.290
     3.903
     4.488
     4.471
     4.806
     4.175
     2.605
     4.917
     4.654
     4.621
     3.906
     5.188
     4.553
     4.561
     4.569
     4.813
     4.947
     4.493
     3.413
     4.565
     2.914
     3.524
     4.317
     5.227
     4.382
     4.503
     4.440
     5.447
     5.067
     3.955
     4.165
     4.828
     3.826
     4.957
     4.158
     4.342
     2.755
     4.695
     4.660
     4.644
     4.188
     3.891
     5.012
     5.099
     5.016
     4.239
     4.373
     5.311
     5.030
     4.530
     4.927
     4.833
     4.642
     5.301
     2.956
     3.943
     4.952
     4.303
     4.398
     4.917
     4.693
     5.431
     4.534
     4.379
     5.012
     4.606
     4.677
     4.192
     4.360
     4.752
     4.949
     4.760
     5.448
     4.215
     3.094
     4.533
     2.687
     4.984
     4.550
     4.390
     4.833
     4.488
     4.448
     4.138
     4.144
     4.025
     4.401
     4.368
     4.705
     5.130
     4.475
     5.145
     5.015
     4.244
     4.509
     4.152
     4.195
     4.724
     4.537
     5.165
     5.158
     4.252
     3.981
     4.252
     5.244
     4.297
     5.390
     4.079
     4.511
     4.412
     4.342
     3.686
     5.145
     4.509
     5.196
     4.609
     4.236
     4.080
     4.345
     4.609
     5.010
     4.530
     4.484
     4.406
     4.706
     4.253
     5.366
     4.342
     5.320
     5.660
     4.219
     4.262
     4.844
     2.892
     5.027
     4.392
     5.295
     4.820
     3.141
     4.357
     4.485
     4.539
     4.515
     5.119
     3.862
     4.605
     4.556
     3.763
     5.103
     3.753
     5.155
     4.448
     5.209
     4.731
     5.488
     5.459
     4.520
     5.256
     4.473
     4.555
     4.731
     5.330
     4.293
     4.492
     4.163
     4.338
     4.456
     4.540
     5.139
     4.475
     5.064
     4.834
     4.272
     3.510
     5.151
     5.169
     5.142
     4.340
     5.111
     4.841
     4.262
     4.478
     4.514
     5.230
     2.986
     5.394
     4.527
     4.068
     4.508
     4.760
     4.292
     5.168
     4.058
     4.744
     3.765
     4.074
     4.098
     3.415
     4.987
     5.657
     2.483
     4.903
     4.517
     4.777
     4.733
     4.392
     5.144
     4.849
     4.566
     4.260
     4.752
     5.103
     5.008
     4.836
     4.803
     5.305
     5.504
     4.446
     5.225
     3.098
     4.505
     4.520
     4.118
     3.515
     4.233
     4.429
     4.482
     4.831
     4.607
     4.432
     4.532
     5.021
     5.073
     4.285
     2.932
     5.337
     4.261
     5.114
     5.030
     4.017
     2.672
     4.350
     4.149
     4.856
     5.179
     5.123
     2.633
     5.354
     5.037
     4.688
     4.783
     4.371
     4.240
     4.906
     4.039
     4.189
     4.140
     4.547
     5.012
     5.113
     3.573
     4.305
     3.963
     4.021
