     2.685
     2.460
     2.690
     2.690
     2.684
     2.686
     2.645
     2.596
     2.588
     2.583
     2.575
     2.598
     2.643
     2.665
     2.674
     2.684
     2.686
     2.687
     2.685
     2.682
     2.681
     2.692
     2.699
     2.692
     2.669
     2.647
     2.636
     2.640
     2.655
     2.662
     2.667
     2.655
     2.636
     2.603
     2.590
     2.564
     2.540
     2.506
     2.502
     2.520
     2.605
     2.652
     2.690
     2.743
     2.789
     2.881
     2.962
     3.010
     3.036
     3.048
     3.054
     3.054
     3.070
     3.060
     3.051
     3.033
     3.030
     3.019
     2.990
     2.964
     2.934
     2.908
     2.906
     2.920
     2.919
     2.926
     2.936
     2.943
     2.947
     2.931
     2.909
     2.897
     2.881
     2.858
     2.836
     2.848
     2.872
     2.923
     3.015
     3.091
     3.130
     3.129
     3.084
     3.036
     2.985
     2.927
     2.939
     2.938
     2.999
     3.064
     3.087
     3.105
     3.130
     3.147
     3.152
     3.162
     3.155
     3.135
     3.104
     3.060
     2.950
     2.876
     2.829
     2.834
     2.876
     2.921
     2.966
     3.058
     3.074
     3.086
     3.082
     3.100
     3.095
     3.056
     3.028
     3.033
     3.008
     3.028
     2.991
     3.003
     3.013
     3.022
     3.018
     2.992
     2.951
     2.875
     2.753
     2.601
     2.445
     2.322
     2.325
     2.449
     2.474
     2.466
     2.458
     2.436
     2.419
     2.423
     2.538
     2.595
     2.618
     2.657
     2.759
     2.856
     2.919
     2.961
     2.968
     2.951
     2.917
     2.872
     2.829
     2.772
     2.715
     2.634
     2.575
     2.586
     2.618
     2.667
     2.723
     2.752
     2.704
     2.576
     2.410
     2.218
     1.889
     1.671
     1.518
     1.536
     1.547
     1.555
     1.556
     1.598
     1.654
     1.698
     1.772
     1.838
     2.012
     2.094
     2.169
     2.373
     2.516
     2.719
     2.895
     3.071
     3.185
     3.244
     3.267
     3.276
     3.277
     3.279
     3.262
     3.231
     3.196
     3.158
     3.123
     3.080
     3.051
     3.029
     3.008
     2.987
     2.959
     2.932
     2.898
     2.866
     2.837
     2.808
     2.766
     2.704
     2.648
     2.663
     2.659
     2.642
     2.631
     2.637
     2.687
     2.750
     2.793
     2.830
     2.845
     2.857
     2.854
     2.793
     2.702
     2.496
     2.394
     2.534
     2.615
     2.717
     2.808
     2.880
     2.927
     2.974
     2.979
     2.987
     2.988
     2.990
     2.959
     2.930
     2.890
     2.843
     2.779
     2.730
     2.736
     2.794
     2.791
     2.788
     2.791
     2.809
     2.819
     2.823
     2.847
     2.867
     2.885
     2.891
     2.881
     2.869
     2.842
     2.798
     2.753
     2.701
     2.647
     2.592
     2.542
     2.510
     2.520
     2.517
     2.518
     2.523
     2.526
     2.527
     2.580
     2.618
     2.648
     2.668
     3.240
     2.048
     2.767
     2.764
     2.927
     2.606
     2.947
     2.537
     1.970
     2.798
     2.910
     2.804
     3.094
     2.698
     2.917
     2.470
     2.761
     3.055
     2.748
     2.692
     1.556
     2.563
     3.098
     2.643
     3.167
     2.958
     3.215
     2.633
     3.190
     2.930
     2.941
     2.651
     2.655
     2.597
     2.576
     1.491
     2.765
     2.749
     2.553
     2.774
     2.686
     1.852
     2.200
     2.753
     2.952
     3.008
     2.858
     2.626
     2.829
     3.056
     3.114
     2.474
     3.112
     3.243
     2.468
     3.145
     2.807
     3.054
     2.255
     3.029
     3.086
     2.832
     3.042
     3.102
     3.070
     1.747
     2.812
     3.029
     2.940
     2.698
     3.017
     1.820
     2.942
     2.645
     2.723
     3.043
     2.609
     2.770
     2.953
     2.750
     2.640
     2.741
     1.426
     2.465
     3.028
     2.476
     2.701
     3.298
     2.903
     1.918
     1.933
     2.723
     2.126
     2.670
     2.363
     2.501
     2.620
     2.614
     3.326
     2.923
     2.702
     3.138
     1.911
     2.871
     2.713
     2.561
     2.873
     2.657
     2.639
     2.802
     2.802
     2.837
     2.174
     3.386
     2.979
     3.090
     2.591
     2.898
     2.774
     3.144
     2.867
     2.394
     2.292
     2.241
     3.212
     2.515
     2.677
     2.879
     2.862
     2.707
     3.097
     2.846
     2.742
     2.579
     3.330
     2.485
     3.220
     2.932
     2.749
     2.281
     2.545
     2.981
     2.908
     2.087
     2.720
     2.855
     2.853
     2.661
     2.648
     2.579
     2.926
     2.067
     1.846
     2.610
     2.962
     2.139
     2.355
     2.713
     2.863
     3.012
     2.789
     2.747
     2.785
     2.754
     1.533
     3.180
     2.820
     3.398
     2.185
     3.128
     3.136
     2.796
     2.770
     2.821
     2.378
     1.982
     2.647
     2.519
     2.758
     2.622
     3.058
     2.703
     2.913
     2.883
     3.047
     2.638
     2.641
     2.469
     2.105
     1.581
     3.205
     2.473
     2.731
     3.161
     2.922
     3.054
     2.767
     2.910
     2.698
     2.805
     3.216
     3.103
     2.956
     3.028
     2.659
     2.473
     2.781
     3.066
     2.821
     2.927
     2.966
     3.122
     2.606
     2.889
     2.963
     2.689
     2.829
     2.482
     3.078
     2.129
     2.997
     2.703
     2.544
     3.015
     3.127
     1.639
     2.741
     2.436
     2.059
     1.844
     2.891
     1.623
     3.050
     3.101
     3.297
     2.915
     2.881
     3.257
     2.468
     1.478
     3.070
     3.265
     2.601
     3.165
     2.577
     2.660
     3.196
     2.730
     2.666
     2.723
     2.658
     2.448
     2.682
     2.545
     2.671
     2.897
     2.218
     2.783
     2.900
     3.002
     3.198
     2.893
     1.899
     2.792
     2.684
     2.678
     3.161
     3.255
     2.000
     2.702
     2.667
     3.123
     2.708
     2.915
     1.735
     2.009
     3.022
     2.924
     2.798
     2.706
     2.934
     2.621
     2.810
     2.665
     2.276
     2.830
     3.145
     2.878
     2.873
     2.636
     2.639
     2.577
     2.660
     3.091
     2.577
     2.423
     2.448
     2.721
     2.880
     2.863
     3.170
     2.784
     2.596
     2.782
     2.883
     2.965
     3.182
     3.107
     2.626
     2.831
     2.740
     3.294
     2.724
     3.330
     2.196
     2.537
     2.733
     2.661
     3.265
     2.629
     2.756
     3.155
     2.674
     2.773
     2.993
     2.996
     1.667
     2.749
     3.189
     1.911
     3.157
     3.074
     3.030
     2.560
     2.664
     2.547
     3.279
     3.026
     3.191
     2.919
     2.651
     2.635
     2.744
     2.735
     2.922
     2.584
     2.100
     2.591
     2.368
     2.633
     2.314
     2.929
     2.931
     2.946
     2.957
     2.641
     2.649
     2.873
     2.244
     3.303
     2.176
     2.273
     2.905
     2.632
     2.396
     3.151
     1.695
     3.001
     2.711
     2.888
     2.841
     2.562
     2.704
     2.277
     2.661
     2.942
     2.857
     2.664
     1.247
     2.948
     1.702
     2.458
     2.659
     2.851
     2.923
     2.886
     2.708
     2.682
     3.168
     2.837
     2.967
     2.714
     2.660
     3.179
     2.763
     2.624
     1.685
     2.813
     3.377
     3.179
     2.645
     2.877
     2.674
     2.529
     2.810
     1.867
     1.816
     2.707
     2.695
     2.577
     2.955
     3.040
     2.647
     3.062
     3.249
     2.989
     2.814
     1.869
     2.340
     2.895
     2.777
     2.043
     2.772
     2.860
     2.556
     2.974
     2.594
     2.756
     3.111
     2.884
     2.608
     2.743
     3.181
     2.883
     2.514
     2.564
     2.548
     2.549
     2.905
     3.031
     2.785
     2.674
     2.788
     2.796
     2.771
     2.474
     2.655
     3.160
     3.328
     2.089
     3.196
     2.564
     2.803
     2.759
     3.032
     2.772
     2.748
     2.765
     2.895
     1.784
     3.159
     2.058
     2.682
     1.901
     1.913
     2.857
     2.785
     3.006
     2.978
     2.670
     2.535
     2.585
     3.124
     3.001
     3.108
     2.670
     2.938
     3.321
     2.656
     2.592
     2.970
     2.103
     3.139
     2.769
     2.857
     2.640
     2.777
     2.560
     2.775
     2.992
     3.056
     2.868
     2.872
     2.249
     2.812
     2.744
     2.078
     2.666
     2.540
     2.571
     3.332
     3.180
     3.047
     2.349
     3.112
     3.094
     3.153
     2.812
     2.741
     2.203
     3.056
     2.809
     2.034
     2.714
     1.805
     2.860
     2.728
     2.645
     2.532
     2.715
     3.082
     2.146
     2.883
     2.784
     3.207
     2.665
     3.177
     2.172
     2.236
     2.676
     2.343
     2.963
     2.539
     2.638
     2.827
     2.705
     3.059
     2.796
     1.765
     3.091
     3.289
     2.977
     2.689
     1.773
     2.522
     2.613
     2.741
     2.812
     2.721
     2.727
     2.753
     3.036
     2.778
     3.045
     3.024
     2.426
     2.747
     3.058
     2.987
     2.602
     2.689
     2.850
     2.717
     2.754
     3.310
     2.698
     2.738
     2.942
     2.941
     1.660
     3.100
     1.818
     2.042
     2.897
     2.976
     2.711
     1.890
     2.425
     2.844
     2.917
     2.248
     3.057
     2.672
     2.709
     3.183
     3.146
     3.097
     2.648
     3.177
     2.458
     3.030
     2.669
     2.696
     2.559
     2.675
     2.964
     2.471
     2.963
     2.694
     3.093
     3.137
     2.353
     1.741
     2.897
     2.708
     1.500
     2.000
     2.734
     1.839
     2.742
     2.749
     2.618
     2.934
     2.870
     2.873
     2.722
     2.701
     2.646
     2.935
     1.763
     2.943
     3.010
     2.877
     2.678
     1.961
     2.730
     2.953
     2.597
     2.969
     2.283
     2.943
     2.619
     2.799
     2.677
     2.671
     2.651
     2.652
     3.205
     3.212
     2.560
     2.693
     2.836
     2.643
     2.122
     1.858
     3.240
     2.950
     2.854
     2.635
     2.865
     1.921
     3.072
     2.926
     3.268
     2.871
     2.713
     2.913
     2.788
     1.471
     3.120
     2.962
     2.612
     3.246
     2.957
     2.538
     3.214
     2.688
     2.756
     2.661
     2.968
     2.333
     3.059
     3.062
     3.119
     1.377
     2.993
     2.758
     2.775
     1.444
     2.740
     3.231
     2.760
     3.219
     3.165
     2.674
     2.952
     2.626
     2.488
     2.613
     2.923
     2.742
     2.877
     2.173
     2.801
     2.655
     3.174
     3.080
     3.154
     1.899
     2.793
     2.953
     2.806
     3.097
     2.802
     3.141
     2.936
     2.683
     2.975
     2.702
     3.430
     1.816
     2.921
     3.059
     3.346
     2.722
     2.811
     2.899
     3.258
     1.999
     2.492
     2.531
     2.439
     3.136
     1.869
     2.510
     3.114
     2.993
     3.045
     2.707
     3.062
     3.257
     2.934
     3.062
     2.653
     3.321
     2.769
     3.047
     2.504
     3.255
     2.895
     2.638
     2.752
     1.664
     3.245
     2.282
     2.663
     2.116
     3.023
     2.716
     2.598
     2.679
     2.375
     3.145
     2.796
     2.315
     3.143
     2.816
     2.663
     3.016
     2.745
     2.834
     2.688
     2.610
     2.794
     3.173
     3.181
     2.737
     2.693
     2.990
     2.088
     3.194
     3.063
     2.905
     3.101
     2.843
     2.698
     2.689
     2.739
     3.065
     3.211
     2.182
     3.123
     3.024
     2.675
     2.817
     2.934
     3.087
     2.857
     2.509
     2.954
     2.713
     1.364
     2.903
     2.625
     2.541
     2.845
     3.142
     2.184
     2.981
     3.285
     3.032
     2.698
     2.637
     2.967
     2.898
     2.711
     2.738
     2.645
     2.693
     2.211
     3.055
     2.510
     3.035
     2.667
     1.645
     2.671
     2.740
     2.792
     2.923
     3.004
     2.769
     3.108
     2.924
     1.863
     2.667
     2.722
     2.528
     2.931
     2.691
     2.473
     3.201
     2.506
     3.054
     3.070
     2.817
     2.401
     2.783
     3.129
     2.674
     2.989
     2.923
     2.713
     2.946
     2.952
     2.171
     3.276
     1.751
     2.687
     2.748
     2.807
     3.083
     1.250
     2.547
     3.090
     3.021
     3.200
     2.666
     3.101
     3.135
     2.869
     2.624
     2.660
     2.744
     3.266
     2.701
     2.494
     2.636
     2.584
     2.758
     2.685
     1.220
     3.162
     2.791
     2.847
     3.071
     2.567
     2.752
     2.185
     2.972
     2.193
     3.079
     2.545
     2.311
     2.568
     2.916
     2.792
     2.800
     2.725
     1.810
     2.627
     2.648
     3.289
     2.901
     3.195
     2.781
     1.638
     2.879
     2.687
     3.045
     2.801
     2.712
     2.644
     2.301
     2.756
     2.973
     2.894
     2.899
     3.077
     2.105
     2.691
     3.217
     2.902
     3.042
     2.524
     2.725
     2.531
     2.124
     2.759
     2.571
     3.052
     2.737
     2.865
     3.272
     2.744
     2.664
     2.653
     3.081
     1.876
     3.069
     3.242
     3.119
     2.835
     2.731
     1.440
     2.661
     2.451
     2.825
     2.606
     2.673
     2.962
     2.860
     2.726
     2.691
     2.770
     2.586
     3.122
     1.943
     2.640
     2.888
     3.153
     3.048
     2.712
     2.734
     2.626
     2.515
     3.055
     1.715
     2.739
     3.192
     2.647
     3.098
     2.858
     1.776
     2.549
     3.045
     2.616
     1.480
     2.796
     2.863
     3.155
     2.787
     2.911
     2.801
     3.081
     2.888
     3.029
     2.285
     1.793
     2.801
     2.791
     2.780
     2.219
     2.890
     3.057
     2.722
     2.140
     3.117
     2.085
     2.948
     2.512
     2.770
     2.988
     2.203
     2.643
     2.642
     2.760
     3.363
     2.911
     2.897
     3.011
     2.672
     2.678
     2.918
     2.559
     3.312
     2.518
     3.065
     1.514
     2.731
     2.581
     2.566
     2.683
     3.063
     2.701
     2.896
     2.683
     3.134
     2.594
     2.860
     2.801
     2.836
     2.698
     2.563
     3.278
     2.635
     2.664
     2.728
     2.827
     3.085
     2.479
     2.865
     2.950
     3.041
     2.931
     3.230
     2.793
     3.137
     3.256
     2.776
     2.758
     2.199
     2.046
     2.639
     2.953
     2.639
     2.590
     2.677
     2.719
     2.635
     2.782
     2.417
     1.832
     2.633
     2.796
     1.558
     2.876
     3.058
     2.978
     1.838
     2.645
     2.185
     3.063
     2.498
     3.153
     2.734
     2.628
     2.596
     2.815
     2.951
     2.892
     3.271
     2.661
     3.199
     3.164
     2.667
     2.673
     2.553
     3.341
     2.723
     2.855
     2.627
     3.076
     2.566
     2.734
     2.919
     3.272
     2.610
     2.563
     2.750
     1.873
     2.796
     2.606
     2.782
     2.180
     2.661
     3.018
     2.710
     3.099
     2.687
     2.324
     3.063
     2.600
     2.978
     2.335
     2.530
     3.088
     2.238
     3.040
     2.905
     2.352
     2.765
     2.831
     2.542
     2.974
     2.581
     1.986
     3.145
     1.891
     1.533
     3.292
     2.609
     2.280
     2.693
     2.657
     2.669
     2.870
     2.370
     2.608
     2.532
     2.675
     2.998
     2.681
     3.320
     2.964
     2.865
     2.667
     2.690
     2.593
     2.696
     2.416
     2.971
     2.661
     2.850
     2.329
     2.287
     3.042
     2.952
     2.599
     2.741
     2.560
     2.853
     2.729
     3.123
     3.287
     2.722
     3.049
     2.701
     2.597
     3.188
     2.778
     2.016
     2.586
     2.485
     1.668
     3.023
     3.002
     2.749
     2.323
     2.936
     2.752
     2.709
     1.996
     2.667
     3.250
     2.746
     3.051
     2.739
     3.029
     2.470
     2.770
     2.952
     2.829
     1.904
     2.525
     2.676
     1.866
     2.867
     2.983
     2.745
     2.286
     3.160
     3.014
     2.722
     2.900
     2.703
     2.747
     2.796
     2.131
     3.022
     2.314
     2.708
     3.100
     2.975
     2.847
     2.847
     2.498
     2.832
     2.869
     2.668
     2.702
     2.745
     2.966
     2.660
     2.012
     2.587
     2.685
     2.959
     2.903
     2.588
     3.161
     2.888
     3.253
     2.870
     2.913
     2.878
     2.734
     2.960
     2.713
     3.303
     2.577
     3.148
     2.648
     2.836
     1.939
     2.908
     2.641
     2.838
     2.575
     3.006
     2.470
     2.745
     2.715
     1.840
     2.632
     2.657
     2.663
     2.788
     2.238
     2.835
     2.672
     1.900
     1.571
     3.215
     2.917
     2.936
     2.690
     2.637
     3.153
     2.808
     2.803
     3.300
     2.582
     2.732
     3.156
     3.101
     3.085
     3.188
     2.801
     2.882
     3.054
     2.521
     3.210
     2.595
     2.940
     2.616
     2.662
     2.680
     3.108
     1.760
     2.891
     2.819
     1.955
     3.013
     2.744
     2.764
     2.679
     3.240
     3.148
     2.175
     2.743
     2.716
     3.159
     2.742
     3.223
     2.723
     2.985
     3.238
     3.021
     2.984
     3.060
     3.025
     3.329
     2.730
     2.081
     2.959
     3.380
     1.578
     2.935
     2.659
     3.124
     3.089
     2.704
     2.862
     2.722
     3.203
     2.656
     3.244
     2.408
     2.835
     1.729
     3.205
     2.509
     1.934
     2.737
     2.687
     2.742
     2.810
     2.758
     2.353
     3.156
     2.835
     2.655
     3.051
     3.318
     2.724
     2.723
     3.099
     2.859
     2.697
     1.999
     2.878
     2.647
     2.596
     3.052
     2.887
     2.969
     2.749
     2.065
     1.362
     2.503
     2.191
     3.206
     2.720
     1.968
     2.884
     2.711
     2.538
     2.487
     2.579
     1.535
     1.561
     3.002
     2.822
     2.690
     2.567
     2.687
     3.155
     2.234
     2.139
     2.884
     2.894
     2.956
     2.468
     2.847
     2.499
     2.588
     2.642
     1.843
     2.656
     3.063
     2.762
     2.592
     2.936
     2.604
     2.808
     2.901
     2.945
     2.675
     3.098
     3.180
     3.238
     2.519
     2.715
     3.094
     2.534
     1.937
     1.554
     2.385
     1.916
     2.928
     3.223
     1.664
     2.878
     2.801
     2.814
     2.835
     3.092
     2.912
     2.726
     2.706
     2.623
     2.037
     2.742
     3.207
     2.826
     2.143
     3.023
     2.557
     3.101
     2.035
     3.002
     2.894
     2.724
     2.915
     1.651
     3.088
     2.872
     2.614
     3.297
     2.958
     1.826
     1.829
     1.672
     3.015
     2.665
     2.614
     2.609
     1.733
     2.920
     1.624
     2.839
     2.710
     2.762
     2.788
     2.796
     3.034
     2.771
     2.741
     2.287
     3.019
     2.984
     2.479
     2.868
     2.113
     3.107
     2.436
     2.728
     2.615
     2.205
     2.852
     2.781
     2.738
     2.010
     2.838
     2.389
     2.893
     2.716
     3.178
     2.721
     2.576
     2.963
     3.231
     2.431
     2.818
     2.641
     2.580
     2.453
     2.749
     3.270
     3.264
     2.726
     2.750
     2.549
     2.836
     2.835
     2.735
     2.948
     2.669
     2.645
     3.080
     2.825
     2.862
     2.884
     2.713
     2.811
     2.638
     2.646
     2.705
     2.649
     2.930
     2.697
     2.796
     2.703
     2.790
     1.776
     2.563
     2.821
     2.993
     2.931
     3.056
     3.209
     2.683
     2.686
     2.971
     2.848
     3.128
     2.818
     2.446
     3.092
     3.122
     3.414
     2.859
     2.684
     2.867
     3.184
     2.692
     2.210
     1.486
     3.100
     3.130
     2.729
     2.929
     2.969
     2.328
     3.099
     2.972
     2.613
     3.202
     2.624
     2.796
     2.600
     2.252
     2.934
     2.916
     2.121
     3.325
     2.683
     1.864
     2.663
     2.940
     2.859
     2.359
     2.634
     3.286
     2.052
     3.127
     2.675
     2.951
     2.486
     2.688
     3.114
     2.569
     3.050
     2.711
     2.733
     2.525
     2.771
     2.640
     2.547
     3.002
     3.271
     3.063
     2.645
     2.571
     3.031
     2.575
     1.981
     2.975
     2.939
     2.875
     2.281
     2.791
     1.851
     2.855
     2.137
     3.137
     2.783
     2.616
     2.210
     2.889
     2.644
     2.674
     2.339
     2.991
     2.670
     2.848
     2.601
     2.715
     2.868
     2.694
     2.653
     2.607
     2.966
     2.997
     2.697
     2.915
     2.027
     2.715
     2.606
     3.115
     2.757
     2.638
     1.877
     2.918
     3.179
     3.193
     2.997
     2.932
     2.204
     3.080
     3.064
     2.732
     3.345
     2.530
     3.084
     2.829
     2.818
     2.605
     2.675
     2.612
     2.252
     2.870
     1.663
     1.949
     2.888
     2.937
     2.859
     2.950
     2.778
     2.609
     3.009
     3.120
     2.689
     2.579
     2.685
     2.668
     2.762
     2.775
     2.764
     2.737
     2.809
     2.569
     2.690
     3.256
     1.916
     1.373
     2.970
     2.680
     2.662
     2.664
     2.767
     2.684
     2.642
     2.039
     3.312
     3.002
     2.637
     3.171
     2.963
     2.898
     2.675
     1.716
     2.779
     3.029
     2.685
     2.894
     3.281
     2.733
     2.722
     2.069
     2.704
     3.130
     2.998
     2.759
     2.691
     2.557
     3.084
     2.463
     2.821
     2.730
     3.238
     2.751
     3.110
     2.959
     2.733
     2.793
     2.544
     3.238
     2.843
     1.504
     2.836
     2.386
     2.808
     1.470
     2.096
     2.869
     2.791
     2.789
     2.690
     2.716
     2.832
     3.088
     1.741
     2.500
     2.914
     2.464
     2.756
     2.681
     2.893
     3.016
     2.946
     2.906
     2.551
     2.853
     1.725
     2.770
     1.973
     2.734
     1.985
     3.256
     2.468
     2.559
     2.878
     2.883
     3.163
     2.754
     2.053
     2.948
     2.189
     2.619
     2.126
     2.807
     2.895
     2.348
     2.186
     2.752
     2.938
     2.846
     3.044
     3.177
     2.785
     2.219
     2.554
     2.710
     2.950
     3.289
     2.645
     1.959
     2.672
     3.085
     2.992
     3.053
     2.363
     2.764
     2.597
     2.522
     2.904
     3.080
     3.114
     3.217
     2.812
     2.757
     2.757
     3.057
     2.743
     2.402
     2.437
     2.757
     2.860
     2.346
     2.554
     2.637
     3.049
     2.969
     3.106
     2.799
     1.983
     2.804
     2.804
     3.104
     3.098
     2.824
     2.757
     3.016
     2.602
     2.550
     2.992
     2.773
     2.401
     3.149
     1.419
     2.021
     3.163
     2.996
     3.284
     3.057
     3.029
     2.985
     2.874
     2.866
     2.630
     3.081
     2.882
     2.869
     3.062
     2.771
     2.609
     2.573
     1.891
     2.643
     2.601
     2.857
     2.830
     2.890
     2.831
     3.171
     2.870
     2.732
     2.899
     3.028
     2.844
     2.698
     2.629
     3.160
     3.130
     2.815
     3.189
     3.392
     2.724
     2.740
     2.769
     2.862
     2.923
     2.819
     2.593
     2.772
     2.918
     2.758
     3.170
     2.886
     3.119
     1.734
     2.578
     2.773
     2.974
     2.630
     2.784
     2.159
     2.646
     2.706
     2.619
     1.701
     2.728
     2.985
     2.692
     2.672
     2.655
     2.882
     1.737
     1.602
     3.154
     3.172
     3.187
     2.808
     2.991
     1.934
     2.449
     2.639
     2.679
     3.158
     2.532
     2.556
     2.610
     2.494
     2.595
     2.819
     3.002
     2.643
     2.850
     2.787
     2.601
     2.639
     3.024
     2.878
     2.568
     2.887
     3.229
     2.234
     2.700
     2.078
     1.616
     2.741
     2.834
     3.303
     3.104
     2.443
     2.428
     2.911
     3.034
     2.861
     1.858
     1.941
     2.622
     2.202
     2.371
     3.169
     2.675
     2.652
     3.431
     2.511
     1.839
     1.978
     3.052
     2.662
     3.153
     2.764
     1.686
     2.747
     3.039
     2.921
     2.760
     2.918
     2.051
     2.600
     3.325
     2.354
     3.215
     2.726
     3.239
     2.883
     2.695
     1.301
     3.212
     2.788
     2.739
     1.849
     3.070
     2.795
     3.027
     3.149
     3.007
     3.126
     2.501
     3.221
     2.250
     3.014
     2.935
     2.863
     2.722
     2.956
     3.173
     2.274
     2.553
     3.210
     1.633
     3.232
     2.860
     3.349
     3.001
     2.735
     2.702
     2.668
     2.886
     2.633
     3.202
     3.000
     2.692
     2.931
     2.912
     3.149
     3.009
     2.562
     1.450
     2.342
     2.789
     2.784
     3.297
     3.268
     2.760
     3.144
     2.890
     2.671
     2.714
     2.775
     3.111
     2.800
     2.858
     3.298
     3.123
     2.661
     2.721
     3.119
     2.965
     2.414
     3.099
     2.925
     2.845
     2.752
     3.014
     1.160
     1.715
     3.105
     2.914
     3.263
     2.699
     2.997
     1.737
     2.346
     2.549
     2.684
     3.351
     2.698
     2.606
     2.598
     3.317
     2.771
     3.066
     2.623
     3.280
     2.971
     2.137
     2.999
     2.912
     3.092
     3.116
     3.028
     3.114
     2.668
     2.926
     3.005
     2.985
     3.172
     2.683
     2.957
     2.937
     3.101
     1.855
     2.396
     2.883
     2.721
     2.769
     2.555
     2.937
     2.599
     3.064
     3.080
     3.059
     3.183
     2.745
     2.934
     2.752
     2.717
     3.157
     2.727
     3.054
     2.919
     3.117
     2.808
     2.690
     3.134
     2.904
     2.829
     2.889
     2.937
     3.020
     2.788
     2.764
     2.658
     2.736
     2.908
     3.102
     1.750
     2.589
     2.783
     3.246
     3.031
     2.345
     2.882
     3.044
     3.040
     2.841
     2.568
     3.176
     3.051
     2.671
     2.716
     2.573
     2.605
     2.718
     2.663
     2.650
     1.668
     3.134
     3.236
     2.597
     2.837
     2.983
     3.098
     2.513
     2.518
     2.864
     2.670
     2.053
     3.108
     2.758
     3.325
     2.669
     3.106
     3.095
     2.758
     2.982
     2.782
     2.611
     2.763
     2.241
     3.076
     2.741
     2.967
     2.302
     2.692
     2.949
     2.766
     3.206
     2.019
     2.589
     2.573
     2.696
     2.147
     2.767
     3.078
     3.396
     3.300
     2.942
     2.877
     2.674
     2.924
     2.987
     3.031
     3.058
     1.772
     2.642
     2.901
     3.108
     1.488
     2.433
     3.147
     3.071
     3.096
     3.109
     2.607
     3.040
     2.638
     2.725
     2.879
     2.595
     2.881
     3.063
     3.044
     3.061
     2.707
     3.151
     2.664
     2.956
     1.901
     2.710
     2.351
     2.943
     1.946
     3.027
     2.523
     2.865
     3.192
     3.010
     2.797
     2.647
     2.613
     2.753
     2.735
     3.100
     2.592
     2.796
     2.751
     2.479
     2.451
     2.759
     2.630
     2.788
     2.135
     2.502
     3.011
     2.837
     2.834
     2.842
     2.712
     3.070
     2.667
     2.968
     2.587
     2.706
     2.723
     3.022
     2.480
     2.684
     2.739
     2.696
     1.599
     2.220
     2.682
     1.739
     2.752
     3.089
     2.919
     2.469
     2.973
     2.670
     2.620
     3.141
     2.645
     3.070
     2.828
     2.752
     2.040
     2.832
     2.189
     2.898
     1.566
     2.959
     2.786
     2.817
     1.899
     2.637
     2.835
     2.524
     2.670
     2.552
     2.215
     2.633
     3.208
     3.081
     2.844
     1.994
     2.714
     2.672
     2.752
     3.118
     2.496
     2.683
     2.820
     2.479
     2.763
     2.635
     2.394
     2.890
     2.779
     2.628
     2.604
     2.619
     3.031
     2.382
     2.705
     1.989
     2.767
     3.322
     3.145
     3.025
     2.670
     2.773
     2.738
     3.101
     2.999
     2.708
     3.238
     2.731
     2.918
     2.732
     2.730
     2.770
     2.736
     2.811
     2.782
     2.897
     3.210
     2.145
     3.137
     1.867
     2.626
     1.615
     2.904
     2.809
     2.901
     2.524
     2.915
     2.643
     1.330
     2.718
     2.273
     1.906
     2.853
     2.657
     2.826
     2.581
     2.957
     1.658
     3.003
     2.687
     2.223
     2.947
     2.985
     3.146
     3.248
     2.652
     1.561
     2.558
     2.910
     2.933
     3.113
     2.613
     2.884
     2.915
     2.647
     2.546
     2.663
     3.122
     1.683
     3.039
     3.218
     3.057
     2.860
     3.260
     2.695
     2.901
     2.756
     2.865
     2.789
     2.637
     3.173
     2.678
     2.912
     2.718
     3.102
     2.636
     2.800
     2.330
     2.768
     3.127
     2.530
     2.635
     2.483
     2.653
     1.879
     2.648
     3.141
     2.697
     1.665
     2.697
     3.016
     3.060
     2.681
     2.655
     2.993
     2.756
     3.092
     2.906
     3.098
     2.592
     2.201
     2.990
     2.236
     3.119
     1.631
     3.167
     1.736
     2.675
     2.665
     2.490
     2.859
     2.745
     2.355
     2.952
     2.861
     2.775
     2.879
     2.732
     2.398
     1.889
     2.656
     2.990
     2.728
     2.713
     2.684
     2.650
     3.055
     2.538
     3.084
     2.814
     3.197
     2.739
     3.110
     2.711
     2.795
     2.913
     2.652
     3.208
     3.041
     2.586
     2.883
     2.750
     2.762
     2.732
     2.636
     3.136
     3.011
     3.141
     2.458
     2.586
     2.411
     3.251
     2.778
     3.122
     2.690
     2.746
     3.196
     3.037
     3.021
     1.636
     2.383
     3.108
     2.713
     2.475
     3.019
     2.829
     2.682
     3.249
     2.961
     2.643
     2.733
     2.900
     2.652
     2.834
     2.858
     2.673
     3.016
     2.684
     2.939
     2.710
     2.560
     3.101
     2.670
     2.485
     2.806
     3.120
     3.024
     2.705
     1.770
     1.796
     3.016
     2.368
     2.860
     2.941
     2.797
     2.947
     2.790
     2.973
     2.466
     2.729
     1.439
     2.793
     2.891
     3.032
     2.546
     2.305
     2.992
     3.087
     2.700
     2.068
     3.127
     2.973
     2.718
     2.717
     2.257
     3.089
     2.613
     2.689
     1.973
     2.886
     1.970
     2.526
     1.653
     2.573
     2.649
     3.162
     3.196
     3.293
     3.067
     3.152
     2.869
     2.681
     3.234
     3.153
     2.931
     3.143
     2.214
     2.749
     2.570
     2.007
     2.791
     2.227
     2.967
     2.696
     2.771
     2.763
     2.924
     2.924
     3.077
     2.772
     2.828
     2.696
     2.754
     2.626
     1.451
     3.061
     2.144
     2.831
     2.418
     1.914
     2.778
     2.307
     2.877
     2.714
     2.811
     2.839
     2.854
     2.648
     2.868
     2.642
     2.841
     2.871
     2.711
     2.470
     2.510
     2.571
     3.275
     2.990
     2.928
     2.766
     2.804
     2.907
     2.748
     2.642
     2.663
     2.915
     3.210
     2.627
     2.711
     2.489
     1.863
     2.910
     2.606
     2.415
     3.064
     2.728
     2.644
     2.944
     2.980
     3.028
     2.679
     2.193
     2.950
     2.724
     3.054
     2.096
     2.576
     2.625
     2.669
     3.182
     3.149
     2.614
     3.291
     1.893
     2.797
     2.232
     3.132
     2.650
     2.996
     2.743
     3.070
     2.851
     2.599
     3.103
     2.707
     2.859
     3.279
     3.041
     2.836
     1.904
     2.947
     3.244
     2.821
     2.875
     2.841
     2.781
     2.721
     2.628
     1.899
     3.030
     1.704
     2.611
     2.938
     2.891
     2.630
     2.803
     2.936
     2.910
     2.761
     2.489
     2.705
     2.913
     3.192
     2.728
     3.134
     2.919
     1.559
     1.538
     2.762
     3.059
     2.629
     2.642
     2.683
     3.293
     2.716
     2.678
     2.676
     2.439
     2.835
     1.476
     2.752
     2.166
     2.622
     2.932
     2.683
     3.362
     1.923
     2.123
     3.036
     2.763
     2.640
     2.817
     3.041
     2.741
     2.684
     2.661
     2.742
     2.986
     3.287
     2.930
     2.911
     2.674
     2.738
     1.775
     3.171
     2.625
     2.836
     2.840
     3.265
     3.070
     2.726
     2.606
     2.247
     2.088
     2.752
     2.885
     3.329
     2.743
     2.654
     3.105
     2.419
     2.636
     2.758
     2.666
     2.603
     2.983
     2.724
     2.224
     3.017
     2.954
     3.239
     2.910
     2.354
     2.537
     3.080
     3.073
     3.356
     2.601
     3.052
     2.764
     2.712
     2.075
     2.828
     2.246
     2.529
     2.914
     2.960
     2.313
     2.946
     2.797
     2.963
     1.967
     2.210
     2.712
     3.219
     1.542
     2.730
     2.017
     1.820
     3.252
     3.253
     3.058
     3.066
     2.575
     2.622
     1.767
     2.841
     3.047
     3.305
     3.052
     3.111
     2.510
     2.714
     2.684
     2.704
     3.109
     1.637
     2.022
     2.955
     2.870
     3.063
     2.955
     2.515
     2.817
     2.701
     2.721
     2.522
     1.703
     2.562
     3.111
     2.449
     2.825
     3.021
     2.979
     2.933
     3.160
     2.671
     3.169
     2.941
     2.737
     2.726
     2.281
     2.696
     3.002
     2.950
     2.253
     2.740
     2.570
     3.063
     3.279
     2.826
     2.527
     3.227
     3.117
     2.620
     2.660
     2.678
     3.048
     2.665
     2.769
     2.786
     2.146
     2.979
     3.145
     3.058
     3.288
     2.308
     3.089
     3.261
     2.362
     2.758
     2.771
     2.442
     3.080
     3.123
     3.028
     2.598
     2.690
     2.700
     2.718
     2.515
     2.620
     3.156
     1.591
     2.651
     2.220
     3.384
     3.129
     2.660
     2.716
     3.321
     2.675
     2.163
     2.592
     2.998
     3.018
     3.062
     2.700
     3.174
     2.646
     2.667
     2.995
     2.681
     2.940
     2.758
     3.099
     2.638
     2.749
     3.257
     2.670
     3.002
     2.041
     3.093
     2.946
     2.774
     3.072
     2.557
     2.842
     2.569
     3.104
     2.463
     2.750
     2.027
     2.581
     2.772
     2.748
     1.793
     2.681
     2.545
     2.913
     2.588
     2.220
     2.358
     3.178
     3.377
     2.843
     3.142
     3.187
     2.643
     1.954
     2.659
     2.997
     2.916
     2.710
     2.951
     2.932
     2.821
     2.638
     3.040
     2.922
     3.221
     2.803
     1.816
     2.501
     1.726
     1.832
     2.661
     2.893
     2.615
     3.292
     1.711
     2.925
     2.559
     3.111
     3.056
     2.788
     3.273
     2.625
     2.989
     2.935
     3.199
     3.191
     2.638
     3.054
     2.420
     3.253
     3.091
     2.632
     3.027
     2.699
     2.977
     2.671
     2.732
     2.678
     2.889
     2.604
     1.645
     1.386
     1.729
     3.093
     3.234
     3.105
     3.334
     3.022
     2.894
     2.651
     2.696
     2.733
     2.691
     2.822
     3.018
     2.565
     2.772
     1.829
     2.664
     2.767
     3.279
     2.782
     1.898
     3.018
     2.384
     3.284
     2.655
     2.817
     2.794
     2.893
     3.171
     2.806
     3.260
     3.099
     2.836
     2.960
     2.676
     3.027
     2.138
     3.033
     3.203
     2.690
     2.896
     2.831
     3.036
     2.965
     2.732
     2.803
     2.926
     2.620
     2.611
     2.674
     2.841
     2.846
     2.480
     2.610
     1.675
     2.639
     3.329
     2.925
     2.725
     2.447
     2.934
     3.136
     2.529
     2.750
     3.369
     2.709
     3.033
     2.527
     2.597
     3.212
     3.249
     2.440
     2.820
     2.713
     2.936
     2.731
     2.056
     2.650
     2.916
     3.032
     2.715
     2.514
     2.729
     3.020
     2.850
     2.847
     2.726
     2.821
     2.788
     2.551
     1.825
     3.109
     2.877
     2.027
     2.750
     2.801
     2.880
     2.975
     2.494
     2.679
     1.338
     2.718
     2.866
     3.294
     3.221
     2.572
     2.839
     3.140
     3.078
     2.656
     2.914
     2.865
     1.789
     2.273
     2.871
     2.735
     3.132
     2.894
     2.667
     3.035
     3.002
     3.145
     3.031
     2.557
     2.638
     3.147
     2.730
     2.657
     3.266
     1.567
     2.763
     2.832
     2.705
     2.525
     2.232
     2.657
     2.448
     2.701
     3.057
     3.178
     2.778
     1.786
     2.484
     3.039
     3.015
     2.944
     2.934
     2.442
     3.076
     1.888
     2.817
     1.964
     3.167
     2.965
     3.147
     2.628
     3.112
     2.557
     3.003
     2.604
     3.183
     2.790
     2.822
     3.287
     2.942
     2.859
     2.831
     2.671
     3.217
     2.906
     2.953
     1.341
     2.868
     1.649
     2.851
     2.661
     3.041
     3.108
     3.106
     2.159
     2.706
     2.190
     2.861
     2.823
     3.007
     2.677
     2.696
     2.569
     3.161
     3.218
     2.030
     2.494
     2.785
     2.815
     1.640
     1.961
     2.675
     2.833
     2.739
     2.943
     2.781
     2.501
     2.663
     2.774
     2.601
     2.859
     2.544
     2.632
     3.055
     2.843
     2.555
     2.855
     2.626
     2.907
     3.250
     3.200
     2.909
     2.688
     2.858
     2.857
     2.793
     1.836
     3.147
     2.912
     2.528
     2.641
     2.622
     2.646
     2.654
     2.931
     2.574
     2.796
     2.453
     2.847
     2.576
     2.655
     1.298
     2.617
     2.721
     2.079
     2.658
     2.529
     2.984
     2.569
     2.756
     2.698
     2.693
     3.095
     2.295
     2.752
     2.778
     3.305
     2.516
     2.561
     2.178
     2.671
     3.182
     2.716
     2.378
     2.844
     2.600
     2.724
     2.220
     3.160
     2.544
     3.271
     2.460
     2.373
     2.943
     3.245
     2.237
     3.290
     2.695
     2.838
     2.973
     2.886
     2.780
     2.409
     3.328
     3.064
     2.677
     2.660
     2.751
     2.629
     2.549
     1.576
     3.066
     2.876
     2.106
     2.500
     2.760
     2.651
     2.675
     3.099
     3.033
     2.702
     3.024
     1.825
     2.959
     2.904
     2.606
     1.931
     2.595
     2.897
     1.942
     2.938
     1.741
     2.718
     2.071
     2.731
     2.552
     1.557
     2.689
     2.617
     1.575
     2.555
     2.958
     3.169
     2.808
     2.574
     3.055
     2.736
     3.003
     2.828
     3.111
     2.790
     2.834
     2.823
     2.968
     2.035
     3.226
     2.836
     2.518
     3.027
     3.069
     3.167
     2.666
     2.705
     2.877
     3.006
     2.785
     3.024
     2.981
     2.609
     3.102
     2.733
     1.431
     3.128
     2.891
     2.921
     3.199
     2.618
     2.804
     2.632
     2.753
     2.466
     3.146
     2.708
     2.714
     2.620
     2.775
     3.051
     2.768
     2.689
     2.270
     2.733
     2.604
     2.622
     3.073
     2.574
     3.207
     2.384
     2.614
     2.885
     2.616
     2.602
     3.015
     2.683
     2.844
     2.653
     2.811
     2.411
     2.562
     1.968
     2.906
     2.850
     2.973
     2.854
     2.759
     2.690
     2.918
     2.259
     2.979
     2.834
     2.495
     2.795
     3.048
     2.582
     3.130
     2.779
     3.192
     3.205
     2.524
     2.797
     2.017
     2.528
     2.649
     2.899
     3.093
     2.147
     2.559
     1.996
     3.053
     3.321
     2.786
     2.695
     2.375
     3.083
     2.802
     3.114
     2.063
     3.000
     2.255
     2.781
     2.001
     2.186
     2.642
     2.783
     2.415
     2.653
     2.922
     2.919
     2.763
     2.662
     2.784
     2.523
     3.033
     2.944
     2.473
     2.965
     2.914
     2.611
     3.112
     2.749
     2.750
     3.080
     2.889
     3.124
     3.103
     3.022
     2.691
     1.785
     2.958
     1.508
     2.109
     2.659
     3.139
     2.484
     2.934
     2.694
     2.879
     2.703
     2.760
     2.723
     3.109
     1.897
     2.661
     2.915
     2.940
     2.717
     2.603
     1.431
     2.711
     2.552
     2.655
     2.563
     2.859
     3.060
     2.672
     3.143
     3.112
     2.930
     3.123
     2.747
     2.595
     2.842
     2.725
     2.901
     3.011
     3.001
     2.694
     1.759
     2.513
     2.994
     2.732
     2.528
     3.234
     2.893
     1.781
     2.994
     2.984
     3.265
     2.834
     2.777
     2.191
     2.611
     2.718
     2.014
     3.006
     2.725
     2.693
     2.667
     3.022
     2.648
     2.635
     2.742
     2.696
     2.785
     2.799
     2.332
     2.712
     2.823
     2.764
     2.880
     2.599
     2.987
     3.156
     2.680
     2.980
     2.357
     3.247
     1.913
     2.579
     3.007
     2.771
     2.884
     2.973
     3.190
     2.661
     2.444
     2.637
     2.689
     3.065
     2.948
     2.514
     3.159
     2.056
     2.668
     2.854
     3.291
     3.243
     2.729
     3.099
     2.665
     3.134
     2.728
     2.696
     2.698
     2.183
     2.585
     2.642
     2.189
     2.860
     2.641
     2.721
     2.660
     2.829
     2.886
     2.846
     2.875
     3.138
     3.312
     2.727
     2.918
     3.366
     2.700
     2.929
     2.838
     3.167
     2.788
     2.704
     2.764
     3.017
     2.649
     2.052
     2.770
     2.779
     1.944
     2.637
     2.351
     2.811
     2.984
     1.673
     2.566
     2.936
     2.168
     2.615
     2.911
     2.849
     3.203
     2.797
     2.510
     2.761
     2.953
     2.653
     2.867
     2.813
     2.726
     2.876
     2.686
     2.667
     3.146
     2.699
     3.307
     3.053
     2.998
     2.959
     2.601
     3.303
     2.513
     2.616
     2.740
     2.934
     3.330
     2.847
     2.557
     1.506
     2.871
     2.766
     2.841
     2.478
     2.768
     2.318
     2.474
     2.718
     2.655
     2.699
     2.674
     2.749
     2.856
     3.190
     2.722
     2.567
     2.595
     2.802
     2.682
     2.695
     2.637
     2.464
     2.114
     3.031
     2.794
     1.959
     2.983
     2.217
     2.658
     2.615
     2.539
     2.210
     2.552
     2.855
     2.675
     2.899
     2.899
     2.669
     1.789
     2.936
     2.773
     2.234
     2.692
     2.793
     2.743
     2.814
     3.022
     2.829
     2.534
     3.175
     2.748
     3.022
     3.255
     2.632
     3.207
     2.701
     2.830
     1.901
     2.941
     2.962
     2.671
     3.140
     3.263
     2.748
     2.494
     3.033
     2.076
     2.784
     2.374
     2.451
     3.017
     3.246
     3.109
     2.527
     2.674
     3.112
     2.693
     3.095
     2.668
     3.071
     2.756
     2.799
     2.988
     3.220
     3.189
     2.442
     2.729
     2.664
     2.725
     2.851
     3.206
     2.688
     2.136
     2.734
     2.527
     2.895
     2.955
     2.372
     2.882
     2.723
     1.826
     2.829
     2.613
     2.427
     3.312
     3.006
     3.161
     3.153
     2.763
     2.203
     2.964
     3.212
     3.122
     3.238
     2.245
     1.575
     2.140
     2.323
     2.833
     2.748
     3.182
     3.184
     2.805
     2.628
     2.985
     2.233
     3.053
     2.754
     1.499
     2.353
     2.501
     2.753
     1.959
     3.067
     3.000
     2.599
     2.367
     2.667
     2.996
     2.883
     2.694
     2.743
     2.704
     2.035
     1.678
     2.773
     2.955
     3.057
     1.965
     2.959
     2.747
     3.093
     2.035
     2.681
     2.731
     2.612
     2.970
     2.822
     2.632
     2.767
     2.784
     2.622
     2.917
     2.293
     2.402
     3.118
     2.860
     2.595
     2.829
     1.965
     2.615
     2.828
     2.067
     2.728
     2.714
     2.373
     2.611
     2.813
     2.878
     3.122
     2.692
     2.746
     3.052
     2.536
     2.717
     2.836
     2.700
     2.753
     2.804
     2.501
     2.598
     2.265
     2.903
     2.816
     2.657
     2.901
     2.883
     2.096
     3.062
     2.847
     2.938
     2.960
     1.742
     2.682
     2.718
     2.592
     2.589
     2.743
     2.634
     3.290
     3.032
     2.756
     2.596
     2.770
     2.794
     2.196
     2.964
     2.609
     2.921
     2.717
     3.069
     3.257
     2.754
     2.639
     2.816
     2.108
     2.849
     2.714
     3.113
     1.507
     2.587
     3.111
     3.297
     2.659
     3.085
     2.176
     2.256
     2.313
     1.632
     3.026
     2.699
     3.198
     2.334
     2.734
     2.803
     3.042
     2.332
     2.674
     2.681
     2.412
     2.712
     2.937
     2.663
     2.789
     1.839
     2.965
     2.749
     2.038
     1.579
     2.460
     2.663
     2.798
     2.533
     1.688
     2.599
     2.937
     2.697
     3.133
     3.039
     2.750
     3.242
     2.921
     2.819
     2.543
     2.934
     2.500
     1.882
     2.738
     2.708
     2.691
     2.787
     2.667
     2.678
     1.843
     2.521
     2.506
     2.826
     2.641
     2.773
     3.148
     2.269
     2.697
     3.121
     3.269
     2.673
     2.805
     1.694
     1.937
     2.639
     3.140
     2.942
     2.611
     2.739
     3.242
     2.662
     2.721
     2.423
     2.466
     2.096
     2.403
     3.141
     2.968
     2.713
     2.846
     3.429
     3.257
     2.762
     1.986
     3.020
     2.790
     1.499
     2.692
     2.427
     3.038
     2.819
     3.096
     2.955
     2.655
     3.016
     2.763
     2.592
     2.815
     3.018
     2.685
     2.583
     3.019
     2.029
     2.671
     3.201
     3.081
     2.995
     3.106
     2.457
     2.526
     3.260
     2.659
     3.347
     2.956
     2.734
     2.866
     2.063
     2.144
     2.316
     2.449
     2.996
     2.750
     2.765
     2.782
     3.064
     2.878
     2.472
     2.666
     2.884
     2.454
     2.874
     2.966
     2.680
     2.777
     2.663
     2.973
     2.780
     2.694
     2.533
     2.912
     3.069
     2.652
     3.097
     1.749
     2.916
     2.999
     2.722
     2.951
     2.825
     2.713
     2.701
     1.843
     2.977
     3.175
     2.957
     2.872
     1.760
     2.917
     1.743
     2.762
     2.745
     2.899
     2.635
     2.694
     3.199
     3.038
     2.730
     2.255
     3.050
     2.848
     3.326
     2.586
     2.975
     2.657
     2.802
     3.175
     2.768
     3.056
     3.109
     2.624
     2.767
     3.020
     2.551
     3.004
     2.823
     3.040
     2.835
     3.145
     2.744
     2.897
     3.019
     2.844
     2.594
     2.626
     2.806
     2.600
     2.642
     3.204
     2.541
     2.739
     1.514
     3.045
     2.873
     2.644
     1.808
     2.875
     2.908
     2.610
     1.774
     3.303
     2.831
     3.357
     2.687
     3.375
     1.967
     2.246
     3.236
     1.773
     3.117
     3.134
     3.009
     3.299
     2.702
     2.874
     2.661
     2.686
     2.887
     2.814
     2.430
     2.733
     2.610
     3.010
     2.506
     3.349
     2.768
     2.667
     2.584
     2.582
     1.484
     3.345
     2.544
     2.998
     3.013
     2.579
     2.866
     3.259
     2.853
     2.909
     2.802
     2.443
     3.209
     2.297
     2.918
     2.590
     2.687
     2.235
     2.727
     2.684
     2.515
     2.687
     2.968
     3.194
     1.740
     2.849
     2.641
     2.554
     2.563
     2.779
     2.670
     3.029
     2.573
     3.171
     2.865
     3.111
     2.676
     2.952
     2.058
     2.602
     2.650
     2.636
     2.627
     2.887
     3.159
     2.961
     2.637
     3.096
     2.969
     2.659
     2.631
     2.989
     1.796
     2.754
     2.555
     3.003
     3.084
     2.571
     3.008
     2.786
     1.619
     2.827
     2.587
     3.054
     2.848
     3.123
     3.003
     3.041
     2.979
     3.293
     2.811
     2.214
     1.993
     2.394
     2.619
     2.984
     2.760
     2.694
     2.688
     2.557
     2.334
     3.099
     2.886
     2.860
     2.962
     2.588
     3.175
     2.787
     2.762
     2.898
     2.688
     2.717
     2.725
     2.817
     2.965
     2.895
     2.618
     2.491
     2.393
     2.166
     2.221
     2.791
     2.702
     3.141
     2.802
     2.957
     2.063
     2.889
     3.158
     2.637
     2.912
     3.124
     3.355
     2.659
     1.985
     2.676
     2.857
     2.756
     2.946
     2.659
     2.995
     2.612
     2.910
     1.894
     2.797
     3.092
     2.786
     2.815
     2.745
     2.941
     2.718
     2.797
     3.353
     3.201
     2.640
     2.498
     3.079
     3.236
     1.602
     2.859
     2.909
     2.855
     2.839
     2.787
     2.718
     2.570
     2.788
     2.712
     1.667
     2.620
     2.061
     3.056
     2.664
     3.146
     3.310
     2.983
     2.675
     2.539
     2.819
     1.452
     2.727
     3.122
     2.997
     2.578
     2.881
     2.870
     3.082
     3.213
     2.754
     2.547
     2.928
     2.663
     3.213
     2.777
     3.133
     2.500
     1.483
     2.685
     2.761
     2.194
     2.854
     2.631
     2.709
     2.728
     3.055
     3.072
     2.714
     2.887
     2.786
     3.019
     2.505
     2.182
     2.899
     2.862
     3.147
     2.189
     2.014
     3.007
     3.189
     2.678
     2.290
     3.003
     1.846
     2.780
     2.704
     2.699
     2.715
     3.108
     3.313
     3.095
     2.976
     2.848
     3.114
     2.870
     2.554
     2.386
     2.765
     2.696
     2.718
     2.942
     1.299
     2.743
     3.000
     2.892
     2.901
     2.862
     2.836
     3.026
     3.265
     2.667
     2.661
     2.546
     1.588
     2.919
     2.494
     2.703
     2.608
     3.089
     3.155
     2.954
     2.673
     2.560
     2.052
     2.973
     2.681
     3.083
     2.501
     2.600
     2.308
     1.497
     2.302
     2.914
     2.676
     2.766
     3.074
     3.097
     3.107
     2.757
     2.593
     2.575
     2.626
     3.114
     2.649
     2.703
     2.774
     2.768
     2.720
     3.187
     2.997
     2.743
     2.663
     2.644
     2.309
     1.894
     2.731
     2.555
     2.913
     3.147
     2.585
     2.919
     3.080
     3.049
     1.913
     3.068
     2.076
     1.470
     2.722
     1.672
     2.538
     2.571
     3.101
     2.913
     1.899
     2.665
     2.605
     2.518
     2.762
     2.654
     2.751
     2.358
     2.859
     2.923
     2.948
     2.976
     2.867
     3.037
     2.890
     2.581
     3.058
     2.092
     2.900
     2.737
     2.634
     3.112
     2.757
     3.000
     2.718
     2.857
     2.685
     2.641
     2.737
     2.743
     2.409
     3.173
     3.200
     2.368
     2.653
     3.273
     2.787
     2.633
     2.058
     1.675
     2.523
     2.905
     2.704
     2.429
     2.214
     2.693
     2.187
     2.560
     3.199
     2.889
     2.669
     2.776
     2.522
     2.751
     2.688
     2.534
     2.154
     3.141
     3.215
     2.938
     3.163
     3.111
     2.533
     2.665
     2.744
     2.467
     3.064
     2.986
     2.354
     3.002
     2.574
     2.746
     2.254
     2.819
     2.720
     3.210
     2.727
     2.845
     2.954
     2.695
     2.641
     2.858
     2.465
     2.962
     2.872
     3.326
     2.671
     2.560
     2.730
     2.843
     3.157
     1.851
     2.974
     2.773
     2.745
     2.682
     1.746
     2.953
     3.167
     3.343
     2.882
     2.722
     3.037
     2.809
     2.703
     2.790
     2.805
     2.621
     2.657
     1.989
     3.195
     2.669
     2.669
     3.235
     2.786
     2.965
     2.830
     3.133
     3.135
     3.131
     2.600
     3.094
     2.829
     2.647
     2.625
     2.702
     2.664
     3.305
     2.762
     2.890
     1.594
     3.178
     3.120
     1.911
     2.892
     2.568
     3.015
     2.892
     3.030
     3.073
     2.788
     3.082
     2.642
     2.745
     2.652
     2.811
     2.827
     2.680
     2.135
     2.607
     3.286
     2.059
     2.517
     2.623
     1.750
     3.034
     2.743
     2.571
     2.919
     1.726
     3.135
     2.617
     2.953
     2.796
     2.577
     1.870
     2.679
     3.054
     2.771
     2.923
     3.155
     2.572
     2.751
     2.485
     2.815
     2.715
     2.760
     3.080
     2.019
     2.302
     2.681
     2.935
     2.822
     2.835
     2.941
     2.793
     2.686
     2.793
     2.812
     3.162
     2.904
     2.475
     1.473
     2.279
     2.812
     2.887
     2.607
     2.551
     2.678
     2.625
     1.895
     2.060
     3.231
     2.718
     3.084
     2.842
     1.689
     2.604
     2.984
     3.007
     2.076
     2.853
     2.833
     2.899
     2.913
     2.715
     3.208
     2.938
     2.763
     2.986
     2.695
     2.692
     2.615
     2.644
     1.600
     2.570
     3.337
     2.656
     3.209
     2.699
     1.773
     2.860
     2.708
     2.826
     2.903
     3.219
     2.942
     3.035
     2.678
     2.674
     2.646
     2.794
     2.342
     2.132
     3.195
     2.517
     2.348
     2.699
     2.809
     2.605
     2.504
     2.365
     2.655
     3.198
     2.865
     2.787
     2.711
     2.727
     3.159
     2.369
     2.501
     2.755
     3.021
     3.030
     2.917
     1.471
     2.751
     2.573
     1.599
     2.720
     2.680
     2.614
     2.743
     2.946
     2.685
     2.954
     2.893
     2.814
     2.985
     3.230
     2.858
     2.882
     3.136
     2.408
     2.984
     2.109
     3.178
     1.307
     2.650
     2.666
     2.470
     2.725
     2.757
     2.744
     2.977
     2.501
     2.749
     3.004
     2.851
     2.747
     2.806
     2.349
     3.020
     2.677
     2.830
     2.796
     2.673
     2.691
     2.586
     2.600
     3.166
     3.062
     3.062
     2.884
     2.724
     2.964
     2.857
     2.605
     2.625
     2.942
     2.830
     3.145
     2.895
     2.768
     2.041
     2.944
     3.322
     1.983
     3.180
     3.103
     3.078
     2.746
     3.433
     2.831
     2.822
     2.875
     2.648
     2.983
     3.024
     2.642
     3.007
     3.295
     2.753
     3.092
     2.854
     3.031
     2.527
     2.093
     2.817
     2.596
     2.390
     2.828
     2.626
     2.988
     2.800
     3.411
     2.900
     3.070
     2.391
     1.960
     1.802
     3.174
     2.749
     2.686
     1.577
     3.109
     3.037
     2.653
     2.463
     2.728
     2.704
     3.007
     2.623
     2.667
     2.643
     2.652
     2.868
     2.603
     3.238
     2.468
     3.105
     3.273
     2.893
     3.015
     3.188
     2.966
     2.492
     2.920
     2.635
     2.463
     1.868
     3.024
     3.067
     2.670
     2.767
     2.995
     2.510
     3.048
     2.655
     3.228
     2.418
     2.633
     2.702
     3.212
     1.657
     2.923
     3.262
     3.103
     2.734
     2.809
     2.820
     2.142
     2.740
     1.941
     2.884
     3.315
     3.086
     2.715
     2.754
     2.953
     2.863
     2.566
     2.894
     3.005
     3.097
     2.188
     2.746
     2.992
     2.994
     2.888
     2.682
     2.706
     2.630
     1.844
     2.650
     2.915
     1.641
     3.246
     2.583
     3.113
     2.858
     2.686
     2.690
     2.950
     2.560
     2.667
     2.659
     2.703
     2.852
     2.197
     1.733
     2.660
     1.704
     2.886
     2.850
     2.898
     1.975
     2.416
     2.778
     2.704
     3.026
     2.578
     2.746
     3.145
     3.195
     2.709
     2.627
     2.700
     1.408
     3.150
     2.966
     3.147
     3.139
     2.972
     2.862
     2.669
     2.914
     2.822
     2.885
     2.177
     2.596
     2.513
     2.856
     1.385
     3.399
     2.969
     2.921
     2.829
     2.873
     3.005
     2.694
     2.636
     2.154
     2.669
     2.552
     2.655
     3.046
     3.369
     2.883
     2.384
     2.810
     2.788
     2.768
     2.660
     3.042
     2.292
     2.683
     2.998
     2.973
     2.020
     1.816
     2.823
     2.970
     2.386
     2.814
     3.106
     3.093
     2.633
     3.118
     2.675
     3.081
     3.188
     2.849
     2.186
     2.763
     2.854
     3.026
     1.775
     2.844
     2.127
     2.709
     2.639
     2.797
     1.559
     3.099
     2.490
     2.963
     2.155
     2.041
     2.589
     2.600
     2.594
     1.828
     3.289
     2.606
     2.864
     2.382
     2.764
     2.988
     2.861
     2.761
     2.461
     2.855
     2.587
     2.479
     2.947
     2.155
     2.103
     3.240
     2.736
     2.953
     2.791
     2.039
     3.081
     2.772
     2.473
     2.174
     2.833
     2.754
     2.907
     2.663
     2.713
     3.178
     2.512
     2.840
     2.664
     3.103
     3.121
     2.682
     3.261
     2.974
     2.915
     2.860
     2.156
     2.843
     2.640
     2.777
     2.795
     1.981
     3.164
     2.492
     2.739
     2.954
     2.656
     1.963
     2.726
     3.005
     3.021
     2.738
     2.235
     3.010
     3.173
     2.476
     2.743
     2.865
     3.113
     2.633
     1.449
     2.969
     2.595
     1.848
     3.160
     1.989
     2.957
     2.488
     3.088
     2.193
     2.971
     2.569
     2.705
     2.700
     3.388
     3.106
     2.927
     2.672
     2.935
     3.079
     2.686
     2.714
     2.925
     2.739
     1.633
     2.832
     2.728
     2.742
     3.067
     3.320
     2.779
     2.813
     2.264
     1.858
     2.813
     2.498
     3.070
     2.466
     2.561
     2.203
     2.871
     2.777
     3.165
     2.911
     2.751
     3.276
     2.813
     2.673
     2.947
     2.651
     3.272
     2.725
     3.289
     1.771
     2.545
     2.449
     2.696
     2.760
     2.766
     1.835
     3.066
     2.785
     2.733
     2.829
     2.771
     2.707
     2.711
     2.111
     2.952
     2.622
     3.044
     2.639
     2.560
     2.577
     2.856
     1.692
     3.133
     2.623
     2.941
     3.013
     2.880
     2.105
     2.773
     3.356
     3.040
     2.571
     1.526
     3.161
     2.633
     2.749
     2.972
     3.161
     2.752
     2.936
     2.157
     2.618
     3.214
     2.875
     3.058
     2.974
     2.645
     2.684
     3.177
     2.953
     3.062
     2.968
     3.170
     2.954
     2.741
     2.489
     3.136
     2.710
     3.022
     1.444
     2.567
     2.932
     2.758
     2.638
     2.811
     2.420
     2.919
     2.970
     2.753
     2.877
     2.665
     3.126
     2.777
     3.033
     2.571
     2.942
     3.214
     2.726
     3.135
     2.958
     2.646
     2.498
     3.283
     2.765
     2.707
     2.714
     2.591
     2.641
     1.752
     2.752
     3.166
     2.646
     2.793
     2.892
     2.572
     3.159
     2.622
     2.836
     3.120
     2.982
     1.881
     2.972
     2.836
     2.083
     2.674
     2.609
     3.218
     3.004
     2.803
     2.868
     2.621
     2.770
     2.669
     3.157
     2.942
     2.791
     2.855
     2.885
     2.793
     2.664
     2.651
     3.258
     2.666
     2.739
     3.242
     2.741
     2.726
     3.385
     3.046
     2.424
     2.924
     2.759
     2.958
     2.658
     2.576
     2.844
     3.173
     2.897
     2.869
     2.875
     2.751
     2.590
     3.255
     2.936
     3.177
     2.618
     1.629
     3.418
     2.082
     1.530
     2.948
     1.972
     3.184
     2.392
     2.956
     2.331
     2.702
     2.715
     2.185
     2.649
     2.788
     2.852
     2.803
     2.906
     2.945
     3.283
     2.643
     3.197
     3.161
     2.562
     3.230
     3.188
     2.685
     2.240
     2.203
     2.871
     2.836
     2.880
     2.198
     1.426
     2.715
     2.661
     2.886
     2.854
     2.313
     2.598
     2.106
     2.783
     2.874
     1.862
     1.806
     3.091
     2.911
     2.678
     2.756
     2.697
     2.900
     1.683
     2.113
     2.550
     3.132
     2.731
     1.393
     2.533
     2.997
     3.206
     2.734
     2.752
     2.576
     3.174
     2.776
     3.201
     2.956
     3.180
     3.114
     2.663
     2.746
     2.411
     2.712
     3.224
     2.772
     2.787
     3.045
     3.235
     2.868
     2.884
     3.186
     2.825
     2.680
     2.560
     2.665
     3.169
     2.846
     2.682
     1.823
     2.840
     2.803
     2.993
     2.817
     2.724
     3.063
     3.027
     2.759
     3.098
     2.773
     2.324
     2.387
     2.744
     2.434
     3.160
     2.802
     3.062
     3.102
     2.680
     1.986
     2.578
     2.869
     2.743
     2.828
     2.936
     2.629
     2.740
     2.272
     2.754
     2.894
     2.498
     2.968
     2.710
     1.746
     2.874
     2.738
     2.735
     2.998
     2.730
     2.691
     3.095
     2.724
     3.096
     2.656
     2.918
     3.314
     3.225
     2.664
     2.568
     3.075
     2.596
     2.858
     2.698
     2.737
     2.335
     2.152
     2.918
     3.196
     2.778
     3.025
     2.631
     2.676
     2.640
     2.785
     2.684
     2.770
     3.258
     1.885
     3.001
     2.926
     1.936
     2.592
     2.771
     2.693
     2.729
     2.613
     2.655
     2.987
     2.837
     2.920
     1.779
     2.729
     2.660
     2.350
     2.481
     2.760
     3.172
     2.708
     2.667
     3.015
     2.639
     2.559
     3.117
     3.107
     3.165
     2.682
     2.490
     2.745
     2.510
     2.776
     3.235
     2.566
     3.137
     3.083
     2.627
     3.088
     1.760
     2.971
     2.818
     2.672
     2.778
     2.832
     2.800
     1.208
     2.065
     3.098
     2.880
     2.206
     3.042
     2.632
     2.294
     2.927
     2.938
     2.707
     2.739
     3.037
     2.979
     2.846
     1.470
     2.843
     1.874
     3.209
     2.898
     2.451
     2.563
     2.854
     1.828
     2.722
     2.747
     1.946
     3.010
     2.765
     2.861
     2.896
     2.563
     2.817
     2.250
     2.624
     2.629
     2.734
     2.608
     2.716
     3.174
     1.988
     2.988
     2.931
     2.786
     2.852
     2.791
     2.780
     2.267
     2.968
     3.015
     2.741
     3.189
     3.330
     2.822
     2.552
     3.120
     1.762
     2.613
     1.843
     2.798
     2.771
     2.816
     2.166
     2.649
     3.081
     2.759
     2.548
     3.067
     2.571
     2.023
     2.613
     3.010
     2.695
     2.814
     2.648
     2.685
     2.777
     2.950
     1.662
     3.035
     1.863
     3.044
     2.871
     2.865
     2.573
     2.996
     2.865
     2.685
     2.515
     2.901
     2.987
     3.341
     2.588
     1.784
     2.758
     3.126
     3.263
     2.635
     2.825
     2.760
     2.768
     2.746
     2.014
     3.066
     2.726
     3.024
     2.875
     3.084
     1.873
     2.862
     2.809
     2.911
     2.687
     2.870
     3.253
     2.985
     3.045
     2.909
     1.781
     2.881
     2.990
     2.913
     2.816
     2.871
     2.962
     2.529
     2.454
     2.742
     2.439
     1.501
     2.719
     2.521
     2.149
     2.844
     2.905
     2.966
     2.953
     2.842
     2.899
     1.636
     2.953
     2.953
     2.649
     2.884
     2.878
     2.804
     3.312
     3.022
     2.712
     2.297
     2.151
     2.873
     3.020
     2.747
     2.546
     2.282
     2.568
     2.856
     3.154
     3.143
     1.713
     2.924
     2.834
     2.843
     2.691
     1.922
     1.560
     2.671
     3.151
     2.659
     2.513
     3.304
     2.702
     3.148
     2.008
     2.691
     2.873
     2.660
     1.683
     2.424
     2.655
     2.918
     1.704
     3.160
     3.055
     2.849
     2.057
     2.256
     3.132
     2.850
     2.583
     2.571
     2.882
     2.925
     2.786
     2.666
     3.215
     3.073
     2.883
     2.568
     1.710
     3.202
     2.905
     2.763
     2.573
     3.055
     2.626
     2.667
     1.541
     2.676
     2.718
     2.979
     2.929
     2.791
     2.714
     2.603
     2.910
     1.667
     2.557
     2.212
     2.954
     2.782
     3.035
     2.645
     1.898
     2.113
     1.628
     2.792
     2.768
     2.762
     2.728
     2.123
     2.038
     2.212
     3.129
     2.778
     3.063
     2.904
     1.860
     2.856
     2.938
     2.677
     2.837
     2.836
     3.169
     2.863
     2.866
     2.737
     3.038
     2.143
     2.168
     3.030
     3.144
     2.621
     2.576
     3.021
     2.950
     2.717
     2.894
     3.134
     2.165
     2.717
     2.892
     2.464
     2.694
     2.556
     3.086
     3.271
     2.943
     2.611
     2.674
     2.586
     2.374
     2.650
     2.991
     2.624
     3.013
     2.581
     1.475
     2.918
     2.822
     2.634
     2.476
     3.031
     2.629
     2.836
     2.049
     2.746
     2.684
     2.512
     2.566
     2.109
     3.138
     2.579
     2.779
     3.183
     3.079
     3.204
     3.255
     2.651
     3.108
     2.781
     2.609
     2.770
     2.697
     2.543
     2.924
     2.334
     2.710
     3.144
     2.754
     2.687
     2.712
     2.374
     2.799
     2.817
     2.823
     2.687
     2.685
     2.756
     3.132
     3.120
     2.674
     2.678
     2.204
     2.846
     1.540
     2.731
     2.910
     3.045
     3.110
     2.937
     2.590
     2.297
     3.218
     2.791
     3.131
     3.221
     2.835
     2.789
     2.981
     2.938
     2.308
     2.849
     2.478
     2.454
     3.044
     2.832
     2.363
     3.059
     2.747
     3.201
     2.904
     2.746
     2.722
     3.109
     3.087
     2.647
     2.766
     2.731
     2.696
     2.475
     3.287
     2.610
     2.955
     2.603
     2.980
     3.109
     3.100
     3.071
     2.809
     3.087
     2.134
     3.119
     2.140
     2.762
     2.880
     2.693
     3.173
     2.204
     2.835
     3.158
     3.216
     3.000
     2.557
     3.203
     2.594
     2.611
     2.019
     3.262
     3.159
     3.176
     2.635
     2.647
     3.231
     3.229
     2.890
     1.843
     2.918
     2.741
     2.834
     3.320
     2.698
     2.292
     2.830
     2.673
     2.610
     2.861
     1.956
     3.175
     2.706
     1.578
     3.353
     2.745
     2.542
     2.560
     2.862
     2.946
     2.790
     2.182
     3.219
     2.250
     2.790
     3.043
     2.564
     3.113
     2.722
     1.594
     2.788
     2.919
     2.773
     2.788
     2.482
     3.196
     3.136
     2.972
     2.735
     3.206
     2.750
     2.539
     1.556
     2.481
     3.281
     1.542
     2.808
     2.682
     2.985
     2.769
     3.017
     1.691
     3.064
     3.117
     2.811
     3.045
     2.612
     2.920
     2.974
     3.043
     3.437
     2.671
     2.791
     2.640
     2.517
     2.949
     2.843
     2.983
     2.690
     2.508
     2.618
     2.425
     2.012
     2.549
     2.539
     2.442
     2.690
     2.900
     2.016
     2.971
     3.024
     2.702
     1.529
     1.804
     2.945
     2.134
     3.202
     2.880
     2.483
     2.657
     2.747
     3.308
     2.677
     2.975
     3.311
     2.568
     3.203
     2.658
     2.530
     3.226
     2.612
     1.958
     2.858
     3.209
     1.541
     2.561
     1.855
     2.970
     2.524
     2.727
     2.724
     2.866
     3.369
     2.052
     2.430
     3.058
     1.783
     3.238
     2.637
     2.940
     2.882
     3.186
     3.184
     2.764
     2.714
     3.275
     3.277
     2.745
     2.881
     2.550
     2.978
     2.560
     2.892
     2.745
     3.136
     1.693
     3.217
     2.714
     2.671
     3.013
     2.911
     2.951
     3.287
     2.830
     2.200
     2.746
     2.730
     3.134
     2.821
     2.619
     2.605
     2.821
     3.091
     3.198
     2.306
     2.650
     2.651
     1.896
     2.726
     2.339
     2.984
     2.773
     2.107
     2.740
     2.407
     2.743
     2.771
     2.781
     2.851
     2.725
     2.714
     3.283
     2.710
     2.760
     2.750
     2.595
     2.677
     2.670
     2.979
     2.393
     3.060
     2.729
     3.276
     3.141
     1.980
     2.052
     3.025
     2.742
     2.388
     2.908
     2.652
     2.798
     2.311
     1.688
     3.236
     2.706
     2.759
     2.838
     2.657
     2.989
     2.948
     3.095
     1.657
     2.578
     3.076
     2.837
     2.114
     1.281
     2.134
     2.985
     2.684
     2.939
     2.764
     3.102
     2.222
     2.907
     3.146
     2.463
     2.999
     2.580
     3.157
     2.318
     2.859
     3.052
     3.239
     3.291
     2.758
     2.886
     2.814
     2.675
     2.587
     2.972
     2.616
     2.961
     2.895
     2.681
     2.777
     2.655
     3.056
     2.983
     2.672
     2.657
     3.121
     2.031
     3.086
     2.614
     2.052
     2.795
     2.476
     2.114
     3.056
     2.641
     3.135
     3.027
     3.214
     2.732
     3.097
     2.811
     3.127
     3.146
     2.811
     2.812
     2.857
     2.907
     2.451
     2.840
     2.890
     3.054
     2.882
     3.106
     2.949
     3.140
     2.626
     2.564
     3.053
     2.697
     2.471
     2.945
     2.746
     3.211
     3.223
     3.225
     2.678
     3.200
     3.166
     2.573
     3.072
     2.968
     2.914
     3.133
     2.925
     2.746
     1.858
     3.095
     1.727
     3.090
     3.104
     2.625
     2.137
     1.568
     2.455
     2.968
     2.934
     3.210
     2.948
     3.083
     2.753
     3.032
     1.958
     3.087
     2.784
     2.654
     2.769
     2.826
     2.435
     2.837
     2.931
     2.330
     2.812
     2.729
     3.148
     2.623
     3.272
     2.562
     3.007
     2.996
     2.065
     2.850
     3.298
     2.272
     2.502
     2.950
     2.597
     3.113
     2.419
     3.075
     2.650
     2.731
     2.926
     2.435
     2.777
     2.775
     2.923
     3.180
     3.085
     1.638
     3.055
     3.271
     2.529
     2.673
     3.126
     3.129
     2.679
     2.689
     2.893
     2.960
     2.577
     2.499
     2.759
     2.979
     2.906
     2.879
     2.077
     2.779
     2.886
     2.698
     1.557
     2.781
     2.889
     2.580
     3.030
     2.739
     2.926
     2.052
     2.513
     3.275
     2.865
     2.480
     2.638
     2.197
     2.306
     2.680
     2.469
     2.675
     2.873
     3.044
     3.132
     2.496
     2.781
     2.017
     2.699
     2.560
     3.335
     3.291
     2.678
     2.533
     2.981
     2.208
     1.669
     2.857
     2.812
     3.155
     1.880
     1.593
     2.808
     2.668
     3.293
     2.944
     1.534
     2.187
     2.674
     2.892
     2.998
     2.656
     1.694
     3.190
     2.073
     2.877
     2.838
     2.491
     2.925
     2.745
     2.770
     3.016
     1.905
     2.764
     2.477
     2.957
     2.255
     3.245
     1.795
     2.580
     1.811
     2.756
     3.006
     2.706
     2.406
     2.563
     3.172
     2.716
     2.380
     3.008
     2.284
     1.625
     1.740
     2.704
     3.165
     1.772
     2.592
     2.282
     2.964
     3.340
     2.719
     2.708
     2.121
     2.775
     3.131
     2.872
     2.975
     2.653
     3.064
     3.167
     3.049
     1.709
     2.405
     3.295
     2.529
     2.931
     2.437
     2.645
     2.777
     2.267
     2.768
     2.757
     3.063
     2.763
     1.709
     3.016
     1.989
     1.897
     2.690
     3.250
     2.349
     2.582
     2.702
     2.839
     2.083
     2.995
     3.100
     3.132
     2.653
     2.737
     2.743
     1.380
     2.632
     3.084
     2.571
     2.651
     1.890
     2.727
     2.669
     2.733
     2.806
     2.554
     2.730
     3.048
     2.710
     2.907
     2.787
     3.143
     3.115
     3.043
     3.106
     2.687
     2.631
     2.761
     2.222
     3.171
     3.228
     2.599
     3.118
     2.931
     2.958
     2.651
     3.417
     3.185
     2.847
     2.961
     2.450
     2.761
     2.715
     2.929
     2.674
     3.131
     3.179
     2.885
     2.634
     3.044
     1.605
     1.615
     2.600
     2.940
     2.834
     3.126
     2.728
     3.037
     2.971
     3.156
     2.674
     2.575
     2.601
     3.230
     3.002
     2.798
     3.010
     2.873
     2.445
     1.884
     2.632
     2.786
     2.909
     3.076
     3.298
     2.781
     2.975
     2.045
     2.657
     2.270
     2.849
     3.029
     1.746
     2.909
     3.094
     2.872
     3.089
     2.682
     3.138
     3.094
     2.984
     3.013
     2.824
     2.886
     2.731
     2.782
     2.683
     2.887
     2.709
     2.913
     2.964
     2.153
     2.548
     2.678
     2.142
     3.304
     1.936
     2.655
     2.536
     2.924
     2.840
     2.560
     2.698
     3.191
     2.453
     2.984
     3.045
     2.694
     3.222
     3.300
     2.271
     2.160
     3.066
     2.976
     3.089
     2.811
     2.709
     3.149
     3.160
     2.878
     2.688
     2.950
     2.641
     2.741
     3.277
     3.002
     3.034
     3.008
     2.753
     1.273
     3.257
     3.012
     2.657
     2.630
     2.647
     1.488
     2.901
     2.895
     1.521
     2.591
     2.807
     2.598
     3.066
     2.586
     3.174
     2.677
     2.831
     2.803
     2.659
     3.112
     1.238
     2.172
     2.908
     2.817
     2.964
     3.088
     2.735
     2.848
     2.609
     2.577
     3.153
     2.970
     2.637
     2.659
     2.660
     2.896
     2.693
     2.503
     3.124
     2.647
     2.682
     3.239
     2.571
     2.505
     3.347
     3.101
     2.926
     2.592
     2.844
     2.902
     2.679
     3.072
     2.905
     2.670
     3.217
     2.845
     2.788
     3.095
     3.056
     2.902
     2.787
     2.668
     2.601
     2.408
     2.807
     2.683
     2.710
     3.152
     3.277
     2.865
     2.810
     3.086
     2.380
     2.601
     2.387
     1.928
     1.842
     3.270
     3.267
     3.274
     3.226
     1.968
     1.511
     3.127
     2.857
     2.698
     2.691
     2.869
     3.021
     3.086
     2.655
     1.895
     2.636
     3.099
     2.162
     2.624
     2.688
     2.812
     2.666
     3.050
     2.528
     3.215
     3.088
     1.831
     2.984
     2.918
     2.917
     1.851
     3.026
     2.652
     3.069
     2.539
     2.138
     2.390
     2.469
     2.326
     3.075
     3.048
     2.954
     1.971
     2.489
     2.663
     2.700
     2.718
     1.347
     3.140
     2.579
     2.626
     2.968
     3.188
     2.703
     3.270
     2.722
     2.034
     2.802
     2.898
     2.967
     2.769
     2.695
     2.738
     2.738
     2.762
     2.522
     2.442
     2.828
     2.648
     2.702
     3.219
     1.910
     2.742
     2.906
     2.867
     3.092
     2.963
     3.040
     3.064
     3.097
     2.446
     2.862
     2.633
     3.219
     2.699
     2.505
     2.679
     3.143
     2.762
     2.865
     2.004
     2.842
     3.185
     3.112
     2.534
     3.004
     2.806
     3.253
     2.592
     3.108
     2.670
     2.048
     2.650
     3.117
     2.329
     2.143
     3.040
     1.751
     2.717
     2.703
     2.734
     1.390
     3.082
     2.750
     2.643
     2.885
     2.990
     2.502
     2.625
     2.320
     3.062
     2.764
     2.647
     2.738
     1.827
     2.793
     2.635
     2.974
     2.679
     2.758
     2.466
     2.952
     3.130
     2.175
     2.969
     2.787
     2.807
     2.915
     2.915
     3.032
     3.105
     2.635
     2.642
     3.090
     2.475
     2.652
     2.492
     2.766
     2.744
     2.119
     2.643
     3.196
     2.919
     2.531
     2.824
     3.196
     2.876
     2.723
     1.685
     3.060
     2.849
     2.261
     2.675
     3.070
     2.742
     2.935
     2.927
     3.071
     2.996
     2.952
     2.427
     3.103
     2.801
     2.688
     3.070
     3.086
     3.099
     3.228
     3.011
     2.785
     2.715
     3.107
     1.775
     2.911
     3.091
     3.148
     3.229
     2.002
     3.051
     2.648
     2.691
     3.224
     1.629
     2.597
     3.140
     2.749
     2.959
     2.726
     2.836
     2.923
     3.060
     2.880
     2.431
     3.024
     2.755
     2.658
     2.829
     1.554
     2.606
     2.765
     2.790
     3.075
     2.670
     2.612
     2.805
     2.824
     2.865
     2.681
     2.377
     2.944
     2.577
     2.648
     2.658
     2.766
     2.956
     2.659
     2.681
     2.705
     2.598
     2.651
     3.195
     2.978
     2.700
     2.347
     2.983
     3.045
     3.284
     3.080
     1.508
     1.830
     2.758
     2.881
     2.725
     1.651
     2.306
     3.047
     3.078
     2.768
     3.034
     2.018
     3.113
     2.536
     2.926
     2.945
     2.725
     2.860
     2.784
     2.424
     2.881
     2.981
     3.243
     2.778
     2.762
     3.252
     1.771
     3.339
     2.945
     2.549
     2.790
     2.391
     3.180
     2.738
     2.509
     2.699
     2.693
     2.747
     2.826
     3.289
     3.075
     2.614
     1.778
     2.726
     3.102
     2.905
     2.754
     2.774
     3.040
     2.917
     2.800
     2.766
     3.086
     2.952
     3.134
     3.296
     2.823
     2.716
     2.882
     3.263
     3.211
     3.053
     2.731
     2.988
     2.091
     2.621
     1.965
     2.799
     2.942
     2.650
     2.636
     2.721
     2.686
     3.225
     2.699
     2.745
     2.532
     2.694
     1.569
     2.647
     3.320
     2.667
     3.016
     2.792
     3.300
     3.063
     3.058
     3.077
     1.548
     1.768
     2.612
     2.700
     3.043
     3.035
     2.565
     2.728
     2.752
     2.222
     2.985
     2.877
     2.296
     2.921
     2.749
     2.766
     3.069
     2.500
     2.623
     3.104
     3.057
     1.887
     2.664
     2.438
     2.897
     2.943
     1.240
     1.977
     3.021
     2.614
     2.654
     2.650
     3.011
     2.772
     2.642
     2.703
     3.239
     3.021
     2.548
     2.532
     2.793
     2.650
     2.523
     3.050
     3.164
     2.885
     3.251
     3.218
     2.768
     2.400
     1.636
     2.981
     2.890
     2.703
     3.197
     2.672
     2.927
     2.119
     2.265
     2.660
     2.715
     2.182
     2.826
     2.938
     2.652
     1.601
     2.723
     2.962
     2.147
     2.735
     2.466
     2.564
     2.792
     2.870
     3.296
     2.934
     2.980
     1.797
     3.240
     3.016
     2.453
     2.948
     2.840
     3.132
     2.664
     3.199
     2.552
     2.993
     2.978
     2.634
     3.007
     2.735
     2.683
     2.743
     3.298
     3.262
     3.141
     2.760
     2.102
     2.676
     2.970
     3.048
     2.428
     2.767
     2.841
     3.135
     2.822
     2.748
     3.027
     2.974
     2.806
     3.180
     2.815
     2.771
     2.812
     2.845
     2.909
     2.729
     2.731
     2.675
     2.715
     2.547
     3.201
     1.469
     3.219
     2.891
     1.736
     2.676
     2.881
     3.104
     3.165
     3.121
     2.833
     2.847
     2.891
     2.977
     2.973
     3.042
     2.580
     3.034
     2.553
     2.831
     2.960
     3.076
     2.818
     2.821
     2.693
     2.866
     2.869
     2.147
     2.896
     2.899
     2.755
     1.665
     2.730
     2.284
     2.770
     2.739
     2.737
     2.767
     2.717
     2.749
     3.184
     3.036
     2.725
     2.101
     2.215
     2.620
     2.819
     3.140
     2.787
     2.561
     3.026
     2.711
     2.375
     2.776
     3.294
     2.516
     2.871
     2.791
     2.644
     2.731
     3.118
     3.133
     3.162
     2.002
     3.210
     3.297
     2.813
     2.985
     2.844
     2.703
     2.699
     2.654
     3.003
     3.139
     2.588
     3.229
     1.797
     1.965
     2.795
     2.653
     2.722
     2.700
     2.748
     2.788
     2.878
     2.773
     1.614
     3.279
     2.785
     2.879
     2.617
     2.192
     3.169
     2.535
     2.815
     3.122
     2.801
     2.614
     2.930
     3.005
     3.165
     2.808
     2.817
     2.756
     2.701
     2.115
     2.577
     3.077
     2.209
     2.734
     2.809
     2.662
     2.798
     2.019
     2.289
     2.306
     2.880
     3.129
     2.751
     2.959
     2.685
     2.966
     3.307
     2.643
     3.060
     3.089
     2.894
     2.662
     2.890
     2.081
     2.296
     3.016
     2.990
     2.890
     2.789
     2.662
     3.096
     2.849
     2.536
     2.688
     2.473
     2.601
     2.615
     1.694
     2.915
     2.373
     3.077
     3.181
     2.232
     2.499
     2.792
     3.293
     3.213
     3.210
     2.823
     2.502
     1.910
     3.118
     3.176
     3.094
     2.872
     2.964
     2.766
     2.046
     2.765
     2.612
     2.762
     3.164
     2.534
     2.578
     2.680
     2.966
     3.015
     2.264
     2.102
     2.990
     2.685
     2.618
     2.839
     2.880
     2.730
     2.892
     2.997
     2.964
     2.902
     3.104
     3.090
     2.734
     2.329
     1.353
     2.627
     1.596
     2.679
     2.600
     2.282
     2.915
     2.573
     3.002
     2.837
     3.248
     2.651
     3.156
     2.622
     2.818
     2.715
     1.320
     2.581
     2.936
     2.962
     2.323
     2.698
     2.937
     2.624
     2.572
     2.798
     2.983
     2.755
     2.685
     3.193
     3.022
     2.609
     2.800
     3.036
     3.197
     2.721
     2.847
     2.670
     2.761
     2.667
     2.681
     2.537
     2.970
     2.114
     2.707
     2.917
     2.703
     1.751
     2.666
     3.065
     2.571
     2.706
     3.080
     2.794
     2.747
     3.141
     3.152
     2.769
     2.988
     2.953
     3.131
     2.305
     3.064
     2.694
     2.726
     2.567
     2.795
     2.321
     3.090
     2.691
     3.191
     2.840
     2.322
     2.933
     2.976
     2.992
     2.648
     2.826
     2.570
     3.299
     2.798
     2.622
     2.995
     2.956
     2.958
     2.815
     3.071
     2.560
     1.728
     2.703
     2.861
     2.882
     2.834
     2.742
     2.748
     3.008
     1.870
     1.447
     3.105
     2.565
     2.858
     3.011
     2.668
     2.609
     2.572
     2.641
     2.592
     2.986
     3.310
     2.069
     2.778
     2.619
     2.278
     3.172
     2.598
     2.880
     3.266
     3.079
     2.913
     2.646
     2.972
     2.173
     2.820
     3.094
     3.308
     3.073
     2.769
     2.661
     3.127
     2.726
     2.037
     2.995
     3.108
     2.569
     2.649
     3.126
     2.176
     2.546
     2.840
     2.729
     3.399
     1.593
     2.651
     2.949
     2.855
     2.776
     3.053
     2.047
     2.957
     2.399
     2.374
     2.939
     2.474
     3.106
     2.889
     3.272
     2.988
     1.653
     2.525
     2.553
     2.740
     3.294
     3.029
     3.100
     2.101
     3.104
     1.713
     3.236
     2.620
     3.262
     3.159
     2.293
     3.153
     2.635
     2.965
     2.846
     2.123
     3.153
     3.027
     2.505
     2.720
     2.861
     2.588
     3.139
     2.313
     2.930
     2.738
     2.682
     2.511
     3.094
     2.621
     2.730
     3.196
     1.881
     2.584
     3.019
     2.879
     2.664
     2.294
     1.878
     1.653
     2.502
     3.027
     2.989
     2.643
     2.579
     3.139
     2.684
     2.571
     2.902
     2.639
     1.687
     2.653
     1.353
     2.780
     3.132
     2.660
     2.823
     2.590
     2.715
     1.712
     2.505
     2.927
     2.625
     2.561
     3.053
     2.946
     2.946
     2.841
     3.033
     2.462
     3.131
     2.713
     2.664
     3.073
     2.777
     2.238
     2.526
     2.091
     2.655
     3.045
     2.726
     1.728
     2.365
     3.217
     2.548
     3.306
     2.657
     2.896
     2.906
     2.843
     2.973
     2.706
     3.053
     2.870
     3.022
     2.676
     2.811
     3.089
     2.984
     2.498
     3.016
     3.113
     1.861
     3.174
     3.331
     2.826
     2.385
     2.749
     2.968
     2.235
     2.654
     3.045
     2.954
     2.066
     2.836
     2.789
     2.656
     3.019
     2.943
     2.714
     2.790
     2.835
     2.923
     2.766
     2.992
     2.469
     2.537
     2.856
     2.380
     2.585
     2.613
     2.684
     2.917
     2.798
     2.982
     2.625
     2.643
     2.821
     2.832
     2.826
     2.455
     2.157
     2.927
     2.679
     3.152
     2.586
     2.174
     2.901
     2.855
     2.883
     2.390
     2.956
     2.999
     3.089
     1.861
     2.678
     2.808
     2.944
     2.895
     1.864
     2.874
     1.876
     2.786
     2.705
     2.159
     2.613
     2.913
     2.976
     2.645
     2.608
     3.072
     2.810
     1.887
     2.746
     1.789
     3.038
     2.738
     3.036
     2.723
     2.523
     2.564
     3.139
     3.078
     3.055
     2.666
     3.292
     3.084
     2.413
     2.718
     3.144
     3.204
     2.740
     2.990
     2.068
     2.832
     2.665
     1.759
     2.645
     3.075
     2.842
     2.128
     2.917
     3.201
     3.108
     3.229
     3.091
     2.353
     2.705
     2.117
     2.803
     2.858
     2.723
     2.874
     2.661
     3.114
     2.901
     3.068
     2.440
     1.774
     2.813
     2.782
     2.969
     2.863
     2.524
     2.508
     3.050
     2.667
     3.055
     2.679
     2.660
     2.696
     3.077
     1.914
     2.773
     2.652
     2.735
     2.701
     2.976
     2.704
     2.687
     3.032
     2.755
     2.786
     2.650
     2.665
     2.788
     1.658
     2.719
     2.441
     2.977
     2.351
     2.498
     2.052
     2.223
     2.625
     2.033
     3.035
     2.733
     2.953
     2.922
     3.088
     2.572
     2.576
     2.865
     2.259
     2.785
     2.622
     2.918
     3.031
     2.333
     2.738
     2.597
     3.062
     3.023
     2.848
     2.717
     2.704
     2.693
     2.650
     2.760
     2.990
     3.031
     2.979
     2.903
     2.559
     2.991
     2.769
     2.844
     2.578
     2.848
     2.643
     2.674
     2.495
     2.701
     2.726
     2.713
     2.701
     2.670
     2.724
     2.898
     2.353
     2.750
     3.221
     2.892
     1.655
     2.454
     2.689
     3.136
     2.666
     2.722
     2.703
     3.249
     3.139
     2.740
     2.655
     2.622
     2.717
     3.353
     3.088
     2.579
     2.682
     2.246
     2.975
     2.839
     3.155
     2.669
     2.734
     2.856
     2.686
     2.969
     2.836
     2.853
     2.685
     2.643
     3.286
     3.319
     2.588
     2.471
     2.635
     2.180
     2.848
     3.088
     3.335
     3.222
     2.583
     2.351
     2.670
     2.615
     2.731
     1.547
     2.477
     3.148
     2.907
     3.149
     2.686
     2.652
     2.707
     2.470
     1.855
     2.680
     1.841
     3.084
     2.018
     3.021
     2.889
     2.665
     2.972
     2.702
     3.083
     2.944
     2.858
     2.691
     2.915
     2.812
     2.650
     2.334
     2.697
     2.593
     2.814
     2.574
     1.905
     2.964
     2.637
     2.836
     2.337
     3.146
     2.716
     2.690
     2.788
     2.832
     3.276
     2.594
     1.917
     2.745
     1.507
     2.089
     2.599
     3.049
     2.731
     2.666
     2.726
     3.153
     2.775
     2.550
     2.550
     3.165
     2.281
     2.862
     2.729
     2.889
     2.100
     2.790
     2.780
     2.639
     2.688
     2.407
     2.933
     3.066
     3.089
     2.608
     2.642
     3.018
     2.841
     2.721
     2.860
     2.910
     2.764
     3.235
     1.592
     2.352
     2.986
     2.608
     2.738
     2.883
     2.692
     3.121
     2.615
     2.749
     3.067
     2.748
     2.761
     2.693
     2.677
     2.772
     2.864
     2.744
     3.162
     2.451
     1.813
     2.655
     1.454
     2.897
     2.879
     2.989
     2.890
     2.748
     2.723
     2.497
     2.604
     2.599
     2.613
     2.673
     3.099
     3.018
     2.674
     2.944
     2.961
     2.587
     2.828
     2.651
     2.528
     2.799
     2.831
     3.139
     3.152
     2.845
     2.132
     2.733
     3.069
     2.682
     3.094
     2.544
     2.847
     2.667
     2.561
     1.941
     3.062
     2.678
     3.032
     2.769
     2.687
     2.266
     2.589
     2.620
     2.940
     2.680
     2.670
     2.567
     2.845
     2.641
     3.114
     2.692
     3.151
     3.274
     2.553
     2.575
     2.958
     1.451
     2.997
     2.592
     3.043
     2.875
     2.069
     2.668
     2.651
     2.719
     2.741
     2.952
     2.324
     3.015
     2.845
     2.494
     3.100
     2.159
     2.844
     2.885
     3.111
     3.222
     3.126
     3.068
     2.721
     3.317
     2.583
     2.703
     2.923
     3.080
     2.568
     2.699
     2.692
     2.745
     2.591
     2.720
     3.043
     2.625
     2.947
     2.878
     2.741
     2.026
     3.145
     3.104
     3.014
     2.828
     3.323
     3.179
     2.826
     2.738
     2.696
     3.212
     1.716
     3.197
     2.716
     2.670
     2.711
     2.953
     2.681
     3.062
     2.498
     2.952
     2.150
     2.677
     2.687
     1.887
     3.200
     3.238
     1.492
     2.838
     2.674
     3.147
     3.128
     2.733
     3.086
     2.930
     2.811
     2.551
     3.069
     3.085
     2.877
     3.172
     2.877
     3.081
     3.201
     3.044
     3.046
     1.832
     2.667
     2.613
     2.625
     2.335
     2.691
     2.761
     2.843
     2.950
     2.761
     2.583
     2.816
     3.035
     3.069
     2.751
     1.532
     3.076
     2.704
     3.096
     3.209
     2.630
     1.462
     2.641
     2.769
     2.947
     3.342
     3.054
     1.529
     3.098
     3.087
     3.224
     2.906
     2.692
     2.569
     2.990
     2.419
     2.675
     2.672
     2.650
     3.000
     3.309
     2.185
     2.639
     2.288
     2.551
