     0.823
     0.815
     0.821
     0.814
     0.802
     0.788
     0.763
     0.740
     0.735
     0.732
     0.728
     0.739
     0.756
     0.762
     0.761
     0.758
     0.757
     0.757
     0.759
     0.762
     0.764
     0.766
     0.766
     0.763
     0.758
     0.755
     0.756
     0.761
     0.769
     0.775
     0.783
     0.787
     0.790
     0.789
     0.795
     0.798
     0.805
     0.811
     0.820
     0.832
     0.860
     0.879
     0.892
     0.905
     0.907
     0.920
     0.932
     0.938
     0.937
     0.932
     0.926
     0.919
     0.912
     0.901
     0.893
     0.877
     0.863
     0.844
     0.823
     0.804
     0.785
     0.767
     0.757
     0.753
     0.746
     0.741
     0.739
     0.741
     0.745
     0.750
     0.755
     0.766
     0.774
     0.778
     0.781
     0.788
     0.792
     0.795
     0.807
     0.817
     0.830
     0.842
     0.845
     0.857
     0.867
     0.875
     0.892
     0.905
     0.942
     0.969
     0.977
     0.971
     0.959
     0.944
     0.928
     0.919
     0.908
     0.892
     0.871
     0.845
     0.775
     0.708
     0.637
     0.597
     0.580
     0.579
     0.599
     0.673
     0.724
     0.790
     0.856
     0.916
     0.946
     0.959
     0.966
     0.974
     0.972
     0.973
     0.963
     0.958
     0.949
     0.939
     0.934
     0.929
     0.922
     0.902
     0.873
     0.839
     0.803
     0.783
     0.802
     0.842
     0.857
     0.852
     0.841
     0.823
     0.808
     0.805
     0.826
     0.830
     0.822
     0.821
     0.839
     0.859
     0.873
     0.883
     0.888
     0.882
     0.869
     0.854
     0.842
     0.826
     0.810
     0.786
     0.764
     0.764
     0.769
     0.778
     0.796
     0.812
     0.819
     0.818
     0.813
     0.798
     0.757
     0.730
     0.699
     0.694
     0.685
     0.680
     0.675
     0.680
     0.692
     0.705
     0.725
     0.748
     0.785
     0.808
     0.826
     0.852
     0.867
     0.888
     0.905
     0.927
     0.940
     0.946
     0.943
     0.937
     0.932
     0.929
     0.921
     0.912
     0.904
     0.898
     0.890
     0.878
     0.869
     0.858
     0.847
     0.839
     0.831
     0.826
     0.824
     0.827
     0.834
     0.834
     0.830
     0.823
     0.819
     0.837
     0.853
     0.868
     0.884
     0.900
     0.922
     0.944
     0.952
     0.956
     0.951
     0.946
     0.935
     0.908
     0.883
     0.835
     0.823
     0.850
     0.860
     0.873
     0.890
     0.906
     0.915
     0.923
     0.918
     0.911
     0.903
     0.896
     0.874
     0.851
     0.824
     0.782
     0.730
     0.688
     0.714
     0.778
     0.797
     0.803
     0.804
     0.817
     0.832
     0.849
     0.867
     0.879
     0.885
     0.884
     0.876
     0.866
     0.849
     0.824
     0.796
     0.772
     0.751
     0.748
     0.746
     0.748
     0.752
     0.750
     0.753
     0.762
     0.771
     0.774
     0.795
     0.809
     0.817
     0.821
     0.911
     0.717
     0.869
     0.755
     0.786
     0.784
     0.869
     0.777
     0.682
     0.857
     0.850
     0.988
     0.946
     0.752
     0.823
     0.810
     0.844
     0.759
     0.837
     0.770
     0.781
     0.762
     0.774
     0.733
     0.858
     0.902
     0.902
     0.812
     0.961
     0.851
     0.935
     0.811
     0.738
     0.762
     0.721
     0.646
     0.673
     0.830
     0.790
     0.873
     0.778
     0.743
     0.704
     0.755
     0.891
     0.880
     0.945
     0.810
     0.864
     0.919
     0.851
     0.746
     0.822
     0.919
     0.842
     0.870
     0.795
     1.002
     0.705
     0.802
     0.792
     0.767
     0.901
     0.876
     0.834
     0.713
     0.883
     0.861
     0.765
     0.813
     0.888
     0.736
     0.827
     0.693
     0.745
     0.755
     0.791
     0.808
     0.803
     0.885
     0.731
     0.775
     0.768
     0.862
     0.853
     0.720
     0.819
     0.867
     0.733
     0.699
     0.630
     0.866
     0.819
     0.760
     0.754
     0.776
     0.749
     0.756
     0.913
     0.831
     0.901
     0.813
     0.770
     0.892
     0.755
     0.773
     0.861
     0.775
     0.791
     0.802
     0.812
     0.908
     0.608
     0.935
     0.851
     1.000
     0.752
     0.819
     0.897
     0.890
     0.915
     0.675
     0.814
     0.663
     0.837
     0.757
     0.866
     0.828
     0.723
     0.830
     0.921
     0.915
     0.883
     0.783
     0.937
     0.705
     0.962
     0.867
     0.731
     0.841
     0.796
     0.877
     0.889
     0.752
     0.677
     0.775
     0.733
     0.752
     0.792
     0.745
     0.835
     0.888
     0.585
     0.811
     0.933
     0.841
     0.665
     0.803
     0.839
     0.842
     0.697
     0.785
     0.807
     0.815
     0.625
     0.956
     0.741
     0.846
     0.777
     0.869
     0.913
     0.829
     0.852
     0.782
     0.805
     0.685
     0.834
     0.751
     0.807
     0.768
     1.011
     0.767
     0.840
     0.846
     0.855
     0.699
     0.780
     0.825
     0.679
     0.704
     0.891
     0.632
     0.853
     0.803
     0.835
     0.854
     0.874
     0.850
     0.733
     0.982
     0.906
     0.785
     0.889
     0.756
     0.818
     0.737
     0.874
     0.853
     0.870
     0.787
     0.800
     0.892
     0.836
     0.893
     0.911
     0.770
     0.770
     0.836
     0.849
     0.826
     0.869
     0.775
     0.760
     0.798
     0.775
     0.588
     0.861
     0.808
     0.740
     0.702
     0.880
     0.724
     0.861
     0.762
     0.952
     0.878
     0.847
     0.888
     0.716
     0.710
     0.896
     0.920
     0.832
     1.023
     0.751
     0.743
     0.773
     0.832
     0.806
     0.797
     0.728
     0.866
     0.808
     0.782
     0.682
     0.868
     0.756
     0.799
     0.734
     0.847
     0.826
     0.841
     0.570
     0.940
     0.860
     0.735
     0.936
     0.944
     0.777
     0.796
     0.801
     0.845
     0.734
     0.895
     0.809
     0.751
     0.960
     0.730
     0.820
     0.894
     0.838
     0.724
     0.891
     0.789
     0.544
     0.806
     0.956
     0.700
     0.848
     0.871
     0.826
     0.771
     0.807
     0.899
     0.841
     0.794
     0.896
     0.824
     0.898
     0.900
     0.901
     0.865
     0.743
     0.849
     0.837
     0.820
     0.894
     0.925
     0.824
     0.791
     0.833
     0.908
     0.753
     0.886
     0.686
     0.757
     0.878
     0.848
     0.878
     0.747
     0.872
     0.947
     0.738
     0.840
     0.977
     0.902
     0.765
     0.845
     0.872
     0.730
     0.841
     0.788
     0.901
     0.880
     0.763
     0.734
     0.929
     0.750
     0.856
     0.702
     0.746
     0.743
     0.809
     0.881
     0.836
     0.781
     0.850
     0.752
     0.783
     0.766
     0.666
     0.747
     0.834
     0.893
     0.802
     0.770
     0.831
     0.839
     0.580
     0.960
     0.644
     0.802
     0.872
     0.804
     0.641
     0.877
     0.649
     0.963
     0.804
     0.895
     0.827
     0.783
     0.775
     0.725
     0.741
     0.839
     0.878
     0.787
     0.727
     0.749
     0.817
     0.718
     0.740
     0.724
     0.913
     0.881
     0.739
     0.863
     0.890
     0.750
     0.879
     0.747
     0.848
     0.881
     0.746
     0.861
     0.692
     0.774
     0.846
     0.992
     0.741
     0.946
     0.768
     0.822
     0.959
     0.714
     0.748
     0.803
     0.772
     0.807
     0.891
     0.770
     0.784
     0.849
     0.870
     1.002
     0.758
     0.753
     0.858
     0.934
     0.837
     0.815
     0.742
     0.807
     0.781
     0.841
     0.788
     0.791
     0.862
     0.872
     0.864
     0.841
     0.879
     0.857
     0.837
     0.785
     0.757
     0.872
     0.909
     0.837
     0.771
     0.838
     0.940
     0.789
     0.686
     0.739
     0.746
     0.838
     0.921
     0.751
     0.781
     0.770
     0.889
     0.832
     0.882
     0.837
     0.835
     0.825
     0.826
     0.616
     1.034
     0.555
     0.799
     0.626
     0.676
     0.794
     0.886
     0.893
     0.941
     0.801
     0.749
     0.715
     0.989
     0.825
     0.853
     0.801
     0.753
     0.934
     0.752
     0.767
     0.947
     0.731
     0.891
     0.888
     0.830
     0.749
     0.668
     0.865
     0.827
     0.779
     0.899
     0.897
     0.770
     0.855
     0.747
     0.696
     0.744
     0.764
     0.793
     0.833
     0.942
     0.915
     0.844
     0.834
     0.816
     1.004
     0.872
     0.880
     0.819
     0.689
     0.876
     0.898
     0.733
     0.686
     0.779
     0.908
     0.868
     0.719
     0.749
     0.794
     0.799
     0.747
     0.809
     0.860
     0.880
     0.768
     0.998
     0.756
     0.712
     0.821
     0.775
     0.907
     0.738
     0.850
     0.866
     0.842
     0.894
     0.796
     0.813
     0.888
     0.825
     0.816
     0.822
     0.693
     0.735
     0.762
     0.843
     0.802
     0.765
     0.826
     0.834
     0.921
     0.773
     0.933
     0.855
     0.820
     0.772
     0.898
     0.787
     0.763
     0.801
     0.783
     0.790
     0.859
     0.945
     0.762
     0.767
     0.868
     0.756
     0.730
     0.892
     0.727
     0.675
     0.852
     0.972
     0.824
     0.639
     0.743
     0.834
     0.901
     0.696
     0.894
     0.757
     0.859
     0.884
     0.871
     0.785
     0.785
     0.805
     0.685
     0.760
     0.745
     0.808
     0.749
     0.735
     0.827
     0.797
     0.839
     0.844
     0.814
     0.906
     0.769
     0.649
     0.909
     0.787
     0.681
     0.687
     0.874
     0.811
     0.769
     0.760
     0.819
     0.899
     0.865
     0.730
     0.759
     0.760
     0.837
     0.885
     0.707
     0.863
     0.767
     0.848
     0.747
     0.791
     0.952
     0.876
     0.728
     0.849
     0.736
     0.884
     0.753
     0.843
     0.842
     0.720
     0.744
     0.744
     0.897
     0.852
     0.823
     0.983
     0.971
     0.732
     0.620
     0.672
     0.905
     0.751
     0.851
     0.754
     0.814
     0.676
     0.858
     0.783
     0.948
     0.792
     0.890
     0.865
     0.888
     0.741
     0.779
     0.819
     0.676
     0.897
     0.851
     0.813
     0.920
     0.812
     0.808
     0.785
     0.807
     0.806
     0.831
     0.846
     0.863
     0.713
     0.833
     0.718
     0.672
     0.712
     0.838
     0.911
     0.733
     0.910
     0.845
     0.860
     0.855
     0.726
     0.581
     0.760
     0.927
     0.824
     0.858
     0.770
     0.786
     0.688
     0.891
     0.880
     0.957
     0.834
     0.829
     0.798
     0.782
     0.770
     0.820
     0.785
     0.873
     0.791
     0.915
     0.789
     0.898
     0.703
     0.879
     0.781
     0.927
     0.813
     0.775
     0.870
     0.885
     0.810
     0.744
     0.863
     0.848
     0.781
     0.759
     0.761
     0.878
     0.901
     0.751
     0.842
     0.987
     0.820
     0.886
     0.857
     0.772
     0.891
     0.860
     0.760
     0.859
     0.754
     0.825
     0.783
     0.812
     0.654
     0.942
     0.665
     0.801
     0.817
     0.876
     0.816
     0.821
     0.869
     0.848
     0.882
     0.901
     0.704
     1.007
     0.825
     0.812
     0.730
     0.845
     0.886
     0.813
     0.834
     0.774
     0.772
     0.964
     0.828
     0.846
     0.871
     0.691
     0.827
     0.838
     0.825
     0.864
     0.882
     0.791
     0.771
     0.749
     0.888
     0.886
     0.751
     0.856
     0.893
     0.726
     0.856
     0.908
     0.819
     0.951
     0.810
     0.862
     0.834
     0.718
     0.892
     0.735
     0.792
     0.810
     0.812
     0.801
     0.849
     0.868
     0.852
     0.666
     0.824
     0.855
     0.779
     0.771
     0.835
     0.765
     0.766
     0.761
     0.779
     0.835
     0.854
     0.753
     0.738
     0.752
     0.845
     0.879
     0.707
     0.960
     0.971
     0.911
     0.891
     0.836
     0.741
     0.837
     0.848
     0.898
     0.801
     0.746
     0.955
     0.764
     0.979
     0.952
     0.876
     0.621
     0.765
     0.886
     0.758
     0.882
     0.857
     0.821
     0.763
     0.902
     0.758
     0.892
     0.659
     0.771
     0.720
     0.747
     0.892
     0.722
     0.712
     0.783
     0.762
     0.886
     0.836
     0.981
     0.891
     0.873
     0.783
     0.734
     0.837
     0.962
     0.726
     0.753
     0.813
     0.751
     0.782
     0.854
     0.742
     0.915
     0.870
     0.782
     0.885
     0.793
     0.808
     0.900
     0.859
     0.774
     0.856
     0.764
     0.727
     0.739
     0.850
     0.960
     0.814
     0.751
     0.724
     0.799
     0.834
     0.930
     0.783
     0.905
     0.894
     0.777
     0.868
     0.810
     0.811
     0.814
     0.688
     0.812
     0.703
     0.666
     0.908
     0.872
     0.889
     0.893
     0.646
     0.741
     0.957
     0.911
     0.745
     0.778
     0.826
     0.755
     0.688
     0.666
     0.851
     0.882
     0.826
     0.865
     0.914
     0.764
     0.820
     0.859
     0.817
     0.665
     0.894
     0.950
     0.857
     0.929
     0.823
     0.695
     0.828
     0.676
     0.835
     0.772
     0.779
     0.863
     0.743
     0.824
     0.782
     0.876
     0.752
     1.004
     0.634
     0.746
     0.930
     0.892
     0.883
     0.719
     0.797
     0.704
     0.725
     0.792
     0.499
     0.847
     0.799
     0.755
     0.843
     0.840
     0.818
     0.765
     0.758
     0.805
     0.683
     0.803
     0.836
     0.928
     0.856
     0.721
     0.908
     0.882
     0.705
     0.881
     0.812
     0.818
     0.837
     0.957
     0.891
     0.762
     0.874
     0.829
     0.836
     0.804
     0.955
     0.787
     0.812
     0.638
     0.877
     0.752
     0.670
     0.857
     0.731
     0.798
     0.946
     0.936
     0.857
     0.898
     0.753
     0.750
     0.841
     0.642
     0.955
     0.669
     0.844
     0.681
     0.864
     0.783
     0.861
     0.862
     0.865
     0.785
     0.936
     0.849
     1.031
     0.696
     0.700
     0.800
     0.894
     0.813
     0.749
     0.915
     0.768
     0.833
     0.857
     0.768
     0.766
     0.766
     0.847
     0.910
     0.767
     0.836
     0.911
     0.812
     0.949
     0.860
     0.830
     0.849
     0.617
     0.732
     0.834
     0.875
     0.701
     0.764
     0.746
     0.916
     0.751
     0.757
     0.791
     0.630
     0.842
     0.738
     0.788
     0.902
     0.863
     0.876
     0.674
     0.758
     0.696
     0.847
     0.755
     0.837
     0.855
     0.775
     0.747
     0.879
     0.887
     0.808
     0.917
     0.735
     0.963
     1.018
     0.761
     0.875
     0.787
     0.951
     0.867
     0.879
     0.859
     0.842
     0.730
     0.817
     0.945
     0.867
     0.862
     0.744
     0.800
     0.750
     0.886
     0.744
     0.772
     0.730
     0.804
     0.909
     0.787
     0.790
     0.778
     0.785
     0.883
     0.913
     0.986
     0.709
     0.867
     0.998
     0.681
     0.977
     0.934
     0.868
     0.921
     0.784
     0.835
     0.848
     0.810
     0.701
     0.848
     0.718
     0.617
     0.892
     0.741
     0.756
     0.851
     0.769
     0.743
     0.851
     0.815
     0.757
     0.794
     0.719
     0.860
     0.768
     0.862
     0.889
     0.928
     0.765
     0.771
     0.779
     0.699
     0.656
     0.724
     0.806
     0.763
     0.753
     0.732
     0.849
     0.905
     0.812
     0.753
     0.852
     0.830
     0.754
     0.900
     0.913
     0.799
     0.844
     0.830
     0.770
     0.900
     0.856
     0.670
     0.790
     0.780
     0.728
     1.003
     1.000
     0.695
     0.731
     0.883
     0.761
     0.761
     0.824
     0.764
     0.902
     0.769
     0.988
     0.836
     0.780
     0.785
     0.857
     0.942
     0.921
     0.848
     0.745
     0.748
     0.718
     0.892
     0.847
     0.843
     0.709
     0.829
     0.925
     0.817
     0.774
     0.798
     0.835
     0.780
     0.736
     0.893
     0.700
     0.803
     0.917
     0.938
     0.911
     0.844
     0.833
     0.848
     0.955
     0.740
     0.866
     0.852
     0.892
     0.807
     0.734
     0.760
     0.705
     0.895
     0.827
     0.840
     0.940
     0.786
     0.926
     0.858
     0.748
     0.826
     0.878
     0.859
     0.709
     0.847
     0.759
     0.858
     0.728
     0.702
     0.817
     0.865
     0.808
     0.900
     0.817
     0.882
     0.788
     0.864
     0.846
     0.638
     0.754
     0.729
     0.737
     0.897
     0.602
     0.842
     0.819
     0.751
     0.682
     0.885
     0.758
     0.903
     0.777
     0.769
     0.892
     0.825
     0.881
     0.895
     0.700
     0.830
     0.857
     0.698
     0.839
     0.879
     0.842
     0.850
     0.931
     0.726
     0.843
     0.941
     0.851
     0.741
     0.819
     0.768
     0.969
     0.721
     0.872
     0.724
     0.601
     0.761
     0.720
     0.894
     0.791
     0.941
     1.016
     0.810
     0.805
     0.794
     0.817
     0.809
     0.788
     0.787
     0.829
     0.919
     0.873
     0.916
     1.004
     0.865
     0.957
     0.812
     0.596
     0.861
     0.896
     0.770
     0.821
     0.776
     0.763
     0.896
     0.744
     0.807
     0.815
     0.925
     0.793
     0.976
     0.780
     0.764
     0.607
     0.891
     0.767
     0.770
     0.798
     0.742
     0.794
     0.771
     0.768
     0.798
     0.832
     0.845
     0.804
     0.950
     0.939
     0.898
     0.795
     0.865
     0.838
     0.794
     0.776
     0.851
     0.744
     0.759
     0.872
     0.810
     0.902
     0.845
     0.677
     0.722
     0.758
     0.712
     0.916
     0.880
     0.831
     0.854
     0.811
     0.799
     0.732
     0.721
     0.786
     0.658
     0.884
     0.956
     0.764
     0.822
     0.818
     0.907
     0.843
     0.774
     0.780
     0.840
     0.876
     0.774
     0.865
     0.738
     0.719
     0.866
     0.732
     0.787
     0.952
     0.821
     0.745
     0.781
     0.756
     0.895
     0.892
     0.754
     0.761
     0.934
     0.858
     0.851
     0.787
     0.849
     0.783
     0.750
     0.727
     0.612
     0.801
     0.695
     0.908
     0.871
     0.676
     0.872
     0.676
     0.865
     0.821
     0.878
     0.839
     0.725
     0.761
     0.791
     0.770
     0.796
     0.923
     0.682
     0.856
     0.886
     0.760
     0.876
     0.763
     0.880
     0.803
     0.874
     0.896
     0.628
     0.793
     0.850
     0.746
     0.958
     0.757
     0.642
     0.717
     0.681
     0.906
     0.703
     0.731
     0.759
     0.742
     0.809
     0.784
     0.875
     0.746
     0.681
     0.989
     0.693
     0.976
     0.753
     0.879
     0.619
     0.791
     0.842
     0.732
     0.845
     0.796
     0.839
     0.862
     0.821
     0.822
     0.646
     0.801
     0.858
     0.841
     0.658
     0.823
     0.861
     0.788
     0.771
     0.836
     0.715
     0.834
     0.871
     0.879
     0.811
     0.773
     0.725
     0.837
     0.733
     0.842
     0.911
     0.762
     0.740
     0.874
     0.835
     0.793
     0.852
     0.844
     0.921
     0.744
     0.747
     0.868
     0.746
     0.834
     0.861
     0.820
     0.960
     0.833
     0.768
     0.838
     0.770
     0.865
     0.874
     0.970
     0.789
     0.895
     0.762
     0.874
     0.842
     0.857
     0.873
     0.776
     0.899
     0.844
     0.776
     0.864
     0.858
     0.870
     0.845
     0.730
     0.868
     1.009
     0.853
     0.727
     0.790
     0.901
     0.902
     0.711
     0.680
     0.738
     0.873
     0.790
     0.814
     0.852
     0.752
     0.865
     0.934
     0.906
     0.803
     0.986
     0.841
     0.723
     0.739
     0.827
     0.765
     0.864
     0.680
     0.892
     0.754
     0.750
     0.715
     0.815
     0.969
     0.844
     0.757
     0.935
     0.823
     0.824
     0.774
     0.878
     0.853
     0.749
     1.010
     0.840
     0.857
     0.953
     0.710
     0.762
     0.846
     0.761
     0.759
     0.835
     0.882
     0.820
     0.882
     0.781
     0.780
     0.761
     0.747
     0.839
     0.812
     0.821
     0.772
     0.814
     0.646
     0.814
     0.685
     0.868
     0.768
     0.835
     0.761
     0.769
     0.761
     0.756
     0.765
     0.933
     0.816
     0.893
     0.725
     0.715
     0.935
     0.792
     0.789
     0.798
     0.839
     0.845
     0.699
     0.856
     0.749
     0.770
     0.764
     0.791
     0.852
     0.781
     0.752
     0.820
     0.990
     0.974
     0.891
     0.880
     0.806
     0.850
     0.915
     0.832
     0.908
     0.840
     0.847
     0.764
     0.884
     0.758
     0.761
     0.808
     0.730
     0.762
     0.724
     0.682
     0.898
     0.914
     0.759
     0.730
     0.865
     0.806
     0.849
     0.873
     0.869
     0.779
     0.868
     0.752
     0.851
     0.884
     0.820
     0.831
     0.849
     0.865
     0.889
     0.913
     0.772
     0.747
     0.843
     0.829
     0.813
     0.903
     0.776
     0.889
     0.782
     0.625
     0.801
     0.815
     0.780
     0.883
     0.893
     0.899
     0.760
     0.679
     0.779
     0.907
     0.766
     0.800
     0.844
     0.820
     0.918
     0.867
     0.810
     0.885
     0.895
     0.829
     0.857
     0.759
     0.959
     0.802
     0.907
     0.834
     0.958
     0.673
     0.909
     0.753
     0.829
     0.975
     0.756
     0.798
     0.852
     0.695
     0.837
     0.741
     0.843
     0.587
     0.718
     0.819
     0.788
     0.894
     0.787
     0.758
     0.863
     0.777
     0.618
     0.689
     0.870
     0.725
     0.835
     0.767
     0.736
     0.886
     0.883
     0.961
     0.782
     0.838
     0.714
     0.675
     0.758
     0.824
     0.695
     0.916
     0.843
     0.662
     0.874
     0.814
     0.970
     0.746
     0.779
     0.926
     0.529
     0.730
     0.653
     0.804
     0.822
     0.762
     0.662
     0.902
     0.745
     0.747
     0.825
     0.880
     0.855
     0.792
     0.806
     0.825
     0.897
     0.914
     0.854
     0.737
     0.861
     0.874
     0.774
     0.962
     0.759
     0.766
     0.819
     0.837
     0.782
     0.764
     0.875
     0.887
     0.879
     0.870
     0.705
     0.840
     0.830
     0.717
     0.827
     0.791
     0.810
     0.723
     0.794
     0.742
     0.841
     0.729
     1.005
     0.877
     0.753
     0.825
     0.776
     0.785
     0.975
     0.774
     0.850
     0.900
     0.852
     0.778
     0.898
     0.835
     0.891
     0.810
     0.727
     0.703
     0.996
     0.764
     0.836
     0.900
     0.783
     0.882
     0.832
     0.688
     0.787
     0.796
     0.817
     0.896
     0.858
     0.784
     0.801
     0.783
     0.833
     0.743
     0.807
     0.875
     0.792
     0.827
     0.884
     0.879
     0.913
     0.877
     0.875
     0.949
     0.734
     0.774
     0.782
     0.910
     0.873
     0.972
     0.857
     0.931
     0.769
     0.754
     0.853
     0.834
     0.853
     0.883
     0.836
     0.830
     0.859
     0.847
     0.794
     0.858
     0.907
     0.661
     0.746
     0.723
     0.811
     0.682
     0.825
     0.709
     0.748
     0.845
     0.765
     0.826
     0.811
     0.765
     0.867
     0.811
     0.751
     0.799
     0.766
     0.729
     0.881
     0.886
     0.884
     0.836
     0.884
     0.638
     0.820
     0.749
     0.818
     0.845
     0.805
     0.750
     0.774
     0.793
     0.695
     0.722
     0.895
     0.706
     0.910
     0.723
     0.777
     0.724
     0.740
     0.885
     0.763
     0.911
     0.842
     0.587
     0.809
     0.725
     0.693
     0.831
     0.959
     0.960
     0.922
     0.832
     0.797
     0.871
     0.793
     0.853
     0.760
     0.681
     0.776
     0.774
     0.807
     0.824
     0.750
     0.854
     0.896
     0.743
     0.685
     0.809
     0.842
     0.743
     0.875
     0.728
     0.737
     0.809
     0.878
     0.799
     0.879
     0.740
     0.574
     0.624
     0.948
     0.813
     0.893
     0.811
     0.907
     0.934
     0.831
     0.727
     0.847
     0.825
     0.882
     0.805
     0.848
     0.810
     0.825
     0.809
     0.722
     0.941
     0.733
     0.902
     0.668
     0.844
     0.814
     0.911
     0.741
     0.763
     0.962
     0.656
     0.806
     0.916
     0.702
     0.900
     0.804
     0.940
     0.788
     0.858
     0.745
     0.736
     0.857
     0.762
     0.913
     0.911
     0.843
     0.740
     0.803
     1.033
     0.880
     0.634
     0.682
     0.775
     0.885
     0.886
     0.890
     0.882
     0.759
     0.857
     0.902
     0.857
     0.791
     0.746
     0.899
     0.853
     0.832
     0.944
     0.992
     0.778
     0.841
     0.780
     0.952
     0.819
     0.893
     0.752
     0.767
     0.802
     0.934
     0.738
     0.724
     0.802
     0.788
     0.887
     0.811
     0.751
     0.761
     0.670
     0.757
     0.760
     0.927
     0.737
     0.809
     0.753
     0.945
     0.823
     0.828
     0.812
     0.953
     0.887
     0.760
     0.835
     0.901
     0.843
     0.774
     0.766
     0.763
     0.723
     0.907
     0.847
     0.983
     0.876
     0.670
     0.823
     0.890
     0.776
     0.732
     0.732
     0.843
     0.859
     0.851
     0.762
     0.907
     0.846
     0.880
     1.002
     0.894
     0.901
     0.684
     0.921
     0.756
     0.748
     0.883
     0.751
     0.841
     0.863
     0.869
     0.887
     0.773
     0.973
     0.875
     0.692
     0.905
     0.859
     0.874
     0.829
     0.973
     0.760
     0.829
     0.864
     0.783
     0.710
     0.826
     0.831
     0.958
     0.817
     0.743
     0.855
     0.762
     0.760
     0.844
     0.783
     0.772
     0.875
     0.773
     0.877
     0.785
     0.724
     0.772
     0.793
     0.763
     0.692
     0.867
     0.939
     0.761
     0.790
     0.831
     0.782
     0.758
     0.773
     0.889
     0.786
     0.687
     0.908
     0.726
     0.947
     0.818
     0.784
     0.998
     0.822
     0.811
     0.886
     0.750
     0.883
     0.737
     0.870
     0.785
     0.850
     0.850
     0.693
     0.908
     0.871
     0.895
     0.716
     0.824
     0.800
     0.777
     0.680
     0.864
     0.803
     0.867
     0.942
     0.893
     0.893
     0.801
     0.788
     0.722
     0.862
     0.987
     0.769
     0.741
     0.945
     0.883
     0.749
     0.812
     0.918
     0.911
     0.899
     0.874
     0.755
     0.820
     0.741
     0.849
     0.818
     0.666
     0.737
     0.880
     0.867
     0.847
     0.803
     1.022
     0.782
     0.883
     0.607
     0.839
     0.784
     0.798
     0.623
     0.828
     0.836
     0.882
     0.912
     0.923
     0.870
     0.750
     0.816
     0.806
     0.775
     0.853
     0.795
     0.848
     0.830
     0.799
     0.813
     0.794
     0.740
     0.870
     0.818
     0.748
     0.837
     0.838
     0.880
     0.813
     0.711
     0.783
     0.792
     0.753
     0.749
     0.772
     0.760
     0.778
     0.669
     0.718
     0.754
     0.771
     0.695
     0.706
     0.752
     0.688
     0.689
     0.760
     0.859
     0.732
     0.912
     0.787
     0.687
     0.879
     0.729
     0.762
     0.887
     0.758
     0.686
     0.844
     0.740
     0.809
     0.625
     0.895
     0.740
     0.793
     0.662
     0.777
     0.808
     0.835
     0.918
     0.939
     0.634
     0.780
     0.940
     0.896
     0.949
     0.718
     0.803
     0.757
     0.853
     0.873
     0.844
     0.813
     0.773
     0.846
     0.800
     0.762
     0.737
     0.846
     0.839
     0.715
     0.818
     0.799
     0.874
     0.650
     0.799
     0.607
     0.825
     0.928
     0.880
     0.938
     0.746
     0.824
     0.807
     0.839
     0.919
     0.742
     0.919
     0.852
     0.907
     0.775
     0.779
     0.769
     0.770
     0.712
     0.858
     0.887
     0.889
     0.518
     0.870
     0.666
     0.874
     0.703
     0.828
     0.807
     0.757
     0.724
     0.861
     0.753
     0.757
     0.870
     0.842
     0.636
     0.829
     0.741
     0.828
     0.757
     0.943
     0.796
     0.834
     0.781
     0.728
     0.862
     0.887
     0.791
     0.905
     0.736
     0.587
     0.741
     0.875
     0.827
     0.857
     0.760
     0.895
     0.848
     0.794
     0.824
     0.734
     0.865
     0.625
     0.954
     0.907
     0.824
     0.795
     0.915
     0.847
     0.861
     0.878
     0.793
     0.919
     0.764
     0.912
     0.752
     0.832
     0.786
     0.762
     0.775
     0.803
     0.843
     0.781
     0.789
     0.756
     0.866
     0.941
     0.731
     0.694
     0.754
     0.772
     0.848
     0.751
     0.756
     0.754
     0.906
     0.809
     0.780
     0.830
     0.938
     0.902
     0.910
     0.928
     0.774
     0.708
     0.862
     0.722
     0.971
     0.716
     0.858
     0.605
     0.826
     0.829
     0.749
     0.870
     0.847
     0.741
     0.879
     0.859
     0.779
     0.853
     0.882
     0.613
     0.766
     0.762
     0.961
     0.827
     0.828
     0.765
     0.739
     0.836
     0.729
     0.938
     0.852
     0.940
     0.847
     0.795
     0.867
     0.740
     0.835
     0.798
     0.956
     0.767
     0.748
     0.855
     0.833
     0.859
     0.771
     0.862
     0.994
     0.886
     0.890
     0.845
     0.748
     0.857
     0.906
     0.875
     0.876
     0.824
     0.874
     0.908
     0.994
     0.855
     0.787
     0.827
     0.781
     0.812
     0.825
     0.867
     0.708
     0.805
     0.962
     0.859
     0.851
     0.820
     0.770
     0.781
     0.738
     0.858
     0.730
     0.870
     0.775
     0.840
     0.824
     0.819
     0.893
     0.746
     0.823
     0.873
     0.843
     0.994
     0.824
     0.807
     0.607
     0.850
     0.524
     0.691
     0.839
     0.793
     0.834
     0.853
     0.850
     0.814
     0.770
     0.726
     0.853
     0.803
     0.885
     0.751
     0.805
     0.774
     0.858
     0.777
     0.692
     0.908
     0.869
     0.826
     0.852
     0.730
     0.876
     0.806
     0.746
     0.728
     0.867
     0.591
     0.782
     0.823
     0.780
     0.770
     0.797
     0.897
     0.930
     0.850
     0.776
     0.903
     0.851
     0.841
     0.925
     0.845
     0.819
     0.839
     0.742
     0.789
     0.683
     0.762
     0.626
     0.900
     0.755
     0.678
     0.807
     0.887
     0.859
     0.801
     0.832
     0.685
     0.816
     0.781
     0.817
     0.761
     0.766
     0.642
     0.831
     0.853
     0.800
     0.873
     0.681
     0.946
     0.763
     0.723
     0.803
     0.719
     0.765
     0.842
     0.867
     0.882
     0.902
     0.801
     0.591
     0.808
     0.799
     0.894
     0.875
     0.884
     0.987
     0.900
     0.888
     0.746
     0.807
     0.741
     0.882
     0.867
     0.798
     0.869
     0.834
     0.812
     0.871
     0.718
     0.791
     0.843
     0.673
     0.748
     0.879
     0.908
     0.915
     0.708
     0.776
     0.868
     0.714
     0.871
     0.730
     0.858
     0.842
     0.751
     0.934
     0.873
     0.768
     0.889
     0.582
     0.876
     0.723
     0.971
     0.770
     0.748
     0.808
     0.904
     0.919
     0.793
     0.853
     0.754
     0.963
     0.919
     0.773
     0.799
     0.766
     0.868
     0.893
     0.978
     0.865
     0.846
     0.771
     0.730
     0.761
     0.563
     0.890
     0.718
     0.772
     0.878
     0.839
     0.737
     0.816
     0.880
     0.881
     0.949
     0.653
     0.789
     0.870
     0.897
     0.780
     1.012
     0.898
     0.737
     0.699
     0.808
     0.896
     0.717
     0.804
     0.725
     0.912
     0.799
     0.839
     0.749
     0.770
     0.887
     0.724
     0.845
     0.601
     0.737
     0.728
     0.843
     0.834
     0.646
     0.737
     0.987
     0.775
     0.755
     0.819
     0.796
     0.831
     0.672
     0.729
     0.806
     0.848
     0.801
     0.881
     0.898
     0.790
     0.829
     0.739
     0.777
     0.727
     0.944
     0.883
     0.929
     0.856
     0.818
     0.716
     0.731
     0.714
     0.752
     0.784
     0.948
     0.865
     0.761
     0.875
     0.828
     0.729
     0.889
     0.765
     0.759
     0.832
     0.858
     0.757
     0.756
     0.944
     0.863
     0.886
     0.808
     0.764
     0.820
     0.846
     0.915
     0.759
     0.846
     0.780
     0.834
     0.757
     0.876
     0.778
     0.771
     0.812
     0.834
     0.828
     0.713
     0.853
     0.900
     0.579
     0.832
     0.746
     0.805
     0.693
     0.770
     0.841
     0.811
     0.955
     0.853
     0.660
     0.876
     0.748
     0.856
     0.751
     0.834
     0.964
     0.865
     0.901
     0.868
     0.780
     0.824
     0.745
     0.779
     0.994
     0.643
     0.772
     0.829
     0.864
     0.929
     0.872
     0.767
     0.938
     0.829
     0.817
     0.763
     0.741
     0.773
     0.817
     0.743
     0.863
     0.848
     0.845
     0.864
     0.962
     0.798
     0.967
     0.755
     0.819
     0.846
     0.837
     0.788
     0.843
     0.825
     0.786
     0.843
     0.757
     1.003
     0.914
     0.870
     0.811
     0.899
     0.832
     0.780
     0.741
     0.738
     0.823
     0.828
     0.721
     0.825
     0.618
     0.785
     0.899
     0.835
     0.938
     0.649
     1.006
     0.870
     0.768
     0.845
     0.884
     0.749
     0.969
     0.892
     0.875
     0.773
     0.860
     0.812
     0.830
     0.829
     0.856
     0.852
     0.664
     0.754
     0.720
     0.835
     1.022
     0.840
     0.816
     0.883
     0.876
     0.679
     0.819
     0.951
     0.867
     0.848
     0.836
     0.891
     0.742
     0.751
     0.894
     0.833
     0.744
     0.765
     0.853
     0.780
     0.799
     0.884
     0.869
     0.770
     0.821
     0.799
     0.884
     0.895
     0.787
     0.840
     0.778
     0.784
     0.919
     0.738
     0.904
     0.782
     0.755
     0.857
     0.841
     0.687
     0.781
     0.802
     0.875
     0.753
     0.713
     0.844
     0.949
     0.928
     0.810
     0.816
     0.864
     0.753
     0.695
     0.810
     0.883
     0.827
     0.820
     0.880
     0.866
     0.776
     0.765
     0.768
     0.904
     0.815
     0.744
     0.660
     0.886
     0.719
     0.691
     0.793
     0.818
     0.729
     0.936
     0.644
     0.807
     0.854
     0.905
     0.772
     0.963
     0.901
     0.800
     0.729
     0.905
     0.846
     0.852
     0.745
     0.854
     0.835
     0.911
     0.893
     0.823
     0.887
     0.774
     0.826
     0.776
     0.832
     0.716
     0.829
     0.760
     0.690
     0.721
     0.811
     0.767
     0.849
     0.864
     0.919
     0.792
     0.868
     0.756
     0.773
     0.840
     0.828
     0.824
     0.892
     0.768
     0.670
     0.801
     0.770
     0.875
     0.957
     0.734
     0.695
     0.848
     0.594
     0.950
     0.817
     0.860
     0.703
     0.909
     1.019
     0.809
     0.877
     0.960
     0.900
     0.861
     0.771
     0.808
     0.743
     0.745
     0.879
     0.712
     0.909
     0.940
     0.753
     0.844
     0.811
     0.839
     0.900
     0.821
     0.740
     0.730
     0.801
     0.732
     0.843
     0.777
     0.723
     0.755
     0.903
     0.812
     0.745
     0.842
     0.898
     0.854
     0.851
     0.849
     0.818
     0.677
     0.747
     0.755
     0.784
     0.905
     0.917
     0.823
     0.808
     0.755
     0.896
     0.717
     0.608
     0.925
     0.827
     1.008
     0.774
     0.704
     0.792
     0.961
     0.898
     0.928
     0.803
     0.876
     0.876
     0.771
     0.624
     0.867
     0.878
     0.658
     0.830
     0.850
     0.882
     0.779
     0.740
     0.760
     0.766
     0.811
     0.862
     0.948
     0.845
     0.730
     0.777
     0.944
     0.871
     0.781
     0.708
     0.952
     0.724
     0.770
     0.849
     0.831
     0.892
     0.822
     0.862
     0.833
     0.883
     0.810
     0.758
     0.680
     0.765
     0.861
     0.869
     0.731
     0.956
     0.792
     0.897
     0.890
     0.776
     0.700
     0.766
     0.799
     0.686
     0.748
     0.775
     0.880
     0.859
     0.819
     0.744
     0.885
     0.877
     0.922
     0.755
     0.809
     0.892
     0.721
     0.696
     0.771
     0.992
     0.917
     0.877
     0.835
     0.816
     0.767
     0.966
     0.822
     0.983
     0.879
     0.726
     0.880
     0.858
     0.896
     0.899
     0.704
     0.959
     0.884
     0.892
     0.767
     0.828
     0.796
     0.786
     0.855
     0.809
     0.947
     0.848
     0.853
     0.780
     0.709
     0.855
     0.876
     0.752
     0.843
     0.801
     0.745
     0.898
     0.922
     0.674
     0.859
     0.914
     0.939
     0.685
     0.686
     0.762
     0.859
     0.896
     0.900
     0.886
     0.771
     0.759
     0.819
     0.731
     0.755
     0.742
     0.752
     0.926
     0.787
     0.756
     0.854
     0.767
     0.901
     0.931
     0.890
     0.867
     0.768
     0.826
     0.804
     0.879
     0.725
     0.912
     0.809
     0.757
     0.758
     0.736
     0.852
     0.778
     0.851
     0.750
     0.977
     0.862
     0.836
     0.754
     0.737
     0.699
     0.728
     0.867
     0.873
     0.749
     0.719
     0.767
     0.836
     0.862
     0.789
     0.875
     0.879
     0.704
     0.841
     0.851
     0.859
     0.812
     0.749
     0.758
     0.836
     0.895
     0.824
     0.754
     0.710
     0.814
     0.826
     0.844
     0.906
     0.850
     0.918
     0.733
     0.761
     0.868
     0.808
     0.793
     0.912
     0.787
     0.912
     0.884
     0.841
     0.875
     0.789
     0.934
     0.972
     0.817
     0.836
     0.756
     0.762
     0.700
     0.569
     0.861
     0.749
     0.679
     0.791
     0.885
     0.801
     0.803
     0.903
     0.860
     0.745
     0.850
     0.763
     0.934
     0.838
     0.743
     0.596
     0.728
     0.887
     0.827
     0.850
     0.786
     0.757
     0.861
     0.743
     0.719
     0.661
     0.803
     0.771
     0.683
     0.737
     0.756
     0.986
     0.791
     0.762
     0.773
     0.748
     0.998
     0.717
     0.832
     0.709
     0.839
     0.774
     0.968
     0.742
     0.896
     0.804
     0.754
     0.997
     0.966
     0.885
     0.747
     0.731
     0.841
     0.856
     0.829
     0.840
     0.754
     0.802
     0.870
     0.801
     0.748
     0.681
     0.888
     0.865
     0.880
     0.781
     0.800
     0.830
     0.871
     0.711
     0.896
     0.788
     0.816
     0.755
     0.849
     0.945
     0.815
     0.784
     0.737
     0.792
     0.689
     0.765
     0.999
     0.757
     0.948
     0.893
     0.848
     0.926
     0.864
     0.790
     0.918
     0.895
     0.766
     0.797
     0.842
     0.810
     0.653
     0.692
     0.895
     0.831
     0.923
     0.872
     0.777
     0.744
     0.857
     0.795
     0.854
     0.863
     0.856
     0.968
     0.847
     0.763
     0.815
     0.835
     0.888
     0.861
     0.866
     0.875
     0.847
     0.845
     0.809
     0.871
     0.779
     0.671
     0.768
     0.848
     0.902
     0.952
     0.905
     0.767
     0.744
     0.839
     0.726
     0.855
     0.765
     0.880
     0.800
     0.797
     0.778
     0.784
     0.776
     0.746
     0.776
     0.720
     0.935
     0.756
     0.832
     0.731
     0.886
     0.754
     0.891
     0.805
     0.808
     0.905
     0.757
     0.723
     0.889
     0.809
     0.667
     0.762
     0.764
     0.883
     0.945
     0.818
     0.873
     0.557
     0.746
     0.743
     0.752
     0.853
     0.862
     0.748
     0.900
     0.863
     0.784
     0.828
     0.940
     0.822
     0.897
     0.715
     0.752
     0.894
     0.817
     0.824
     0.755
     0.687
     0.856
     0.813
     0.749
     0.857
     0.774
     0.818
     0.826
     0.877
     0.803
     0.953
     0.903
     0.758
     0.747
     0.817
     0.822
     0.873
     0.964
     0.814
     0.821
     0.720
     0.766
     0.765
     0.879
     0.784
     0.859
     0.816
     0.616
     0.854
     0.861
     0.805
     0.797
     0.849
     0.680
     0.818
     0.761
     0.719
     0.763
     0.811
     0.737
     0.744
     0.750
     0.816
     0.811
     0.835
     0.773
     0.780
     0.836
     0.692
     0.763
     0.829
     0.792
     0.780
     0.800
     0.749
     0.919
     0.797
     0.778
     0.800
     0.912
     0.700
     0.746
     0.763
     0.857
     0.919
     0.943
     0.852
     0.770
     0.822
     0.800
     0.758
     0.894
     0.749
     0.853
     0.990
     0.703
     0.766
     0.826
     0.906
     0.849
     0.790
     0.850
     0.870
     0.936
     0.855
     0.843
     0.851
     0.703
     0.827
     0.868
     0.717
     0.845
     0.845
     0.750
     0.867
     0.883
     0.944
     0.816
     0.693
     0.873
     0.940
     0.674
     0.880
     0.872
     0.822
     0.889
     0.872
     1.030
     0.761
     0.871
     0.812
     0.800
     0.758
     0.795
     0.812
     0.879
     0.719
     0.732
     0.768
     0.767
     0.848
     0.713
     0.755
     0.889
     0.726
     0.835
     0.715
     0.833
     0.868
     0.838
     0.681
     0.831
     0.844
     0.840
     0.869
     0.977
     0.788
     0.886
     0.748
     0.926
     0.970
     0.859
     0.959
     0.889
     0.858
     0.897
     0.689
     0.878
     0.733
     0.749
     0.794
     0.878
     0.948
     0.989
     0.777
     0.707
     0.836
     0.768
     0.761
     0.693
     0.841
     0.731
     0.719
     0.771
     0.733
     0.823
     0.769
     0.881
     0.815
     0.863
     0.708
     0.840
     0.853
     0.676
     0.740
     0.843
     0.796
     0.761
     0.809
     0.745
     0.904
     0.837
     0.904
     0.768
     0.758
     0.790
     0.839
     0.672
     0.750
     0.792
     0.781
     0.908
     0.830
     0.799
     0.706
     0.863
     0.796
     0.736
     0.786
     0.962
     0.844
     0.911
     1.005
     0.885
     0.732
     0.919
     0.774
     0.850
     0.926
     0.750
     0.990
     0.752
     0.789
     0.658
     0.914
     0.845
     0.777
     0.772
     0.892
     0.829
     0.689
     0.779
     0.768
     0.838
     0.762
     0.849
     0.763
     0.913
     0.795
     0.849
     0.737
     0.976
     0.820
     0.770
     0.767
     0.769
     0.758
     0.839
     0.924
     0.951
     1.003
     0.861
     0.795
     0.751
     0.807
     0.787
     0.979
     0.780
     0.578
     0.928
     0.743
     0.816
     0.886
     0.758
     0.871
     0.935
     0.820
     0.791
     0.744
     0.754
     0.849
     0.801
     1.002
     0.784
     0.832
     0.742
     0.910
     0.777
     0.926
     0.907
     0.746
     0.700
     0.697
     0.806
     0.952
     0.758
     0.888
     0.850
     0.817
     0.775
     0.843
     0.720
     0.739
     0.780
     0.706
     0.753
     0.737
     0.774
     0.736
     0.842
     0.927
     0.820
     0.713
     0.694
     0.901
     0.850
     0.821
     0.824
     0.804
     0.677
     0.669
     0.840
     0.830
     0.817
     0.616
     0.949
     0.756
     0.908
     0.765
     0.749
     0.837
     0.863
     0.745
     0.689
     0.792
     0.887
     0.921
     0.729
     0.911
     0.674
     0.733
     0.867
     0.839
     0.877
     0.861
     0.763
     0.715
     0.833
     0.624
     0.838
     0.799
     0.750
     0.694
     0.894
     0.939
     0.806
     0.836
     0.836
     0.896
     0.909
     0.742
     0.836
     0.729
     0.808
     0.796
     0.856
     0.755
     0.865
     0.840
     0.813
     0.732
     0.888
     0.858
     0.634
     0.897
     0.762
     0.859
     0.668
     0.611
     0.808
     0.767
     0.843
     0.755
     0.961
     0.734
     0.941
     0.903
     0.672
     0.703
     0.893
     0.885
     0.800
     0.823
     0.814
     0.825
     0.725
     0.763
     0.918
     0.795
     0.767
     0.811
     0.777
     0.964
     0.823
     0.768
     0.776
     0.762
     0.865
     0.881
     0.742
     0.895
     0.665
     0.761
     0.752
     0.677
     0.959
     0.824
     0.847
     0.651
     0.833
     0.820
     0.854
     0.816
     0.769
     0.900
     0.802
     0.892
     0.881
     0.763
     0.851
     0.799
     0.884
     0.809
     0.803
     0.740
     0.731
     0.746
     0.811
     0.772
     0.680
     0.742
     0.900
     0.726
     0.944
     0.868
     0.896
     0.867
     0.861
     0.806
     0.821
     0.843
     0.726
     0.734
     0.806
     0.805
     0.803
     0.888
     0.741
     0.753
     0.763
     0.777
     0.762
     0.846
     0.817
     0.669
     0.845
     0.685
     0.732
     0.832
     0.938
     0.785
     0.824
     0.799
     0.694
     0.734
     1.022
     0.733
     0.775
     0.857
     0.933
     0.747
     0.793
     0.648
     0.794
     0.845
     0.734
     0.800
     0.880
     0.805
     0.796
     0.921
     0.865
     0.881
     0.775
     0.969
     0.955
     0.627
     0.809
     0.745
     0.906
     0.814
     0.808
     0.807
     0.751
     0.819
     0.879
     0.797
     0.833
     0.815
     0.820
     0.781
     0.867
     0.651
     0.839
     0.951
     0.845
     0.926
     0.964
     0.820
     0.834
     0.853
     0.813
     0.946
     0.886
     0.698
     0.912
     0.724
     0.785
     0.682
     0.802
     0.841
     0.802
     0.859
     0.828
     0.853
     0.900
     0.844
     0.895
     0.825
     0.686
     0.853
     0.835
     0.782
     0.977
     0.736
     0.910
     0.846
     0.783
     0.754
     0.760
     0.894
     0.794
     0.913
     0.735
     0.857
     0.894
     0.823
     0.814
     0.780
     0.809
     0.792
     0.641
     0.900
     0.892
     0.844
     0.857
     0.635
     0.753
     0.627
     0.763
     0.835
     0.868
     0.862
     0.791
     0.911
     0.892
     0.754
     0.838
     0.911
     0.853
     0.943
     0.739
     0.763
     0.880
     0.770
     0.885
     0.822
     0.889
     0.838
     0.751
     0.857
     0.931
     0.710
     0.776
     0.798
     0.777
     0.840
     0.910
     0.701
     0.921
     0.849
     0.886
     0.746
     0.810
     0.883
     0.760
     0.875
     0.908
     0.796
     0.840
     0.783
     0.983
     0.884
     0.756
     0.788
     0.904
     0.842
     0.751
     0.734
     0.944
     0.717
     0.945
     0.735
     0.940
     0.685
     0.692
     0.890
     0.652
     1.018
     1.004
     0.937
     0.915
     0.792
     0.762
     0.752
     0.780
     0.896
     0.821
     0.824
     0.862
     0.796
     0.907
     0.754
     0.934
     0.765
     0.733
     0.763
     0.875
     0.598
     0.897
     0.786
     0.906
     0.860
     0.761
     0.705
     0.890
     0.785
     0.731
     0.847
     0.767
     0.974
     0.718
     0.919
     0.756
     0.808
     0.789
     0.825
     0.773
     0.840
     0.850
     0.905
     0.826
     0.812
     0.888
     0.877
     0.839
     0.753
     0.877
     0.735
     1.002
     0.848
     1.013
     0.946
     0.880
     0.720
     0.878
     0.728
     0.769
     0.729
     0.824
     0.742
     0.733
     1.033
     0.837
     0.859
     0.884
     0.784
     0.770
     0.807
     0.926
     0.730
     0.805
     0.763
     1.005
     1.009
     0.786
     0.896
     0.857
     0.796
     0.897
     0.805
     0.891
     0.788
     0.871
     0.857
     0.881
     0.901
     0.907
     0.769
     0.658
     0.645
     0.867
     0.723
     0.840
     0.682
     0.748
     0.825
     0.814
     0.678
     0.875
     0.878
     0.938
     0.721
     0.806
     0.869
     0.888
     0.775
     0.941
     0.774
     0.788
     0.951
     0.772
     0.848
     0.894
     0.738
     0.748
     0.812
     0.559
     0.542
     0.871
     0.853
     1.016
     0.753
     0.873
     0.722
     0.906
     1.038
     0.741
     0.922
     0.801
     0.916
     0.815
     0.690
     0.747
     0.842
     0.667
     0.871
     0.742
     1.001
     0.730
     0.792
     0.856
     0.822
     0.771
     0.862
     0.816
     0.836
     0.910
     0.860
     0.779
     0.903
     0.950
     0.846
     0.800
     0.984
     0.759
     0.578
     0.821
     0.835
     0.899
     0.851
     0.686
     0.817
     0.822
     0.831
     0.800
     0.724
     0.701
     0.719
     0.973
     0.739
     0.909
     0.955
     0.869
     0.694
     0.731
     0.814
     0.711
     0.909
     0.846
     0.889
     0.803
     0.797
     0.883
     0.858
     0.912
     0.873
     0.785
     0.874
     0.773
     0.903
     0.891
     0.827
     0.751
     0.762
     0.735
     0.733
     0.710
     0.855
     0.776
     0.869
     0.835
     0.910
     0.918
     0.872
     0.893
     0.737
     0.740
     0.746
     0.650
     0.790
     0.785
     1.004
     0.750
     0.721
     0.758
     0.811
     0.799
     0.704
     0.866
     0.727
     0.761
     0.933
     0.812
     0.828
     0.905
     0.917
     0.835
     0.806
     0.748
     0.881
     0.859
     0.780
     0.807
     0.857
     0.679
     0.818
     0.877
     0.731
     0.797
     0.847
     0.899
     0.822
     0.814
     0.891
     0.933
     0.869
     0.764
     0.794
     0.791
     0.605
     0.841
     0.790
     0.691
     0.814
     0.851
     0.997
     0.936
     0.759
     0.756
     0.827
     0.922
     0.772
     0.923
     0.756
     0.754
     0.757
     0.674
     0.790
     0.834
     0.779
     0.730
     0.955
     0.845
     0.863
     0.724
     0.806
     0.724
     0.737
     0.784
     0.805
     0.847
     0.857
     0.852
     0.836
     0.960
     0.916
     0.982
     0.792
     0.862
     0.794
     0.709
     0.730
     0.717
     0.835
     0.791
     0.750
     0.848
     0.849
     0.973
     0.797
     0.900
     0.688
     0.696
     0.871
     0.732
     0.748
     0.799
     0.851
     0.852
     0.675
     0.746
     0.817
     0.781
     0.736
     0.780
     0.842
     0.919
     0.742
     0.860
     0.866
     0.844
     0.799
     0.747
     0.899
     0.760
     0.883
     0.668
     0.843
     0.876
     0.832
     0.894
     0.865
     0.804
     0.895
     0.897
     0.811
     0.788
     0.761
     0.713
     0.565
     0.890
     0.895
     0.862
     0.753
     0.800
     0.899
     0.774
     0.794
     0.713
     0.746
     0.891
     0.853
     0.770
     0.734
     0.786
     0.825
     0.760
     0.863
     0.719
     0.756
     0.856
     0.786
     0.731
     0.789
     0.767
     0.762
     0.860
     0.892
     0.855
     0.895
     0.738
     0.805
     0.810
     0.759
     0.772
     0.843
     0.886
     0.852
     0.951
     0.842
     0.866
     0.727
     0.817
     0.756
     0.795
     0.812
     0.889
     0.961
     0.821
     0.737
     0.788
     0.802
     0.759
     0.799
     0.835
     0.800
     0.784
     0.824
     0.817
     0.934
     0.730
     0.888
     0.821
     0.806
     0.870
     0.755
     0.907
     0.783
     0.829
     0.894
     0.800
     0.833
     0.827
     0.838
     0.870
     0.951
     0.762
     0.775
     0.772
     0.914
     0.723
     0.771
     0.887
     0.717
     0.887
     0.744
     0.928
     0.918
     0.910
     0.795
     0.760
     0.724
     0.739
     0.729
     0.790
     0.855
     0.881
     0.864
     0.835
     0.625
     0.889
     0.943
     0.781
     0.858
     0.782
     0.858
     0.878
     0.974
     0.772
     0.871
     0.996
     0.740
     0.864
     0.785
     0.850
     0.957
     0.745
     0.772
     0.822
     0.927
     0.610
     0.776
     0.842
     0.749
     0.839
     0.809
     0.786
     0.867
     0.745
     0.850
     0.783
     0.810
     0.806
     0.760
     0.710
     0.791
     0.871
     0.862
     0.821
     0.816
     0.798
     0.710
     0.861
     0.768
     0.828
     0.748
     0.869
     0.782
     0.810
     0.711
     0.716
     1.002
     0.805
     0.883
     0.768
     0.694
     0.731
     0.779
     0.819
     0.894
     0.712
     0.656
     0.661
     0.744
     0.858
     0.792
     0.759
     0.652
     0.727
     0.813
     0.762
     0.829
     0.753
     0.883
     0.797
     0.743
     0.722
     0.912
     0.758
     0.884
     0.836
     0.875
     0.771
     0.891
     0.815
     0.939
     0.813
     0.900
     0.934
     0.833
     0.770
     0.815
     0.826
     0.779
     0.768
     0.935
     0.772
     0.912
     0.833
     0.636
     0.788
     0.757
     0.969
     0.749
     0.939
     0.849
     0.852
     0.752
     0.764
     0.834
     0.893
     0.794
     0.622
     0.930
     0.664
     0.728
     0.809
     0.811
     0.750
     0.780
     0.834
     0.753
     0.877
     0.839
     0.824
     0.821
     0.752
     0.938
     0.776
     0.732
     0.847
     0.983
     0.971
     0.832
     0.713
     0.858
     0.749
     0.674
     0.801
     0.762
     0.861
     0.810
     0.897
     0.756
     0.875
     0.856
     0.917
     0.718
     0.852
     0.871
     0.797
     0.954
     0.728
     0.811
     0.841
     0.884
     0.742
     0.864
     0.847
     0.778
     0.765
     0.862
     0.766
     0.864
     0.826
     0.756
     0.888
     0.890
     0.892
     0.861
     0.861
     0.889
     0.753
     0.814
     0.816
     0.762
     0.762
     0.810
     0.819
     0.887
     0.867
     0.972
     0.823
     0.826
     0.882
     0.794
     0.749
     0.835
     0.781
     0.854
     0.862
     0.844
     0.885
     0.655
     0.886
     0.961
     0.707
     0.867
     0.856
     0.995
     0.842
     0.878
     0.831
     0.829
     0.827
     0.782
     0.827
     0.769
     0.826
     0.853
     0.915
     0.760
     0.861
     0.957
     0.896
     0.817
     0.725
     0.735
     0.772
     0.821
     0.907
     0.782
     0.827
     0.841
     0.912
     0.869
     0.895
     0.804
     0.672
     0.640
     0.838
     0.864
     0.865
     0.590
     0.804
     0.759
     0.744
     0.738
     0.733
     0.782
     0.907
     0.824
     0.726
     0.670
     0.760
     0.837
     0.750
     0.884
     0.859
     0.909
     0.964
     0.743
     0.826
     0.775
     0.820
     0.747
     0.812
     0.741
     0.850
     0.618
     0.879
     0.815
     0.804
     0.845
     0.880
     0.800
     0.838
     0.867
     0.980
     0.864
     0.774
     0.765
     0.943
     0.690
     0.851
     0.889
     0.798
     0.835
     0.944
     0.709
     0.681
     0.808
     0.662
     0.734
     0.905
     0.908
     0.816
     0.835
     0.797
     0.901
     0.751
     0.749
     0.908
     0.872
     0.699
     0.786
     0.816
     0.830
     0.785
     0.754
     0.784
     0.747
     0.710
     0.810
     0.942
     0.777
     0.867
     0.857
     0.938
     0.891
     0.739
     0.831
     0.861
     0.826
     0.841
     0.720
     0.822
     0.843
     0.719
     0.654
     0.760
     0.662
     0.771
     0.784
     0.897
     0.750
     0.729
     0.756
     0.738
     0.778
     0.768
     0.690
     0.960
     0.831
     0.791
     0.858
     0.865
     0.704
     1.026
     0.901
     0.878
     0.882
     0.892
     0.851
     0.768
     0.828
     0.676
     0.838
     0.664
     0.787
     0.721
     0.830
     0.736
     0.880
     0.894
     0.703
     0.894
     0.872
     0.842
     0.813
     0.714
     0.540
     0.769
     0.754
     0.743
     0.901
     0.940
     0.870
     0.722
     0.843
     0.887
     0.839
     0.784
     0.786
     0.887
     0.765
     0.852
     0.928
     0.734
     0.736
     0.780
     0.877
     0.817
     0.830
     1.015
     0.932
     0.873
     0.873
     0.824
     0.772
     0.883
     0.904
     0.578
     0.837
     0.692
     0.927
     0.712
     0.741
     0.619
     0.782
     0.819
     0.888
     0.611
     0.849
     0.869
     0.838
     0.609
     0.542
     0.828
     0.784
     0.848
     0.742
     0.956
     0.764
     0.914
     0.653
     0.765
     0.884
     0.755
     0.804
     0.777
     0.858
     0.855
     0.734
     0.879
     0.682
     0.819
     0.859
     0.704
     0.756
     0.749
     0.710
     0.872
     0.782
     0.725
     0.816
     0.740
     0.884
     0.828
     0.819
     0.807
     0.898
     0.781
     0.890
     0.747
     0.961
     0.879
     0.879
     0.914
     0.826
     0.945
     0.803
     0.856
     0.801
     0.809
     0.888
     0.896
     0.778
     0.861
     0.784
     0.872
     0.897
     0.760
     0.696
     0.855
     0.771
     0.837
     0.864
     0.752
     0.846
     0.958
     0.834
     0.798
     0.951
     0.872
     0.768
     0.704
     0.765
     0.764
     0.610
     1.033
     0.715
     0.866
     0.768
     1.007
     0.764
     0.749
     0.776
     0.868
     0.725
     0.858
     0.852
     0.911
     0.745
     0.889
     0.863
     0.962
     0.850
     0.848
     0.823
     0.678
     0.924
     0.759
     0.834
     0.873
     0.914
     0.882
     0.825
     0.619
     0.753
     0.975
     0.802
     0.848
     0.867
     0.764
     0.651
     0.857
     0.771
     0.870
     0.906
     0.806
     0.901
     0.883
     0.743
     0.875
     0.753
     0.886
     0.829
     0.936
     0.599
     0.836
     0.776
     0.807
     0.853
     0.672
     0.814
     0.836
     0.892
     0.873
     0.879
     0.778
     0.815
     0.870
     0.849
     0.968
     0.663
     0.857
     0.756
     0.760
     0.869
     0.849
     0.785
     0.881
     0.782
     0.799
     0.838
     0.866
     0.689
     0.825
     0.917
     0.864
     0.759
     0.610
     0.887
     0.767
     0.803
     0.900
     0.907
     0.838
     0.871
     0.770
     0.837
     0.837
     0.808
     0.838
     0.872
     0.770
     0.766
     0.845
     0.749
     0.840
     0.745
     0.901
     0.895
     0.814
     0.742
     0.902
     0.756
     0.770
     0.733
     0.761
     0.786
     0.778
     0.808
     0.678
     0.690
     0.827
     0.894
     0.692
     0.900
     0.729
     0.783
     0.788
     0.926
     0.753
     0.868
     0.907
     0.830
     0.850
     0.833
     0.737
     0.783
     0.961
     0.691
     0.837
     0.840
     0.759
     0.695
     0.706
     0.806
     0.877
     0.801
     0.904
     0.896
     0.837
     0.987
     0.743
     0.968
     0.892
     0.863
     0.699
     0.645
     0.953
     0.677
     0.755
     0.769
     0.902
     0.859
     0.791
     0.689
     0.878
     0.869
     0.759
     0.908
     0.810
     0.770
     0.829
     0.810
     0.879
     0.833
     0.746
     0.919
     0.733
     0.808
     0.813
     0.800
     0.805
     0.886
     0.788
     0.849
     0.901
     0.888
     0.889
     0.768
     0.764
     0.846
     0.927
     0.830
     0.835
     0.893
     0.783
     0.725
     0.913
     0.906
     0.890
     0.756
     0.730
     0.866
     0.759
     0.785
     0.852
     0.628
     0.735
     0.737
     0.932
     0.797
     0.802
     0.824
     0.749
     0.821
     0.848
     0.748
     0.671
     0.827
     0.737
     0.948
     0.782
     0.960
     0.881
     0.854
     0.898
     0.833
     0.686
     0.855
     0.800
     0.808
     0.819
     0.878
     0.703
     0.746
     0.701
     0.857
     0.794
     0.827
     0.807
     0.963
     0.828
     0.830
     0.865
     0.788
     0.632
     0.818
     0.832
     0.788
     0.764
     0.740
     0.864
     0.805
     0.845
     0.845
     0.800
     0.833
     0.766
     0.824
     0.878
     0.901
     0.757
     0.861
     0.760
     0.850
     0.853
     0.919
     0.877
     0.928
     0.803
     0.807
     0.848
     0.699
     0.937
     0.976
     0.858
     0.720
     0.870
     0.950
     0.855
     0.831
     0.827
     0.798
     0.858
     0.751
     0.846
     0.872
     0.834
     0.768
     0.733
     0.911
     0.881
     0.864
     0.888
     0.755
     0.881
     0.972
     0.688
     0.791
     0.777
     0.787
     0.807
     0.711
     0.690
     0.792
     0.876
     0.844
     0.784
     0.798
     0.731
     0.833
     0.864
     0.825
     0.816
     0.838
     0.787
     0.873
     0.763
     0.828
     0.867
     0.693
     0.889
     0.722
     0.686
     0.888
     0.891
     0.815
     0.756
     0.868
     0.791
     0.829
     0.838
     0.885
     0.808
     0.884
     0.922
     0.920
     0.764
     0.788
     0.891
     0.710
     0.805
     0.795
     0.858
     0.636
     0.706
     0.798
     0.977
     0.862
     0.856
     0.736
     0.803
     0.779
     0.832
     0.687
     0.791
     0.911
     0.733
     0.846
     0.858
     0.582
     0.748
     0.822
     0.890
     0.914
     0.824
     0.732
     0.892
     0.834
     0.891
     0.727
     0.813
     0.706
     0.675
     0.734
     0.809
     0.890
     0.852
     0.880
     0.889
     0.825
     0.784
     1.004
     0.857
     0.893
     0.807
     0.747
     0.877
     0.818
     0.674
     0.933
     0.604
     0.813
     0.843
     0.819
     0.958
     0.809
     0.845
     0.809
     0.751
     0.795
     0.796
     0.889
     0.749
     0.708
     0.842
     0.843
     0.838
     0.880
     0.745
     0.623
     0.893
     0.897
     0.809
     0.970
     0.858
     0.876
     0.824
     0.749
     0.860
     0.637
     0.817
     0.826
     0.777
     0.796
     0.919
     0.719
     0.785
     0.834
     0.753
     0.896
     0.834
     0.856
     0.871
     0.745
     0.868
     0.711
     0.749
     0.794
     0.753
     0.800
     0.886
     0.774
     0.816
     0.968
     0.756
     0.839
     0.793
     0.807
     0.753
     0.854
     0.853
     0.959
     0.820
     0.974
     0.948
     0.837
     0.689
     0.791
     0.795
     0.755
     0.765
     0.871
     0.771
     0.903
     0.647
     0.764
     0.860
     0.736
     0.757
     0.849
     0.782
     0.759
     0.754
     0.995
     0.735
     0.866
     0.786
     0.770
     0.799
     0.753
     0.665
     0.854
     0.694
     0.833
     0.933
     0.888
     0.795
     0.859
     0.806
     0.742
     0.747
     0.845
     0.728
     0.896
     0.753
     0.830
     0.672
     0.844
     0.960
     0.768
     0.727
     0.817
     0.823
     0.831
     0.734
     0.902
     0.780
     0.760
     0.929
     0.889
     0.637
     0.843
     0.898
     0.857
     0.781
     0.822
     0.957
     0.855
     0.764
     0.756
     0.699
     0.860
     0.932
     0.871
     0.722
     0.760
     0.920
     0.746
     0.796
     0.801
     0.837
     0.696
     0.853
     0.855
     0.722
     0.804
     0.845
     0.924
     0.820
     0.954
     0.788
     0.691
     0.877
     0.934
     0.729
     0.863
     0.799
     0.858
     0.940
     0.823
     0.834
     0.697
     0.759
     0.947
     0.945
     0.670
     0.789
     0.785
     0.727
     0.791
     0.868
     0.869
     0.641
     0.773
     0.764
     0.884
     0.759
     0.814
     0.751
     0.776
     0.857
     0.834
     0.818
     0.935
     0.785
     0.792
     0.661
     0.866
     0.860
     0.775
     0.661
     0.822
     0.795
     0.960
     0.742
     0.911
     0.908
     0.841
     0.760
     0.824
     0.816
     0.844
     0.856
     0.745
     0.867
     0.841
     0.826
     0.737
     0.918
     0.900
     0.878
     0.822
     0.677
     0.792
     0.716
     0.763
     0.805
     0.931
     0.743
     0.807
     0.720
     0.780
     0.944
     0.899
     0.763
     0.793
     0.766
     0.837
     0.819
     0.800
     0.775
     0.724
     0.793
     0.786
     0.916
     0.772
     0.689
     0.756
     0.643
     0.840
     0.930
     0.866
     0.787
     0.773
     0.560
     0.784
     0.782
     0.778
     0.989
     0.876
     0.844
     0.787
     0.908
     0.848
     0.885
     0.872
     0.879
     0.900
     0.780
     0.866
     0.770
     0.837
     0.630
     0.888
     0.868
     0.763
     0.753
     0.842
     0.914
     0.849
     0.858
     0.892
     0.708
     0.836
     0.858
     0.723
     0.821
     0.817
     0.926
     0.926
     0.878
     0.881
     0.743
     0.761
     0.784
     0.733
     0.748
     0.852
     0.887
     0.777
     0.686
     0.734
     0.704
     0.860
     0.792
     0.816
     0.762
     0.834
     0.681
     0.808
     0.854
     0.760
     0.748
     0.795
     0.999
     0.784
     0.753
     0.972
     0.942
     0.960
     0.873
     0.773
     0.874
     0.849
     0.744
     0.808
     0.743
     0.753
     0.818
     0.800
     0.836
     0.853
     0.704
     0.738
     0.739
     0.782
     0.768
     0.767
     0.883
     0.891
     0.757
     0.965
     0.860
     0.939
     0.864
     0.753
     0.699
     0.777
     0.696
     0.763
     0.900
     0.849
     0.989
     0.854
     0.753
     0.776
     0.945
     0.828
     0.875
     0.933
     0.780
     0.710
     0.841
     0.857
     0.827
     0.875
     0.776
     0.752
     0.740
     0.793
     0.764
     0.801
     0.824
     0.888
     0.870
     0.765
     0.803
     0.788
     0.856
     0.854
     0.840
     0.961
     0.771
     0.738
     0.882
     0.749
     0.769
     0.639
     0.986
     0.775
     0.780
     0.782
     0.818
     0.876
     0.706
     1.007
     0.727
     0.792
     0.812
     0.792
     0.877
     0.630
     0.895
     0.833
     0.870
     0.850
     0.783
     0.779
     0.791
     0.878
     0.740
     0.849
     0.878
     0.884
     0.794
     0.796
     0.905
     0.916
     0.881
     0.705
     0.901
     0.789
     0.785
     0.942
     0.771
     0.833
     0.818
     0.721
     0.814
     0.896
     0.769
     0.911
     0.752
     0.772
     0.915
     0.721
     0.760
     0.693
     0.935
     0.886
     0.884
     0.751
     0.899
     0.798
     0.833
     0.974
     0.754
     0.782
     0.831
     0.717
     0.901
     0.790
     0.868
     0.841
     0.635
     0.893
     0.783
     0.845
     0.768
     0.919
     0.746
     0.871
     0.793
     0.733
     0.944
     0.687
     1.005
     0.766
     0.865
     0.882
     0.834
     0.724
     0.980
     1.011
     0.889
     0.995
     0.776
     0.732
     0.739
     0.767
     0.886
     0.838
     0.723
     0.696
     0.855
     0.880
     0.946
     0.853
     0.817
     0.798
     0.751
     0.614
     0.689
     0.836
     0.741
     0.817
     0.822
     0.786
     0.665
     0.907
     0.866
     0.777
     0.724
     0.753
     0.805
     0.648
     0.758
     0.803
     0.665
     0.753
     0.856
     0.857
     0.765
     0.880
     0.893
     0.766
     0.899
     0.802
     0.802
     0.891
     0.848
     0.593
     0.872
     0.872
     0.696
     0.718
     0.663
     0.873
     0.783
     0.856
     0.850
     0.858
     0.829
     0.671
     0.843
     0.862
     0.757
     0.822
     0.742
     0.804
     0.748
     0.884
     0.882
     0.841
     0.770
     0.936
     0.952
     0.754
     0.768
     0.761
     0.881
     0.796
     0.873
     0.879
     0.891
     0.737
     0.875
     0.787
     0.856
     0.839
     0.800
     0.909
     0.825
     0.887
     0.834
     0.830
     0.843
     0.869
     0.958
     0.762
     0.766
     0.771
     1.006
     0.891
     0.676
     0.763
     0.762
     0.764
     0.814
     0.700
     0.905
     0.757
     0.705
     0.768
     0.804
     0.765
     0.852
     0.776
     0.816
     0.738
     0.870
     0.833
     0.864
     0.753
     0.840
     0.850
     0.797
     0.700
     0.875
     0.684
     0.830
     0.829
     0.909
     0.871
     0.672
     0.714
     0.890
     0.834
     0.619
     0.910
     0.799
     0.825
     0.636
     0.715
     0.904
     0.827
     0.670
     0.791
     0.769
     0.772
     0.873
     0.840
     0.724
     0.802
     0.904
     0.877
     0.817
     0.748
     0.716
     0.876
     0.735
     0.809
     0.831
     0.844
     0.615
     0.912
     1.015
     0.687
     0.767
     0.845
     0.900
     0.770
     0.749
     0.762
     0.918
     0.947
     0.769
     0.894
     0.727
     0.751
     0.847
     0.748
     0.752
     0.909
     0.907
     0.887
     0.836
     0.783
     0.859
     0.841
     0.740
     0.793
     0.843
     0.779
     0.765
     0.816
     0.635
     0.707
     0.799
     0.729
     0.844
     0.837
     0.876
     0.781
     0.922
     0.881
     0.861
     0.775
     0.817
     0.762
     0.840
     0.957
     0.898
     0.793
     0.720
     0.805
     0.799
     0.768
     0.854
     0.897
     0.881
     0.780
     0.808
     0.772
     0.760
     0.776
     0.760
     0.888
     0.717
     0.891
     0.898
     0.896
     0.844
     0.913
     0.882
     0.747
     0.919
     0.876
     0.748
     0.887
     0.805
     0.899
     0.738
     0.812
     0.773
     0.986
     0.989
     0.839
     0.775
     0.690
     0.805
     0.924
     0.850
     0.845
     0.823
     0.895
     0.837
     0.891
     0.702
     0.919
     0.890
     0.792
     0.769
     0.812
     0.833
     0.725
     0.917
     0.759
     0.834
     0.836
     0.783
     0.845
     0.890
     0.736
     0.802
     0.920
     0.677
     0.728
     0.945
     0.682
     0.759
     0.767
     0.737
     0.886
     0.650
     0.781
     0.786
     0.763
     0.858
     0.711
     0.721
     0.687
     0.879
     0.813
     0.859
     0.724
     0.809
     0.928
     0.743
     0.748
     0.768
     0.828
     0.821
     0.756
     0.913
     0.766
     0.758
     0.751
     0.793
     0.801
     0.766
     0.863
     0.735
     0.857
     0.819
     0.772
     0.634
     0.899
     0.795
     0.793
     0.866
     0.806
     0.918
     0.760
     0.804
     0.925
     0.816
     0.688
     0.748
     0.774
     0.784
     0.777
     0.821
     0.820
     0.845
     0.871
     0.874
     0.794
     0.873
     0.811
     0.767
     0.754
     0.807
     0.771
     0.754
     0.650
     0.847
     0.804
     0.679
     0.753
     0.799
     0.813
     0.780
     0.592
     0.930
     0.756
     0.901
     0.875
     0.628
     0.709
     0.802
     0.859
     0.889
     0.826
     0.704
     0.886
     0.525
     0.787
     0.757
     0.741
     0.926
     0.857
     0.782
     0.828
     0.787
     0.678
     0.790
     0.874
     0.855
     0.905
     0.736
     0.810
     0.777
     0.788
     0.879
     0.776
     0.818
     0.829
     0.882
     0.745
     0.749
     0.887
     0.553
     0.632
     0.650
     0.741
     0.877
     0.628
     0.870
     0.708
     0.756
     0.913
     0.826
     0.863
     0.750
     0.836
     0.807
     0.950
     0.756
     0.794
     0.774
     0.889
     0.759
     0.605
     0.840
     0.926
     0.719
     0.883
     0.728
     0.785
     0.833
     0.723
     0.903
     0.847
     0.803
     0.764
     0.660
     0.855
     0.627
     0.731
     0.684
     0.960
     0.784
     0.757
     0.768
     0.734
     0.750
     0.835
     0.897
     0.866
     0.806
     0.738
     0.854
     0.717
     0.733
     0.850
     0.747
     0.736
     0.726
     0.835
     0.755
     0.806
     0.758
     0.840
     0.769
     0.802
     0.713
     0.897
     0.899
     0.871
     0.915
     0.922
     0.810
     0.774
     0.834
     0.833
     0.812
     1.008
     0.899
     0.806
     0.777
     0.886
     0.884
     0.778
     0.857
     0.853
     0.861
     0.853
     0.822
     0.881
     0.820
     0.906
     0.837
     0.782
     0.880
     0.836
     0.852
     1.006
     0.682
     0.620
     0.681
     0.777
     0.844
     0.882
     0.760
     0.828
     0.746
     0.875
     0.755
     0.838
     0.846
     0.878
     0.914
     0.748
     0.828
     0.875
     0.783
     0.653
     0.743
     0.966
     0.728
     0.971
     0.889
     0.901
     0.858
     0.676
     0.787
     0.662
     0.818
     0.939
     0.740
     0.835
     0.781
     0.805
     0.920
     0.752
     0.880
     0.765
     0.959
     0.837
     0.851
     0.891
     0.826
     0.852
     0.779
     0.835
     0.852
     0.778
     0.857
     0.722
     0.756
     0.765
     0.751
     0.950
     0.767
     0.759
     0.795
     0.904
     0.920
     0.701
     0.818
     0.890
     0.801
     0.817
     0.880
     0.743
     0.904
     0.925
     0.741
     0.801
     0.860
     0.827
     0.769
     0.817
     0.768
     0.961
     0.852
     0.707
     0.774
     0.752
     0.738
     0.881
     0.914
     0.761
     0.862
     0.877
     0.802
     0.738
     0.965
     0.875
     0.829
     0.780
     0.803
     0.699
     0.930
     0.848
     0.685
     0.791
     0.957
     0.745
     0.823
     0.908
     0.934
     0.770
     0.796
     0.868
     0.755
     0.967
     0.734
     0.726
     0.901
     0.834
     0.840
     0.889
     0.807
     0.827
     0.757
     0.842
     0.983
     0.787
     0.690
     0.846
     0.800
     0.846
     0.817
     0.847
     0.787
     0.764
     0.761
     0.907
     0.684
     0.766
     0.932
     0.882
     0.836
     0.808
     0.720
     0.900
     0.734
     0.863
     0.941
     0.867
     0.885
     0.827
     0.894
     0.911
     0.776
     0.799
     0.731
     0.760
     0.754
     0.813
     0.758
     0.756
     0.737
     0.980
     0.859
     0.827
     0.846
     0.858
     0.756
     0.804
     0.592
     0.678
     0.554
     0.896
     0.897
     0.910
     0.915
     0.744
     0.773
     0.944
     0.930
     0.800
     0.774
     0.808
     0.831
     0.830
     0.732
     0.741
     0.849
     0.798
     0.830
     0.906
     0.840
     0.856
     0.782
     0.885
     0.640
     0.860
     0.860
     0.647
     0.775
     0.873
     0.837
     0.667
     0.786
     0.740
     0.792
     0.756
     0.789
     0.800
     0.819
     0.807
     0.821
     0.843
     0.956
     0.710
     0.818
     0.754
     0.850
     0.860
     0.762
     0.803
     0.803
     0.800
     0.986
     0.853
     0.799
     0.916
     0.787
     0.848
     0.752
     0.876
     0.887
     0.703
     0.703
     0.826
     0.833
     0.723
     0.831
     0.840
     0.912
     0.733
     0.823
     0.896
     0.864
     0.835
     0.878
     0.760
     0.892
     0.734
     1.005
     0.869
     0.863
     0.846
     0.838
     0.715
     0.908
     0.713
     0.850
     0.895
     0.883
     0.739
     0.854
     0.843
     0.873
     0.819
     0.888
     0.765
     0.855
     0.883
     0.914
     0.759
     0.964
     0.764
     0.763
     0.765
     0.874
     0.716
     0.815
     0.844
     0.744
     0.813
     0.746
     0.682
     0.767
     0.920
     0.803
     0.784
     0.900
     0.817
     0.761
     0.771
     0.638
     0.894
     0.757
     0.812
     0.823
     0.665
     0.846
     0.783
     0.761
     0.776
     0.822
     0.692
     0.838
     0.909
     0.820
     0.891
     0.888
     0.965
     0.851
     0.900
     0.843
     0.825
     0.767
     0.768
     0.832
     0.640
     0.748
     0.722
     0.830
     0.840
     0.695
     0.758
     0.852
     0.881
     0.756
     0.831
     0.847
     0.851
     0.821
     0.691
     0.890
     0.846
     0.766
     0.811
     0.749
     0.868
     0.853
     0.896
     0.790
     0.864
     0.861
     0.802
     0.669
     0.891
     0.827
     0.861
     0.850
     0.983
     0.787
     0.952
     0.841
     0.821
     0.874
     0.691
     0.925
     0.852
     0.871
     0.948
     0.570
     0.913
     0.699
     0.783
     0.907
     0.596
     0.763
     0.885
     0.816
     0.784
     0.828
     0.680
     0.894
     0.804
     0.851
     0.934
     0.773
     0.776
     0.735
     0.818
     0.724
     0.747
     0.738
     0.729
     0.894
     0.748
     0.802
     0.894
     0.899
     0.888
     0.734
     0.755
     0.758
     0.791
     0.796
     0.799
     0.907
     0.755
     0.747
     0.680
     0.777
     0.806
     0.717
     0.980
     0.877
     0.737
     0.722
     0.872
     0.837
     0.940
     0.897
     0.709
     0.749
     0.763
     0.696
     0.798
     0.670
     0.796
     0.863
     0.953
     0.853
     0.826
     0.844
     0.875
     0.812
     0.841
     0.848
     0.788
     0.806
     0.898
     0.735
     0.786
     0.894
     0.911
     0.874
     0.865
     0.854
     0.622
     0.913
     0.862
     0.763
     0.896
     0.741
     0.891
     0.876
     0.797
     0.735
     0.827
     0.833
     0.724
     0.936
     0.907
     0.739
     0.699
     0.778
     0.854
     0.875
     0.788
     0.853
     0.832
     0.871
     0.881
     0.853
     0.875
     0.799
     0.880
     0.859
     0.862
     0.870
     0.936
     0.870
     0.889
     0.890
     0.772
     0.757
     0.677
     0.813
     0.821
     0.817
     0.800
     0.697
     0.781
     0.851
     0.744
     0.960
     0.815
     0.770
     0.824
     0.837
     0.729
     0.728
     0.940
     0.758
     0.847
     0.886
     0.962
     0.908
     0.826
     0.827
     0.598
     0.716
     0.704
     0.822
     0.932
     0.887
     0.862
     0.824
     0.743
     0.623
     0.887
     0.900
     0.757
     0.861
     0.786
     0.847
     0.897
     0.748
     0.823
     0.943
     1.005
     0.831
     0.752
     0.657
     0.837
     0.865
     0.707
     0.798
     1.010
     0.772
     0.835
     0.762
     0.765
     0.839
     0.812
     0.786
     0.874
     0.978
     0.771
     0.768
     0.891
     0.736
     0.783
     0.932
     0.879
     0.839
     0.908
     0.919
     0.833
     0.562
     0.665
     0.882
     0.823
     0.820
     0.887
     0.749
     0.898
     0.811
     0.818
     0.735
     0.820
     0.696
     0.888
     0.788
     0.783
     0.740
     0.745
     0.880
     0.631
     0.826
     0.789
     0.815
     0.875
     0.898
     0.940
     0.806
     0.766
     0.805
     0.830
     0.767
     0.813
     0.885
     0.951
     0.786
     0.871
     0.895
     0.742
     0.886
     0.879
     0.711
     0.847
     0.708
     0.769
     0.854
     0.888
     0.895
     0.892
     0.720
     0.679
     0.758
     0.820
     0.846
     0.637
     0.820
     0.858
     0.855
     0.971
     0.774
     0.765
     0.829
     0.789
     0.833
     0.873
     0.743
     0.947
     0.853
     0.877
     0.671
     0.948
     0.798
     0.816
     0.774
     0.963
     0.695
     0.864
     0.742
     0.837
     0.671
     0.850
     0.862
     0.769
     0.784
     0.939
     0.772
     0.769
     0.856
     0.919
     0.831
     0.874
     0.850
     0.781
     0.903
     0.900
     0.766
     0.775
     0.901
     0.747
     0.736
     0.931
     0.820
     0.832
     0.834
     0.763
     0.795
     0.878
     0.628
     0.849
     0.834
     0.851
     0.833
     0.718
     0.836
     0.890
     0.838
     0.831
     0.672
     0.750
     0.848
     0.980
     0.975
     0.863
     0.810
     0.879
     0.763
     0.795
     0.796
     0.914
     0.592
     0.868
     0.874
     0.866
     0.731
     0.773
     0.783
     0.955
     0.690
     0.894
     0.877
     0.824
     0.823
     0.817
     0.801
     0.798
     0.792
     0.791
     0.775
     0.769
     0.874
     0.749
     0.792
     0.846
     0.742
     0.863
     0.942
     0.841
     0.828
     0.827
     0.876
     0.622
     0.811
     0.881
     0.804
     0.814
     0.850
     0.748
     0.774
     0.886
     0.839
     0.869
     0.835
     0.869
     0.892
     0.901
     0.980
     0.974
     0.737
     0.867
     0.720
     0.753
     0.782
     0.828
     0.739
     0.820
     0.758
     0.969
     0.616
     0.688
     0.696
     0.939
     0.774
     0.840
     0.919
     0.713
     0.947
     0.872
     0.750
     0.757
     0.863
     0.868
     0.762
     0.872
     0.750
     0.806
     0.862
     0.749
     0.896
     0.785
     0.846
     0.961
     0.855
     0.853
     0.851
     0.822
     0.761
     0.787
     0.803
     0.888
     0.815
     0.871
     0.905
     0.523
     0.819
     0.895
     0.898
     0.970
     0.989
     0.985
     0.863
     0.684
     0.771
     0.896
     0.867
     0.866
     0.930
     0.844
     0.670
     0.866
     0.819
     0.828
     0.909
     0.767
     0.632
     0.867
     0.894
     0.869
     0.721
     0.865
     0.751
     0.862
     0.774
     0.873
     0.879
     0.823
     0.886
     0.985
     0.742
     0.918
     0.864
     0.803
     0.830
     0.785
     0.726
     0.725
     0.699
     0.768
     0.807
     0.758
     0.853
     0.959
     0.885
     0.783
     0.942
     0.743
     0.878
     0.810
     0.834
     0.818
     0.727
     0.855
     0.840
     0.873
     0.873
     0.812
     0.706
     0.792
     0.748
     0.827
     0.886
     0.819
     0.782
     0.885
     0.785
     0.817
     0.779
     0.903
     0.891
     0.828
     0.837
     0.762
     0.885
     0.804
     0.859
     0.799
     0.837
     0.795
     0.711
     0.768
     0.739
     0.709
     0.890
     0.759
     0.841
     0.801
     0.852
     0.884
     0.673
     0.891
     0.898
     0.844
     0.891
     0.886
     0.878
     0.785
     0.889
     0.890
     0.779
     0.802
     0.883
     0.803
     0.773
     0.782
     0.861
     0.856
     0.845
     0.884
     0.899
     0.767
     0.746
     0.858
     0.836
     0.921
     0.885
     0.829
     0.719
     0.710
     0.925
     0.786
     0.904
     0.775
     0.793
     0.799
     0.831
     0.872
     0.862
     0.668
     0.780
     0.742
     0.718
     0.724
     0.983
     0.786
     0.889
     0.878
     0.759
     0.753
     0.836
     0.782
     0.788
     0.844
     0.955
     0.734
     0.794
     0.824
     0.779
     0.907
     0.825
     0.840
     0.956
     0.996
     0.835
     0.843
     0.854
     0.563
     0.805
     0.893
     0.949
     0.885
     0.859
     0.779
     0.783
     0.793
     0.608
     0.902
     0.937
     0.847
     0.788
     0.790
     0.705
     0.726
     0.850
     0.834
     0.912
     0.708
     0.771
     0.885
     0.853
     0.706
     0.844
     0.643
     0.864
     0.674
     0.837
     0.864
     0.738
     0.822
     0.878
     0.939
     0.822
     0.661
     0.842
     0.749
     0.749
     0.916
     0.999
     0.936
     0.695
     0.998
     0.705
     0.788
     0.735
     0.871
     0.798
     0.872
     0.775
     0.743
     0.852
     0.874
     0.737
     1.006
     0.863
     0.750
     0.848
     0.873
     0.789
     0.989
     0.623
     0.848
     0.832
     0.871
     0.753
     0.852
     0.761
     0.757
     0.800
     0.568
     0.855
     0.844
     0.894
     0.740
     0.709
     0.834
     0.768
     0.739
     0.787
     0.788
     0.902
     0.769
     0.953
     0.756
     0.735
     0.871
     0.778
     0.737
     0.741
     0.726
     0.671
     0.791
     0.888
     0.831
     0.747
     0.833
     0.724
     0.785
     0.940
     0.784
     0.761
     0.886
     0.748
     0.899
     0.817
     0.953
     0.720
     0.775
     0.781
     0.759
     0.859
     0.807
     0.855
     0.755
     0.597
     0.832
     0.831
     0.828
     0.730
     0.851
     0.833
     0.732
     0.931
     0.795
     0.839
     0.899
     0.927
     0.825
     0.770
     0.862
     0.852
     0.896
     0.692
     0.829
     0.882
     0.730
     0.743
     0.847
     0.797
     0.685
     0.870
     0.953
     0.832
     0.747
     0.802
     0.746
     0.712
     0.752
     0.882
     0.876
     0.598
     0.836
     0.895
     0.808
     0.772
     0.828
     0.840
     0.881
     0.875
     0.740
     0.852
     0.817
     0.816
     0.716
     0.902
     0.671
     0.754
     0.723
     0.666
     0.921
     0.878
     0.906
     0.776
     0.796
     0.896
     0.897
     0.810
     0.787
     0.721
     0.897
     0.834
     0.792
     0.793
     0.795
     0.845
     0.862
     0.924
     0.781
     0.817
     0.987
     0.894
     0.732
     0.754
     0.834
     0.896
     0.840
     0.778
     0.870
     0.770
     0.826
     0.808
     0.789
     0.771
     0.842
     0.867
     0.709
     0.759
     0.877
     0.692
     0.736
     0.748
     0.765
     0.891
     0.853
     0.901
     0.819
     0.846
     0.777
     0.882
     0.864
     0.960
     0.796
     0.929
     0.855
     0.729
     0.765
     0.977
     0.959
     0.895
     0.956
     0.670
     0.726
     0.817
     0.735
     0.828
     0.898
     0.837
     0.629
     0.787
     0.841
     0.820
     0.844
     0.845
     0.928
     0.845
     0.820
     0.842
     0.820
     0.820
     0.870
     0.843
     0.793
     0.897
     0.762
     0.841
     0.640
     0.815
     0.873
     0.834
     0.698
     0.756
     0.751
     0.905
     0.769
     0.876
     0.728
     0.728
     0.777
     0.870
     0.771
     0.853
     0.822
     0.840
     0.831
     0.952
     0.752
     0.751
     0.764
     0.869
     0.974
     0.765
     0.803
     0.882
     0.584
     0.746
     0.760
     0.886
     0.847
     0.811
     0.724
     0.727
     0.733
     0.586
     0.777
     0.812
     0.902
     0.914
     0.973
     0.864
     0.772
     0.748
     0.707
     0.840
     0.807
     0.851
     0.931
     0.786
     0.773
     0.808
     0.978
     0.954
     0.847
     0.769
     0.769
     0.674
     0.819
     0.852
     0.838
     0.842
     0.851
     0.883
     0.667
     0.616
     0.841
     0.792
     0.788
     0.811
     0.851
     0.825
     0.830
     0.786
     0.678
     0.734
     0.807
     0.730
     0.823
     0.890
     0.833
     0.873
     0.855
     0.701
     0.679
     0.582
     0.773
     1.021
     0.793
     0.755
     0.775
     0.858
     0.883
     0.840
     0.731
     0.740
     0.811
     0.944
     0.950
     0.871
     0.833
     0.791
     0.745
     0.849
     0.918
     0.784
     0.784
     0.844
     0.732
     0.872
     0.760
     0.729
     0.840
     0.765
     0.951
     0.957
     0.826
     0.844
     0.755
     0.708
     0.841
     0.841
     0.942
     0.963
     0.750
     0.840
     0.747
     0.784
     0.793
     0.697
     0.749
     0.874
     0.867
     0.873
     0.788
     0.748
     0.868
     0.575
     0.733
     0.752
     0.697
     0.892
     0.679
     0.906
     0.736
     0.772
     0.769
     0.785
     0.780
     0.851
     0.946
     0.745
     0.802
     0.682
     0.830
     0.801
     0.770
     0.746
     0.845
     0.789
     0.757
     0.986
     0.815
     0.880
     0.818
     0.893
     0.886
     0.803
     0.875
     0.892
     0.888
     0.843
     0.739
     0.843
     0.720
     0.700
     0.765
     0.850
     0.897
     0.798
     0.859
     0.884
     0.728
     0.781
     0.751
     0.820
     0.766
     0.873
     0.760
     0.811
     0.672
     0.868
     0.861
     0.802
     0.798
     0.901
     0.907
     0.996
     0.878
     0.837
     0.840
     0.824
     0.805
     0.850
     0.698
     0.822
     0.874
     0.960
     0.701
     0.809
     0.793
     0.863
     0.790
     0.930
     0.706
     0.874
     0.814
     0.886
     0.873
     0.851
     0.695
     0.751
     0.769
     0.670
     0.708
     0.868
     0.868
     0.830
     0.758
     0.758
     0.778
     0.807
     0.858
     0.832
     0.844
     0.809
     0.837
     0.829
     0.766
     0.716
     0.830
     0.799
     0.792
     0.740
     0.731
     0.775
     0.842
     0.769
     0.831
     0.788
     0.744
     0.857
     0.773
     1.017
     0.994
     0.762
     0.651
     0.826
     0.835
     0.783
     0.910
     0.753
     0.859
     0.769
     0.811
     0.682
     0.985
     0.764
     0.849
     0.823
     0.805
     0.683
     0.856
     0.776
     0.714
     0.823
     0.773
     0.742
     0.869
     0.758
     0.853
     0.787
     0.775
     0.911
     0.755
     0.763
     0.858
     0.711
     0.873
     0.789
     0.753
     0.856
     0.757
     0.797
     0.794
     0.845
     0.869
     0.842
     0.850
     0.771
     0.842
     0.804
     0.858
     0.683
     0.727
     0.876
     1.001
     0.836
     0.840
     0.785
     0.821
     0.950
     0.796
     0.774
     0.886
     0.885
     0.820
     0.773
     0.850
     0.800
     0.731
     0.752
     0.999
     0.814
     0.829
     0.837
     0.828
     0.682
     0.792
     0.850
     0.786
     0.867
     0.804
     0.956
     0.819
     0.867
     0.673
     0.878
     0.692
     0.774
     0.694
     0.746
     0.845
     0.881
     0.777
     0.864
     0.591
     0.879
     0.783
     0.743
     0.750
     0.705
     0.881
     0.884
     0.773
     0.865
     0.839
     0.965
     0.967
     0.827
     1.001
     0.721
     0.765
     0.713
     0.787
     0.893
     0.901
     0.815
     0.892
     0.855
     0.897
     0.881
     0.762
     0.739
     0.698
     0.679
     0.787
     0.825
     0.851
     0.797
     0.781
     0.909
     0.759
     0.762
     0.835
     0.762
     0.987
     0.836
     0.705
     0.858
     0.815
     0.894
     0.886
     0.735
     0.672
     0.715
     0.785
     0.879
     0.929
     0.798
     0.775
     0.853
     0.966
     0.853
     0.942
     0.766
     0.827
     0.929
     0.851
     0.767
     0.746
     0.801
     0.854
     0.949
     0.698
     0.751
     0.785
     0.764
