     1.722
     1.591
     1.721
     1.712
     1.694
     1.674
     1.633
     1.595
     1.591
     1.589
     1.583
     1.605
     1.640
     1.654
     1.654
     1.650
     1.647
     1.645
     1.646
     1.650
     1.653
     1.659
     1.660
     1.652
     1.638
     1.625
     1.619
     1.621
     1.631
     1.636
     1.646
     1.648
     1.650
     1.643
     1.650
     1.650
     1.656
     1.653
     1.658
     1.668
     1.713
     1.737
     1.752
     1.769
     1.775
     1.811
     1.847
     1.871
     1.884
     1.891
     1.902
     1.911
     1.927
     1.928
     1.930
     1.920
     1.910
     1.890
     1.857
     1.826
     1.792
     1.763
     1.750
     1.744
     1.728
     1.717
     1.703
     1.687
     1.668
     1.634
     1.598
     1.572
     1.552
     1.532
     1.522
     1.532
     1.545
     1.565
     1.605
     1.640
     1.669
     1.692
     1.698
     1.710
     1.722
     1.733
     1.768
     1.789
     1.846
     1.903
     1.933
     1.957
     1.975
     1.986
     1.995
     2.007
     2.008
     1.984
     1.951
     1.910
     1.810
     1.715
     1.611
     1.533
     1.478
     1.421
     1.395
     1.468
     1.522
     1.618
     1.728
     1.849
     1.918
     1.954
     1.975
     2.000
     2.003
     2.014
     2.002
     1.998
     1.983
     1.965
     1.954
     1.939
     1.921
     1.870
     1.796
     1.704
     1.611
     1.548
     1.574
     1.652
     1.677
     1.669
     1.648
     1.614
     1.581
     1.572
     1.619
     1.633
     1.623
     1.625
     1.669
     1.715
     1.742
     1.759
     1.756
     1.733
     1.698
     1.662
     1.630
     1.594
     1.556
     1.503
     1.460
     1.463
     1.476
     1.497
     1.537
     1.572
     1.581
     1.567
     1.540
     1.498
     1.390
     1.319
     1.266
     1.281
     1.287
     1.292
     1.296
     1.327
     1.369
     1.410
     1.465
     1.521
     1.605
     1.656
     1.691
     1.743
     1.760
     1.797
     1.831
     1.891
     1.934
     1.963
     1.980
     1.995
     2.008
     2.021
     2.022
     2.014
     1.999
     1.979
     1.945
     1.905
     1.874
     1.853
     1.836
     1.825
     1.806
     1.787
     1.768
     1.755
     1.748
     1.737
     1.717
     1.686
     1.648
     1.651
     1.649
     1.639
     1.634
     1.642
     1.677
     1.721
     1.745
     1.766
     1.776
     1.777
     1.771
     1.734
     1.733
     1.679
     1.676
     1.719
     1.727
     1.740
     1.751
     1.757
     1.762
     1.783
     1.786
     1.795
     1.796
     1.795
     1.759
     1.725
     1.687
     1.611
     1.513
     1.434
     1.480
     1.598
     1.642
     1.671
     1.697
     1.739
     1.780
     1.822
     1.851
     1.870
     1.878
     1.876
     1.861
     1.841
     1.808
     1.758
     1.702
     1.657
     1.621
     1.617
     1.614
     1.620
     1.627
     1.622
     1.619
     1.628
     1.635
     1.637
     1.673
     1.701
     1.714
     1.719
     1.797
     1.394
     1.737
     1.536
     1.645
     1.555
     1.728
     1.534
     1.185
     1.678
     1.708
     1.842
     1.798
     1.636
     1.691
     1.503
     1.723
     1.554
     1.711
     1.650
     1.398
     1.570
     1.512
     1.539
     1.856
     1.773
     2.001
     1.599
     2.038
     1.727
     1.827
     1.458
     1.549
     1.472
     1.551
     1.215
     1.369
     1.702
     1.531
     1.833
     1.683
     1.419
     1.335
     1.607
     1.794
     1.885
     1.783
     1.683
     1.817
     1.804
     1.914
     1.476
     1.713
     1.870
     1.607
     1.812
     1.587
     1.935
     1.195
     1.789
     1.600
     1.483
     1.835
     1.757
     1.688
     1.194
     1.751
     1.719
     1.631
     1.615
     1.726
     1.472
     1.743
     1.559
     1.561
     1.498
     1.524
     1.703
     1.884
     1.777
     1.598
     1.554
     1.228
     1.620
     1.671
     1.533
     1.615
     1.748
     1.416
     1.413
     0.984
     1.760
     1.597
     1.648
     1.425
     1.588
     1.559
     1.650
     1.994
     1.687
     1.696
     1.823
     1.464
     1.753
     1.647
     1.610
     1.792
     1.677
     1.562
     1.602
     1.581
     1.831
     1.175
     1.956
     1.793
     1.964
     1.477
     1.758
     1.771
     1.890
     1.754
     1.412
     1.587
     1.164
     1.945
     1.491
     1.708
     1.579
     1.464
     1.671
     1.894
     1.743
     1.824
     1.456
     2.089
     1.445
     1.910
     1.663
     1.513
     1.547
     1.665
     1.753
     1.717
     1.414
     1.509
     1.511
     1.544
     1.612
     1.549
     1.530
     1.747
     1.699
     1.091
     1.589
     1.876
     1.577
     1.205
     1.646
     1.667
     1.737
     1.411
     1.708
     1.708
     1.723
     1.062
     2.005
     1.486
     1.935
     1.487
     1.761
     1.824
     1.682
     1.662
     1.660
     1.568
     1.343
     1.701
     1.481
     1.762
     1.601
     1.914
     1.663
     1.819
     1.671
     1.807
     1.563
     1.550
     1.510
     1.133
     1.211
     1.782
     1.181
     1.656
     1.618
     1.728
     1.856
     1.778
     1.735
     1.598
     1.800
     1.797
     1.571
     1.819
     1.522
     1.640
     1.540
     1.729
     1.660
     1.826
     1.598
     1.642
     1.798
     1.673
     1.762
     1.818
     1.687
     1.652
     1.591
     1.924
     1.623
     1.771
     1.632
     1.542
     1.594
     1.562
     0.964
     1.658
     1.562
     1.474
     1.344
     1.729
     1.256
     1.923
     1.524
     1.948
     1.808
     1.758
     1.942
     1.680
     1.136
     1.709
     1.958
     1.688
     2.006
     1.585
     1.646
     1.591
     1.648
     1.592
     1.594
     1.605
     1.548
     1.603
     1.467
     1.446
     1.683
     1.404
     1.729
     1.660
     1.761
     1.630
     1.780
     1.115
     1.788
     1.676
     1.583
     1.928
     1.953
     1.548
     1.691
     1.442
     1.764
     1.525
     1.731
     1.387
     1.508
     1.879
     1.496
     1.575
     1.823
     1.686
     1.602
     1.750
     1.580
     1.065
     1.767
     1.880
     1.413
     1.709
     1.716
     1.573
     1.642
     1.624
     1.738
     1.689
     1.590
     1.823
     1.733
     1.808
     1.747
     1.815
     1.715
     1.431
     1.706
     1.708
     1.754
     1.866
     1.773
     1.682
     1.667
     1.659
     1.795
     1.640
     1.964
     1.381
     1.594
     1.795
     1.700
     2.004
     1.476
     1.729
     1.953
     1.631
     1.643
     1.867
     1.861
     1.447
     1.678
     1.990
     1.305
     1.926
     1.819
     1.877
     1.741
     1.598
     1.566
     2.038
     1.521
     1.900
     1.435
     1.633
     1.536
     1.746
     1.700
     1.689
     1.461
     1.542
     1.503
     1.467
     1.637
     1.192
     1.433
     1.632
     1.867
     1.669
     1.644
     1.757
     1.789
     1.116
     2.074
     1.325
     1.557
     1.752
     1.566
     1.277
     1.799
     1.246
     1.905
     1.744
     1.760
     1.619
     1.526
     1.590
     1.259
     1.600
     1.776
     1.792
     1.636
     1.238
     1.483
     1.405
     1.280
     1.558
     1.395
     1.743
     1.847
     1.623
     1.669
     1.926
     1.580
     1.739
     1.623
     1.580
     1.870
     1.512
     1.692
     1.424
     1.693
     1.851
     2.010
     1.631
     1.845
     1.613
     1.588
     1.782
     1.316
     1.395
     1.671
     1.673
     1.562
     1.800
     1.719
     1.499
     1.803
     2.005
     1.905
     1.706
     1.455
     1.823
     1.775
     1.742
     1.436
     1.535
     1.597
     1.566
     1.707
     1.470
     1.649
     1.721
     1.861
     1.705
     1.641
     1.921
     1.695
     1.622
     1.603
     1.452
     1.709
     1.876
     1.699
     1.675
     1.647
     1.747
     1.699
     1.398
     1.528
     1.512
     1.905
     1.898
     1.490
     1.854
     1.488
     1.782
     1.719
     1.894
     1.624
     1.731
     1.653
     1.595
     0.969
     2.029
     0.926
     1.649
     1.023
     1.268
     1.629
     1.819
     1.748
     1.953
     1.498
     1.495
     1.550
     1.878
     1.712
     1.792
     1.672
     1.592
     2.002
     1.588
     1.511
     1.801
     1.325
     1.840
     1.708
     1.621
     1.533
     1.369
     1.745
     1.701
     1.647
     1.911
     1.798
     1.554
     1.547
     1.401
     1.420
     1.513
     1.636
     1.583
     1.641
     1.938
     1.864
     1.775
     1.552
     1.656
     1.957
     1.837
     1.735
     1.670
     1.233
     1.800
     1.773
     1.383
     1.448
     1.563
     1.771
     1.730
     1.368
     1.548
     1.722
     1.855
     1.495
     1.801
     1.660
     1.729
     1.580
     1.936
     1.347
     1.477
     1.680
     1.474
     1.912
     1.552
     1.730
     1.657
     1.680
     1.705
     1.633
     1.437
     1.758
     1.664
     1.643
     1.565
     1.330
     1.573
     1.493
     1.720
     1.731
     1.537
     1.675
     1.675
     1.772
     1.580
     1.927
     1.724
     1.526
     1.607
     1.809
     1.611
     1.593
     1.608
     1.601
     1.712
     1.764
     2.090
     1.533
     1.550
     1.625
     1.493
     1.386
     1.773
     1.479
     1.302
     1.751
     1.868
     1.666
     1.135
     1.539
     1.651
     1.789
     1.444
     1.739
     1.594
     1.672
     1.788
     1.742
     1.589
     1.540
     1.656
     1.438
     1.614
     1.637
     1.633
     1.512
     1.594
     1.633
     1.536
     1.803
     1.730
     1.616
     1.819
     1.405
     1.106
     1.742
     1.533
     1.067
     1.134
     1.741
     1.363
     1.704
     1.688
     1.594
     1.788
     1.692
     1.479
     1.643
     1.658
     1.635
     1.746
     1.344
     1.756
     1.514
     1.665
     1.650
     1.504
     1.746
     1.780
     1.604
     1.823
     1.294
     1.827
     1.599
     1.715
     1.654
     1.546
     1.609
     1.639
     1.794
     1.955
     1.647
     1.830
     1.811
     1.587
     1.141
     1.203
     1.800
     1.481
     1.829
     1.620
     1.622
     1.151
     1.693
     1.514
     1.965
     1.560
     1.817
     1.763
     1.756
     1.397
     1.597
     1.828
     1.274
     2.039
     1.690
     1.587
     2.021
     1.554
     1.750
     1.703
     1.597
     1.525
     1.771
     1.774
     1.742
     1.347
     1.684
     1.474
     1.470
     1.099
     1.699
     2.002
     1.492
     1.822
     1.755
     1.661
     1.680
     1.593
     1.318
     1.642
     1.801
     1.728
     1.660
     1.490
     1.512
     1.378
     1.751
     1.738
     1.896
     1.528
     1.723
     1.592
     1.698
     1.596
     1.760
     1.596
     1.621
     1.710
     1.906
     1.691
     1.960
     1.247
     1.793
     1.589
     2.037
     1.615
     1.689
     1.864
     1.964
     1.409
     1.561
     1.672
     1.612
     1.590
     1.262
     1.480
     1.774
     1.805
     1.497
     1.703
     1.875
     1.917
     1.807
     1.754
     1.496
     1.954
     1.759
     1.514
     1.633
     1.777
     1.723
     1.581
     1.619
     1.272
     1.927
     1.389
     1.634
     1.607
     1.814
     1.751
     1.632
     1.761
     1.635
     1.741
     1.875
     1.354
     1.967
     1.636
     1.626
     1.501
     1.681
     1.737
     1.665
     1.551
     1.589
     1.556
     1.979
     1.736
     1.666
     1.714
     1.310
     1.909
     1.828
     1.727
     1.941
     1.813
     1.692
     1.643
     1.610
     1.687
     1.911
     1.547
     1.803
     1.747
     1.598
     1.700
     1.790
     1.673
     1.842
     1.705
     1.807
     1.644
     1.322
     1.775
     1.560
     1.588
     1.649
     1.804
     1.522
     1.700
     1.726
     1.852
     1.366
     1.651
     1.789
     1.568
     1.593
     1.747
     1.631
     1.650
     1.498
     1.542
     1.595
     1.812
     1.542
     1.394
     1.628
     1.681
     1.757
     1.422
     1.877
     1.771
     1.836
     1.771
     1.640
     1.599
     1.678
     1.612
     1.770
     1.603
     1.450
     1.926
     1.605
     1.887
     1.965
     1.848
     1.222
     1.667
     1.748
     1.652
     1.815
     1.752
     1.669
     1.617
     1.804
     1.408
     1.793
     1.031
     1.627
     1.727
     1.625
     1.734
     1.124
     1.462
     1.596
     1.752
     1.931
     1.676
     1.961
     1.923
     1.825
     1.555
     1.632
     1.653
     2.011
     1.503
     1.546
     1.610
     1.592
     1.597
     1.698
     1.212
     1.818
     1.670
     1.665
     1.855
     1.541
     1.681
     1.627
     1.731
     1.463
     1.927
     1.592
     1.306
     1.466
     1.652
     1.775
     1.729
     1.640
     1.428
     1.635
     1.764
     1.998
     1.601
     1.966
     1.806
     1.256
     1.844
     1.600
     1.588
     1.617
     1.419
     1.611
     1.400
     1.546
     1.798
     1.723
     1.839
     1.945
     1.218
     1.549
     2.025
     1.759
     1.489
     1.593
     1.658
     1.448
     1.310
     1.367
     1.663
     1.927
     1.764
     1.679
     1.807
     1.665
     1.608
     1.636
     1.874
     1.126
     1.845
     1.937
     1.794
     1.761
     1.650
     1.229
     1.697
     1.242
     1.638
     1.618
     1.662
     1.777
     1.568
     1.706
     1.649
     1.709
     1.556
     1.969
     1.046
     1.649
     1.844
     1.913
     1.785
     1.599
     1.726
     1.540
     1.530
     1.726
     0.980
     1.607
     1.584
     1.650
     1.908
     1.700
     1.583
     1.403
     1.492
     1.599
     1.267
     1.751
     1.753
     1.909
     1.630
     1.447
     1.717
     1.810
     1.439
     1.712
     1.664
     1.447
     1.672
     1.796
     1.744
     1.454
     1.684
     1.788
     1.684
     1.618
     1.816
     1.491
     1.713
     1.419
     1.767
     1.484
     1.327
     1.706
     1.582
     1.592
     1.952
     1.833
     1.655
     1.735
     1.651
     1.646
     1.761
     1.233
     2.076
     1.357
     1.794
     1.370
     1.749
     1.498
     1.694
     1.726
     1.957
     1.671
     1.801
     1.721
     2.011
     1.280
     1.458
     1.543
     1.745
     1.589
     1.476
     1.817
     1.655
     1.709
     1.747
     1.550
     1.509
     1.593
     1.581
     1.766
     1.584
     1.696
     1.852
     1.747
     1.922
     1.992
     1.716
     1.656
     1.306
     1.285
     1.762
     1.786
     1.548
     1.446
     1.572
     1.721
     1.552
     1.563
     1.511
     1.155
     1.728
     1.655
     1.310
     1.743
     1.827
     1.760
     1.206
     1.621
     1.160
     1.789
     1.339
     1.925
     1.681
     1.661
     1.503
     1.719
     1.820
     1.742
     1.993
     1.616
     2.025
     2.023
     1.602
     1.752
     1.610
     1.979
     1.678
     1.856
     1.652
     1.755
     1.562
     1.464
     1.987
     1.903
     1.702
     1.618
     1.697
     1.436
     1.752
     1.529
     1.714
     1.462
     1.579
     1.847
     1.510
     1.800
     1.612
     1.572
     1.778
     1.671
     1.870
     1.639
     1.707
     1.898
     1.209
     1.910
     1.872
     1.602
     1.736
     1.619
     1.595
     1.853
     1.652
     1.277
     1.777
     1.489
     1.123
     2.002
     1.508
     1.480
     1.731
     1.498
     1.514
     1.681
     1.527
     1.502
     1.515
     1.608
     1.735
     1.678
     1.810
     1.758
     1.782
     1.619
     1.631
     1.545
     1.485
     1.229
     1.448
     1.673
     1.565
     1.482
     1.434
     1.788
     1.814
     1.594
     1.557
     1.646
     1.731
     1.648
     1.793
     2.035
     1.601
     1.772
     1.648
     1.615
     1.849
     1.671
     1.074
     1.533
     1.589
     1.386
     1.907
     1.912
     1.405
     1.233
     1.780
     1.539
     1.539
     1.431
     1.627
     1.780
     1.680
     1.918
     1.649
     1.806
     1.591
     1.809
     1.801
     1.810
     1.674
     1.577
     1.633
     1.421
     1.764
     1.685
     1.652
     1.181
     1.913
     1.919
     1.675
     1.666
     1.606
     1.660
     1.569
     1.331
     1.700
     1.442
     1.567
     1.762
     1.840
     1.794
     1.797
     1.603
     1.781
     1.826
     1.592
     1.746
     1.789
     1.814
     1.706
     1.350
     1.520
     1.552
     1.749
     1.726
     1.629
     1.835
     1.572
     2.046
     1.779
     1.450
     1.793
     1.709
     1.711
     1.333
     1.924
     1.472
     1.953
     1.594
     1.513
     1.532
     1.838
     1.594
     1.816
     1.595
     1.813
     1.568
     1.717
     1.686
     1.090
     1.649
     1.609
     1.609
     1.769
     1.167
     1.662
     1.644
     1.331
     1.394
     1.999
     1.539
     1.773
     1.679
     1.624
     1.781
     1.601
     1.744
     1.961
     1.415
     1.631
     1.948
     1.728
     1.907
     1.772
     1.638
     1.710
     1.813
     1.554
     1.919
     1.854
     1.714
     1.421
     1.611
     1.471
     1.996
     1.352
     1.818
     1.468
     1.098
     1.556
     1.517
     1.852
     1.595
     2.008
     2.013
     1.616
     1.755
     1.519
     1.894
     1.742
     1.591
     1.700
     1.733
     1.983
     1.715
     1.884
     1.930
     1.717
     2.104
     1.612
     0.942
     1.768
     1.899
     1.490
     1.714
     1.626
     1.600
     1.893
     1.612
     1.784
     1.651
     1.891
     1.585
     1.959
     1.500
     1.536
     0.924
     1.904
     1.625
     1.601
     1.728
     1.579
     1.557
     1.555
     1.685
     1.473
     1.944
     1.640
     1.715
     1.941
     2.082
     1.844
     1.716
     1.880
     1.647
     1.644
     1.477
     1.795
     1.558
     1.483
     1.756
     1.644
     1.735
     1.834
     1.376
     1.292
     1.518
     1.234
     2.016
     1.727
     1.465
     1.683
     1.732
     1.645
     1.427
     1.568
     1.352
     1.227
     1.724
     1.776
     1.653
     1.633
     1.588
     1.855
     1.479
     1.568
     1.722
     1.763
     1.855
     1.490
     1.664
     1.507
     1.580
     1.686
     1.334
     1.548
     1.822
     1.578
     1.594
     1.532
     1.645
     1.804
     1.772
     1.437
     1.524
     1.924
     1.866
     1.970
     1.530
     1.665
     1.532
     1.509
     1.357
     0.933
     1.583
     1.335
     1.747
     1.813
     1.328
     1.865
     1.390
     1.827
     1.752
     1.820
     1.780
     1.345
     1.658
     1.541
     1.466
     1.740
     1.883
     1.401
     1.585
     1.720
     1.581
     1.780
     1.491
     1.687
     1.798
     1.756
     1.788
     1.077
     1.632
     1.820
     1.509
     2.042
     1.450
     1.245
     1.343
     1.310
     1.894
     1.340
     1.583
     1.636
     1.418
     1.632
     1.436
     1.718
     1.624
     1.383
     1.878
     1.414
     1.922
     1.594
     1.722
     1.271
     1.629
     1.813
     1.528
     1.587
     1.523
     1.679
     1.628
     1.607
     1.644
     1.342
     1.606
     1.739
     1.710
     1.056
     1.683
     1.613
     1.711
     1.678
     1.701
     1.583
     1.680
     1.745
     2.017
     1.538
     1.676
     1.478
     1.685
     1.538
     1.707
     2.031
     1.723
     1.556
     1.707
     1.705
     1.539
     1.748
     1.602
     1.764
     1.552
     1.604
     1.877
     1.549
     1.725
     1.756
     1.655
     1.775
     1.593
     1.656
     1.856
     1.623
     1.759
     1.744
     1.796
     1.716
     1.793
     1.465
     1.751
     1.665
     1.801
     1.693
     1.769
     1.936
     1.696
     1.632
     1.833
     1.783
     1.843
     1.768
     1.322
     1.821
     1.916
     1.910
     1.469
     1.673
     1.742
     1.876
     1.525
     1.394
     1.205
     1.761
     1.608
     1.679
     1.628
     1.657
     1.578
     1.776
     1.820
     1.505
     2.026
     1.586
     1.463
     1.555
     1.557
     1.556
     1.722
     1.224
     1.958
     1.647
     1.457
     1.492
     1.828
     1.830
     1.671
     1.586
     1.913
     1.451
     1.665
     1.678
     1.776
     1.633
     1.613
     1.967
     1.668
     1.789
     1.730
     1.470
     1.575
     1.690
     1.518
     1.471
     1.653
     1.924
     1.725
     1.805
     1.615
     1.776
     1.461
     1.411
     1.819
     1.662
     1.689
     1.404
     1.618
     1.175
     1.613
     1.441
     1.858
     1.560
     1.595
     1.352
     1.555
     1.551
     1.454
     1.451
     1.805
     1.732
     1.864
     1.590
     1.608
     1.856
     1.616
     1.567
     1.562
     1.653
     1.731
     1.324
     1.692
     1.424
     1.552
     1.598
     1.866
     1.725
     1.548
     1.389
     1.620
     1.916
     2.007
     1.791
     1.713
     1.513
     1.741
     1.887
     1.682
     1.994
     1.565
     1.669
     1.549
     1.737
     1.481
     1.640
     1.592
     1.375
     1.645
     1.419
     1.204
     1.798
     1.893
     1.470
     1.487
     1.727
     1.632
     1.795
     1.896
     1.648
     1.616
     1.639
     1.559
     1.681
     1.811
     1.646
     1.698
     1.700
     1.689
     1.805
     1.830
     1.452
     1.309
     1.727
     1.631
     1.535
     1.723
     1.647
     1.746
     1.544
     1.049
     1.879
     1.663
     1.524
     1.830
     1.803
     1.719
     1.668
     1.212
     1.698
     1.903
     1.613
     1.563
     1.687
     1.693
     1.713
     1.723
     1.637
     1.769
     1.852
     1.698
     1.755
     1.465
     1.884
     1.547
     1.729
     1.723
     1.965
     1.365
     1.783
     1.525
     1.700
     1.788
     1.512
     1.635
     1.662
     1.099
     1.731
     1.496
     1.647
     0.960
     1.389
     1.766
     1.656
     1.742
     1.571
     1.644
     1.731
     1.551
     0.999
     1.431
     1.796
     1.523
     1.540
     1.649
     1.443
     1.663
     1.798
     1.828
     1.570
     1.679
     1.425
     1.375
     1.313
     1.657
     1.258
     1.867
     1.627
     1.272
     1.871
     1.626
     1.868
     1.525
     1.423
     1.899
     0.996
     1.546
     1.127
     1.635
     1.767
     1.383
     1.157
     1.700
     1.557
     1.572
     1.718
     1.864
     1.647
     1.515
     1.694
     1.626
     1.887
     1.997
     1.683
     1.446
     1.687
     1.771
     1.662
     2.014
     1.484
     1.667
     1.665
     1.722
     1.545
     1.534
     1.900
     1.938
     1.783
     1.738
     1.431
     1.695
     1.685
     1.497
     1.545
     1.689
     1.627
     1.310
     1.564
     1.576
     1.773
     1.464
     1.970
     1.815
     1.518
     1.717
     1.670
     1.586
     1.849
     1.622
     1.656
     1.910
     1.689
     1.507
     1.777
     1.669
     1.848
     1.859
     1.127
     1.240
     1.960
     1.765
     1.699
     1.925
     1.626
     1.731
     1.718
     1.408
     1.625
     1.575
     1.672
     1.799
     1.741
     1.594
     1.624
     1.614
     1.501
     1.647
     1.598
     1.858
     1.739
     1.694
     1.770
     1.776
     1.860
     1.744
     1.840
     1.967
     1.488
     1.672
     1.622
     1.831
     1.718
     1.791
     1.960
     1.975
     1.657
     1.641
     1.657
     1.677
     1.813
     1.795
     1.570
     1.711
     1.725
     1.640
     1.595
     1.652
     1.866
     1.395
     1.514
     1.487
     1.733
     1.510
     1.723
     1.189
     1.559
     1.728
     1.491
     1.519
     1.600
     1.515
     1.659
     1.618
     1.588
     1.648
     1.285
     1.341
     1.787
     1.786
     1.774
     1.580
     1.655
     1.106
     1.521
     1.647
     1.601
     1.657
     1.693
     1.558
     1.518
     1.605
     1.301
     1.579
     1.760
     1.576
     1.855
     1.575
     1.665
     1.576
     1.774
     1.736
     1.623
     1.778
     1.890
     1.140
     1.704
     1.466
     1.307
     1.646
     1.822
     2.021
     1.975
     1.626
     1.431
     1.757
     1.615
     1.826
     1.505
     1.317
     1.571
     1.436
     1.483
     1.920
     1.641
     1.714
     1.931
     1.557
     1.326
     1.453
     1.668
     1.611
     1.745
     1.404
     1.408
     1.758
     1.917
     1.641
     1.748
     1.580
     1.043
     1.437
     1.944
     1.607
     1.793
     1.490
     1.807
     1.776
     1.616
     1.321
     1.949
     1.716
     1.714
     1.354
     1.712
     1.651
     1.710
     1.627
     1.472
     1.966
     1.548
     1.780
     1.389
     1.780
     1.808
     1.803
     1.518
     1.618
     1.968
     1.266
     1.597
     1.852
     1.143
     1.800
     1.570
     1.950
     1.817
     1.763
     1.567
     1.632
     1.670
     1.622
     1.998
     1.764
     1.730
     1.432
     1.562
     2.019
     1.732
     1.333
     1.065
     1.599
     1.760
     1.753
     1.772
     2.026
     1.698
     1.799
     1.767
     1.627
     1.709
     1.431
     1.724
     1.710
     1.644
     2.072
     1.929
     1.578
     1.775
     1.574
     1.867
     1.493
     1.722
     1.470
     1.661
     1.742
     1.999
     1.183
     1.442
     1.623
     1.533
     1.750
     1.616
     1.709
     1.237
     1.406
     1.442
     1.661
     2.065
     1.604
     1.573
     1.521
     1.938
     1.650
     1.680
     1.589
     1.978
     1.816
     1.435
     1.616
     1.782
     1.775
     1.592
     1.613
     1.593
     1.597
     1.738
     1.835
     1.882
     1.847
     1.414
     1.635
     1.753
     1.589
     1.383
     1.503
     1.714
     1.684
     1.759
     1.576
     1.801
     1.687
     1.940
     1.953
     1.741
     1.789
     1.519
     1.823
     1.624
     1.623
     1.752
     1.577
     1.781
     1.757
     1.925
     1.863
     1.637
     1.894
     1.792
     1.403
     1.783
     1.795
     1.663
     1.589
     1.777
     1.634
     1.633
     1.590
     1.582
     1.164
     1.608
     1.633
     2.038
     1.660
     1.362
     1.710
     1.500
     1.501
     1.648
     1.537
     1.582
     1.740
     1.659
     1.750
     1.530
     1.329
     1.522
     1.579
     1.484
     1.370
     1.732
     2.041
     1.461
     1.637
     1.751
     1.578
     1.539
     1.559
     1.754
     1.707
     1.235
     1.820
     1.485
     1.940
     1.643
     1.589
     1.890
     1.683
     1.674
     1.752
     1.542
     1.786
     1.584
     1.744
     1.719
     1.775
     1.669
     1.457
     1.797
     1.712
     1.780
     1.288
     1.649
     1.598
     1.697
     1.314
     1.754
     1.614
     1.950
     2.070
     1.789
     1.750
     1.621
     1.597
     1.454
     1.861
     1.924
     1.532
     1.585
     1.805
     1.904
     1.283
     1.515
     1.885
     1.839
     1.814
     1.708
     1.596
     1.600
     1.604
     1.698
     1.782
     1.258
     1.469
     1.801
     1.749
     1.721
     1.717
     1.999
     1.662
     1.791
     1.064
     1.742
     1.536
     1.569
     1.216
     1.638
     1.685
     1.838
     1.828
     1.839
     1.795
     1.611
     1.692
     1.745
     1.583
     1.714
     1.562
     1.762
     1.710
     1.534
     1.550
     1.706
     1.581
     1.740
     1.552
     1.494
     1.882
     1.760
     1.743
     1.613
     1.351
     1.747
     1.494
     1.532
     1.400
     1.656
     1.581
     1.546
     1.355
     1.520
     1.537
     1.622
     1.308
     1.260
     1.650
     1.316
     1.403
     1.563
     1.743
     1.545
     1.845
     1.528
     1.304
     1.776
     1.616
     1.544
     1.710
     1.649
     1.335
     1.711
     1.471
     1.656
     1.093
     1.773
     1.499
     1.590
     1.148
     1.604
     1.615
     1.559
     1.689
     1.705
     1.112
     1.629
     2.019
     1.737
     1.778
     1.438
     1.670
     1.575
     1.696
     1.708
     1.683
     1.645
     1.626
     1.597
     1.738
     1.595
     1.457
     1.830
     1.600
     1.549
     1.614
     1.558
     1.753
     1.328
     1.680
     1.196
     1.700
     2.034
     1.861
     1.949
     1.645
     1.751
     1.736
     1.794
     1.861
     1.573
     1.930
     1.708
     1.735
     1.670
     1.542
     1.776
     1.702
     1.502
     1.774
     1.741
     1.921
     0.953
     1.902
     1.441
     1.753
     1.280
     1.609
     1.664
     1.534
     1.558
     1.691
     1.576
     1.266
     1.735
     1.575
     1.058
     1.738
     1.523
     1.784
     1.468
     1.890
     1.526
     1.686
     1.689
     1.215
     1.693
     1.815
     1.603
     1.964
     1.638
     0.960
     1.614
     1.697
     1.701
     1.774
     1.643
     1.774
     1.707
     1.616
     1.599
     1.563
     1.962
     1.054
     1.827
     1.805
     1.689
     1.601
     1.804
     1.670
     1.790
     1.719
     1.620
     1.769
     1.641
     1.834
     1.637
     1.659
     1.715
     1.546
     1.535
     1.676
     1.686
     1.568
     1.606
     1.583
     1.697
     1.779
     1.604
     1.242
     1.580
     1.545
     1.714
     1.238
     1.667
     1.479
     1.751
     1.605
     1.555
     1.860
     1.750
     1.793
     1.743
     1.769
     1.467
     1.236
     1.778
     1.292
     1.995
     1.358
     1.919
     0.922
     1.608
     1.643
     1.451
     1.795
     1.720
     1.425
     1.709
     1.696
     1.718
     1.685
     1.820
     1.194
     1.527
     1.663
     1.863
     1.723
     1.640
     1.479
     1.743
     1.898
     1.544
     1.798
     1.630
     1.932
     1.693
     1.613
     1.766
     1.458
     1.671
     1.596
     1.959
     1.603
     1.540
     1.654
     1.702
     1.745
     1.674
     1.697
     1.954
     1.829
     1.825
     1.600
     1.574
     1.588
     2.036
     1.829
     1.745
     1.668
     1.699
     2.019
     1.883
     1.714
     1.277
     1.652
     1.521
     1.643
     1.576
     1.717
     1.433
     1.550
     1.967
     1.768
     1.621
     1.732
     1.656
     1.542
     1.495
     1.838
     1.590
     1.753
     1.668
     1.743
     1.695
     1.651
     1.901
     1.652
     1.584
     1.720
     1.741
     1.912
     1.638
     1.351
     1.102
     1.711
     1.177
     1.410
     1.789
     1.749
     1.797
     1.756
     1.698
     1.604
     1.678
     1.266
     1.669
     1.613
     1.777
     1.527
     1.512
     1.794
     1.788
     1.676
     1.351
     1.838
     1.705
     1.688
     1.676
     1.240
     1.951
     1.580
     1.643
     1.400
     1.685
     1.197
     1.604
     1.458
     1.652
     1.681
     1.603
     1.765
     1.901
     1.796
     1.580
     1.751
     1.665
     1.951
     1.828
     1.907
     1.899
     1.549
     1.626
     1.565
     1.197
     1.650
     1.087
     1.840
     1.560
     1.549
     1.674
     1.734
     1.714
     1.667
     1.705
     1.448
     1.610
     1.692
     1.612
     1.198
     1.515
     1.265
     1.695
     1.639
     1.565
     1.703
     1.231
     1.818
     1.583
     1.383
     1.750
     1.518
     1.484
     1.757
     1.759
     1.684
     1.762
     1.689
     1.332
     1.639
     1.551
     1.958
     1.647
     1.769
     1.825
     1.768
     1.753
     1.512
     1.720
     1.639
     1.815
     1.884
     1.696
     1.732
     1.619
     1.645
     1.737
     1.588
     1.524
     1.750
     1.371
     1.634
     1.794
     1.814
     1.893
     1.453
     1.552
     1.647
     1.515
     1.710
     1.585
     1.665
     1.689
     1.587
     1.864
     1.905
     1.627
     1.947
     1.144
     1.766
     1.322
     1.980
     1.629
     1.732
     1.762
     1.825
     1.752
     1.666
     1.672
     1.555
     1.812
     2.027
     1.520
     1.548
     1.440
     1.766
     1.930
     1.802
     1.850
     1.686
     1.607
     1.633
     1.532
     1.053
     1.856
     1.204
     1.527
     1.694
     1.778
     1.603
     1.754
     1.818
     1.750
     1.768
     1.223
     1.652
     1.773
     1.772
     1.566
     1.989
     1.768
     1.414
     1.101
     1.755
     1.748
     1.559
     1.568
     1.595
     1.814
     1.614
     1.657
     1.632
     1.335
     1.770
     1.384
     1.690
     1.239
     1.563
     1.464
     1.629
     1.929
     1.069
     1.357
     1.879
     1.686
     1.660
     1.573
     1.757
     1.694
     1.403
     1.589
     1.742
     1.776
     1.732
     1.723
     1.763
     1.579
     1.665
     1.458
     1.552
     1.597
     1.952
     1.715
     2.052
     1.922
     1.666
     1.542
     1.467
     1.246
     1.653
     1.556
     2.102
     1.714
     1.625
     1.765
     1.615
     1.584
     1.789
     1.624
     1.631
     1.757
     1.688
     1.477
     1.511
     1.876
     1.703
     1.873
     1.564
     1.470
     1.701
     1.801
     2.026
     1.502
     1.809
     1.708
     1.681
     1.544
     1.806
     1.467
     1.556
     1.715
     1.751
     1.598
     1.459
     1.711
     1.812
     1.049
     1.530
     1.602
     1.895
     1.325
     1.630
     1.563
     1.502
     1.940
     1.887
     1.649
     1.752
     1.588
     1.653
     1.429
     1.723
     1.992
     1.733
     1.725
     1.845
     1.637
     1.642
     1.513
     1.598
     1.971
     1.221
     1.477
     1.658
     1.826
     1.914
     1.747
     1.508
     1.814
     1.622
     1.688
     1.543
     1.387
     1.599
     1.788
     1.442
     1.659
     1.793
     1.775
     1.699
     1.981
     1.570
     1.913
     1.506
     1.682
     1.665
     1.535
     1.690
     1.791
     1.698
     1.528
     1.672
     1.496
     1.901
     1.803
     1.678
     1.639
     2.014
     1.812
     1.430
     1.615
     1.625
     1.873
     1.668
     1.462
     1.577
     1.273
     1.564
     1.807
     1.773
     1.989
     1.373
     1.949
     1.791
     1.543
     1.670
     1.758
     1.371
     1.844
     1.918
     1.749
     1.580
     1.723
     1.619
     1.633
     1.709
     1.685
     1.933
     1.288
     1.631
     1.457
     1.903
     2.004
     1.785
     1.707
     1.946
     1.750
     1.224
     1.609
     1.862
     1.807
     1.690
     1.671
     1.927
     1.627
     1.520
     1.782
     1.649
     1.547
     1.668
     1.699
     1.560
     1.684
     1.994
     1.736
     1.571
     1.436
     1.852
     1.785
     1.795
     1.582
     1.655
     1.671
     1.537
     1.804
     1.536
     1.858
     1.579
     1.425
     1.691
     1.657
     1.301
     1.629
     1.563
     1.770
     1.632
     1.298
     1.705
     1.945
     1.937
     1.605
     1.921
     1.791
     1.523
     1.349
     1.651
     1.734
     1.687
     1.738
     1.792
     1.768
     1.683
     1.618
     1.572
     1.775
     1.619
     1.528
     1.286
     1.786
     1.218
     1.234
     1.555
     1.759
     1.372
     2.070
     1.252
     1.801
     1.636
     1.823
     1.754
     1.762
     2.043
     1.641
     1.457
     1.801
     1.894
     1.945
     1.532
     1.721
     1.682
     1.810
     1.708
     1.698
     1.692
     1.634
     1.682
     1.651
     1.692
     1.579
     1.615
     1.609
     1.315
     1.135
     1.468
     1.530
     1.956
     1.795
     2.012
     1.815
     1.789
     1.633
     1.653
     1.753
     1.651
     1.737
     1.746
     1.606
     1.370
     1.340
     1.672
     1.712
     2.005
     1.512
     1.286
     1.843
     1.195
     1.943
     1.543
     1.684
     1.433
     1.781
     1.999
     1.627
     2.023
     1.868
     1.763
     1.787
     1.628
     1.711
     1.330
     1.500
     1.823
     1.488
     1.884
     1.760
     1.585
     1.806
     1.751
     1.666
     1.856
     1.641
     1.598
     1.568
     1.608
     1.530
     1.595
     1.627
     1.412
     1.473
     1.977
     1.664
     1.570
     1.607
     1.777
     1.941
     1.618
     1.710
     1.850
     1.394
     1.489
     1.448
     1.519
     1.962
     1.998
     1.634
     1.643
     1.642
     1.743
     1.494
     0.946
     1.724
     1.714
     1.912
     1.698
     1.358
     1.525
     1.882
     1.761
     1.834
     1.713
     1.847
     1.749
     1.499
     1.004
     1.705
     1.746
     1.120
     1.652
     1.691
     1.845
     1.552
     1.560
     1.509
     1.243
     1.754
     1.837
     2.040
     1.955
     1.440
     1.650
     1.813
     1.809
     1.648
     1.421
     1.844
     1.406
     1.516
     1.568
     1.644
     1.765
     1.738
     1.713
     1.631
     1.816
     1.870
     1.484
     1.357
     1.627
     1.949
     1.673
     1.618
     2.032
     1.343
     1.856
     1.866
     1.633
     1.669
     1.381
     1.587
     1.369
     1.638
     1.784
     1.881
     1.687
     1.590
     1.492
     1.901
     1.809
     1.768
     1.612
     1.528
     1.734
     1.225
     1.612
     1.475
     2.008
     1.775
     1.843
     1.719
     1.883
     1.534
     1.897
     1.704
     1.932
     1.759
     1.378
     1.773
     1.703
     1.762
     1.813
     1.430
     2.025
     1.837
     1.832
     1.273
     1.780
     1.404
     1.645
     1.712
     1.657
     1.951
     1.782
     1.535
     1.685
     1.381
     1.824
     1.834
     1.477
     1.641
     1.597
     1.627
     1.812
     1.888
     1.192
     1.707
     1.736
     1.766
     1.385
     1.211
     1.606
     1.675
     1.833
     1.772
     1.785
     1.563
     1.632
     1.699
     1.488
     1.519
     1.569
     1.499
     1.819
     1.714
     1.516
     1.685
     1.487
     1.718
     1.900
     2.010
     1.789
     1.681
     1.684
     1.649
     1.742
     1.370
     1.921
     1.682
     1.356
     1.630
     1.588
     1.702
     1.479
     1.732
     1.495
     1.796
     1.716
     1.759
     1.530
     1.638
     1.249
     1.595
     1.684
     1.551
     1.635
     1.533
     1.634
     1.654
     1.801
     1.623
     1.663
     1.780
     1.413
     1.662
     1.634
     1.924
     1.630
     1.550
     1.507
     1.717
     1.909
     1.608
     1.338
     1.437
     1.584
     1.633
     1.525
     1.843
     1.655
     1.810
     1.535
     1.584
     1.765
     1.619
     1.610
     1.799
     1.657
     1.818
     1.860
     1.813
     1.677
     1.430
     2.063
     1.945
     1.649
     1.667
     1.639
     1.624
     1.530
     0.889
     1.774
     1.524
     1.362
     1.548
     1.722
     1.593
     1.708
     1.862
     1.812
     1.633
     1.838
     1.438
     1.802
     1.706
     1.519
     1.134
     1.588
     1.723
     1.439
     1.815
     1.520
     1.549
     1.738
     1.551
     1.452
     1.362
     1.657
     1.660
     1.268
     1.573
     1.473
     1.998
     1.752
     1.619
     1.578
     1.661
     1.904
     1.403
     1.902
     1.433
     1.769
     1.643
     1.852
     1.380
     1.805
     1.750
     1.569
     1.907
     1.898
     1.941
     1.564
     1.534
     1.766
     1.765
     1.517
     1.897
     1.740
     1.593
     1.886
     1.738
     1.297
     1.631
     1.702
     1.856
     1.878
     1.548
     1.676
     1.616
     1.698
     1.334
     1.949
     1.704
     1.715
     1.612
     1.784
     1.950
     1.597
     1.628
     1.517
     1.679
     1.369
     1.452
     1.940
     1.588
     1.927
     1.599
     1.645
     1.796
     1.734
     1.471
     1.881
     1.821
     1.560
     1.596
     1.684
     1.642
     1.225
     1.182
     1.789
     1.635
     1.899
     1.791
     1.703
     1.553
     1.698
     1.506
     1.669
     1.718
     1.692
     1.779
     1.760
     1.476
     1.598
     1.732
     1.746
     1.796
     1.680
     1.708
     1.551
     1.589
     1.682
     1.821
     1.590
     1.187
     1.479
     1.699
     1.862
     2.098
     1.722
     1.655
     1.365
     1.941
     1.584
     1.790
     1.439
     1.701
     1.535
     1.558
     1.567
     1.557
     1.649
     1.607
     1.387
     1.596
     1.839
     1.475
     1.702
     1.601
     1.744
     1.584
     1.809
     1.744
     1.559
     1.779
     1.625
     1.575
     1.879
     1.747
     1.365
     1.518
     1.641
     1.772
     1.796
     1.759
     1.767
     1.072
     1.453
     1.184
     1.506
     1.594
     1.752
     1.533
     1.754
     1.679
     1.608
     1.722
     1.743
     1.637
     1.850
     1.236
     1.621
     1.715
     1.643
     1.632
     1.491
     1.247
     1.753
     1.655
     1.642
     1.659
     1.628
     1.699
     1.628
     1.924
     1.658
     1.827
     1.820
     1.652
     1.511
     1.655
     1.659
     1.810
     1.844
     1.759
     1.756
     1.458
     1.536
     1.669
     1.739
     1.616
     1.981
     1.706
     1.054
     1.733
     1.683
     1.632
     1.541
     1.747
     1.161
     1.614
     1.660
     1.490
     1.579
     1.565
     1.605
     1.567
     1.595
     1.617
     1.590
     1.693
     1.627
     1.567
     1.619
     1.454
     1.662
     1.751
     1.573
     1.582
     1.554
     1.513
     1.980
     1.581
     1.583
     1.530
     1.818
     1.303
     1.605
     1.470
     1.740
     1.785
     1.843
     1.858
     1.655
     1.670
     1.560
     1.647
     1.939
     1.467
     1.641
     1.943
     1.316
     1.540
     1.734
     1.974
     1.971
     1.669
     1.924
     1.740
     1.929
     1.700
     1.774
     1.799
     1.156
     1.585
     1.643
     1.357
     1.783
     1.588
     1.623
     1.726
     1.732
     1.832
     1.616
     1.419
     1.902
     2.085
     1.366
     1.693
     1.856
     1.628
     1.754
     1.784
     2.035
     1.559
     1.762
     1.620
     1.683
     1.625
     1.512
     1.565
     1.745
     1.364
     1.607
     1.517
     1.712
     1.774
     1.356
     1.465
     1.780
     1.384
     1.742
     1.435
     1.765
     1.990
     1.524
     1.247
     1.583
     1.694
     1.628
     1.860
     1.797
     1.599
     1.736
     1.641
     1.684
     1.989
     1.791
     2.073
     1.731
     1.894
     1.801
     1.506
     1.759
     1.563
     1.511
     1.724
     1.751
     1.957
     1.845
     1.603
     1.396
     1.681
     1.672
     1.577
     1.350
     1.676
     1.229
     1.507
     1.653
     1.592
     1.661
     1.669
     1.716
     1.614
     1.970
     1.603
     1.664
     1.676
     1.384
     1.582
     1.715
     1.588
     1.503
     1.434
     1.485
     1.734
     1.493
     1.857
     1.498
     1.620
     1.557
     1.623
     1.298
     1.576
     1.607
     1.639
     1.742
     1.716
     1.601
     1.331
     1.683
     1.587
     1.376
     1.682
     1.781
     1.691
     1.782
     1.924
     1.734
     1.562
     1.883
     1.708
     1.796
     2.035
     1.558
     1.941
     1.522
     1.707
     1.122
     1.757
     1.821
     1.665
     1.536
     2.003
     1.601
     1.250
     1.798
     1.317
     1.561
     1.415
     1.600
     1.475
     1.987
     1.828
     1.643
     1.560
     1.850
     1.582
     1.587
     1.680
     1.502
     1.542
     1.605
     1.856
     1.986
     2.024
     1.640
     1.720
     1.619
     1.581
     1.616
     2.020
     1.621
     1.118
     1.731
     1.576
     1.798
     1.796
     1.523
     1.855
     1.797
     1.434
     1.695
     1.515
     1.424
     1.706
     1.832
     1.925
     1.547
     1.679
     1.445
     1.818
     1.583
     1.907
     1.794
     1.393
     1.173
     1.164
     1.751
     1.786
     1.656
     2.000
     1.940
     1.688
     1.634
     1.671
     1.195
     1.500
     1.496
     1.289
     1.286
     1.533
     1.602
     1.392
     1.897
     1.930
     1.760
     1.419
     1.569
     1.780
     1.708
     1.736
     1.682
     1.630
     1.369
     1.234
     1.637
     1.735
     1.733
     1.005
     1.879
     1.567
     1.870
     1.466
     1.651
     1.651
     1.682
     1.490
     1.407
     1.532
     1.688
     1.727
     1.543
     1.739
     1.405
     1.250
     1.952
     1.678
     1.766
     1.684
     1.431
     1.473
     1.793
     0.981
     1.757
     1.614
     1.440
     1.551
     1.706
     1.776
     1.606
     1.771
     1.767
     1.736
     1.642
     1.425
     1.745
     1.365
     1.725
     1.735
     1.654
     1.577
     1.581
     1.776
     1.608
     1.602
     1.857
     1.731
     1.310
     1.881
     1.524
     1.705
     1.673
     1.047
     1.597
     1.664
     1.675
     1.492
     1.747
     1.613
     1.919
     1.821
     1.488
     1.426
     1.748
     1.740
     1.533
     1.763
     1.731
     1.674
     1.464
     1.521
     1.865
     1.593
     1.655
     1.558
     1.475
     1.822
     1.676
     1.534
     1.460
     1.652
     1.811
     1.930
     1.549
     1.730
     1.066
     1.390
     1.450
     1.327
     1.990
     1.698
     1.917
     1.309
     1.714
     1.839
     1.856
     1.452
     1.642
     1.917
     1.541
     1.744
     1.787
     1.603
     1.617
     1.348
     1.778
     1.655
     1.629
     1.418
     1.534
     1.650
     1.661
     1.575
     1.324
     1.595
     1.767
     1.628
     1.870
     1.748
     1.746
     1.755
     1.675
     1.763
     1.716
     1.766
     1.547
     1.349
     1.577
     1.612
     1.694
     1.801
     1.631
     1.647
     1.469
     1.609
     1.607
     1.761
     1.674
     1.370
     1.763
     1.379
     1.611
     1.676
     2.041
     1.684
     1.763
     1.316
     1.287
     1.579
     2.003
     1.477
     1.525
     1.732
     1.939
     1.609
     1.548
     1.290
     1.570
     1.661
     1.295
     1.617
     1.793
     1.659
     1.550
     1.962
     2.002
     1.767
     1.430
     1.895
     1.814
     1.164
     1.589
     1.522
     1.910
     1.617
     1.645
     1.596
     1.656
     1.845
     1.746
     1.608
     1.745
     1.684
     1.618
     1.395
     1.709
     1.098
     1.723
     1.957
     1.758
     1.792
     2.019
     1.655
     1.650
     1.692
     1.718
     1.949
     1.828
     1.433
     1.777
     1.330
     1.511
     1.139
     1.542
     1.770
     1.600
     1.718
     1.705
     1.781
     1.812
     1.590
     1.668
     1.640
     1.413
     1.695
     1.653
     1.688
     1.785
     1.603
     1.822
     1.654
     1.676
     1.593
     1.579
     1.928
     1.564
     1.794
     1.415
     1.796
     1.847
     1.648
     1.691
     1.689
     1.671
     1.636
     1.029
     1.854
     1.770
     1.778
     1.643
     1.057
     1.571
     0.959
     1.541
     1.650
     1.793
     1.666
     1.603
     2.009
     1.742
     1.677
     1.547
     1.848
     1.807
     1.936
     1.525
     1.766
     1.685
     1.681
     1.879
     1.707
     1.789
     1.751
     1.649
     1.633
     1.867
     1.556
     1.820
     1.593
     1.711
     1.639
     1.868
     1.440
     1.875
     1.722
     1.734
     1.532
     1.625
     1.833
     1.494
     1.728
     1.969
     1.645
     1.661
     1.420
     1.925
     1.699
     1.586
     1.490
     1.740
     1.756
     1.565
     1.375
     2.055
     1.528
     1.994
     1.598
     1.970
     1.322
     1.580
     1.752
     1.220
     1.985
     1.920
     1.796
     1.992
     1.681
     1.811
     1.486
     1.677
     1.768
     1.719
     1.705
     1.757
     1.543
     1.910
     1.454
     1.930
     1.684
     1.626
     1.486
     1.738
     0.984
     1.870
     1.536
     1.806
     1.766
     1.472
     1.488
     1.950
     1.701
     1.497
     1.776
     1.490
     2.054
     1.451
     1.797
     1.480
     1.589
     1.486
     1.682
     1.673
     1.607
     1.694
     1.783
     1.915
     1.450
     1.757
     1.788
     1.561
     1.475
     1.773
     1.622
     1.924
     1.691
     2.022
     1.854
     1.855
     1.507
     1.710
     1.359
     1.567
     1.575
     1.555
     1.492
     1.412
     2.018
     1.670
     1.654
     1.784
     1.631
     1.514
     1.595
     1.835
     1.467
     1.744
     1.635
     1.914
     1.912
     1.542
     1.764
     1.727
     1.531
     1.810
     1.575
     1.721
     1.571
     1.896
     1.716
     1.736
     1.771
     2.010
     1.585
     1.159
     1.088
     1.598
     1.555
     1.825
     1.388
     1.609
     1.618
     1.550
     1.437
     1.751
     1.877
     1.787
     1.476
     1.646
     1.877
     1.801
     1.692
     1.858
     1.642
     1.722
     1.861
     1.585
     1.655
     1.791
     1.535
     1.552
     1.512
     1.016
     1.011
     1.837
     1.695
     1.990
     1.534
     1.785
     1.264
     1.739
     2.032
     1.562
     1.763
     1.819
     1.979
     1.593
     1.327
     1.648
     1.791
     1.360
     1.624
     1.603
     1.899
     1.593
     1.690
     1.655
     1.590
     1.573
     1.821
     1.580
     1.622
     1.893
     1.745
     1.577
     1.992
     1.988
     1.737
     1.570
     1.949
     1.812
     0.884
     1.737
     1.767
     1.753
     1.707
     1.394
     1.678
     1.616
     1.607
     1.533
     1.418
     1.444
     1.227
     1.907
     1.636
     1.834
     1.986
     1.861
     1.470
     1.543
     1.689
     1.201
     1.712
     1.777
     1.936
     1.603
     1.629
     1.756
     1.815
     1.831
     1.739
     1.577
     1.786
     1.668
     1.800
     1.797
     1.900
     1.457
     1.384
     1.601
     1.486
     1.191
     1.673
     1.526
     1.741
     1.609
     1.734
     1.746
     1.716
     1.763
     1.533
     1.482
     1.342
     1.142
     1.590
     1.563
     1.996
     1.512
     1.334
     1.472
     1.598
     1.723
     1.442
     1.866
     1.393
     1.538
     1.927
     1.612
     1.668
     1.742
     2.054
     1.656
     1.635
     1.405
     1.808
     1.583
     1.563
     1.538
     1.685
     1.445
     1.695
     1.778
     1.303
     1.518
     1.717
     1.738
     1.757
     1.768
     1.851
     1.944
     2.001
     1.633
     1.544
     1.641
     1.022
     1.715
     1.524
     1.324
     1.631
     1.809
     1.997
     1.892
     1.602
     1.458
     1.555
     1.869
     1.597
     1.774
     1.491
     1.499
     1.423
     1.068
     1.426
     1.693
     1.672
     1.610
     2.018
     1.777
     1.713
     1.355
     1.569
     1.597
     1.561
     1.849
     1.590
     1.664
     1.690
     1.669
     1.692
     1.876
     1.894
     1.884
     1.490
     1.718
     1.517
     1.328
     1.543
     1.584
     1.782
     1.606
     1.587
     1.622
     1.797
     1.857
     1.510
     1.905
     1.426
     1.371
     1.741
     1.405
     1.566
     1.690
     1.709
     1.767
     1.180
     1.628
     1.608
     1.510
     1.639
     1.557
     1.670
     1.808
     1.664
     1.706
     1.724
     1.740
     1.782
     1.532
     1.784
     1.494
     1.824
     1.290
     1.683
     1.722
     1.672
     1.802
     1.745
     1.754
     1.772
     1.809
     1.738
     1.554
     1.606
     1.348
     1.224
     1.840
     2.003
     1.602
     1.627
     1.886
     1.778
     1.510
     1.428
     1.429
     1.415
     1.764
     1.677
     1.481
     1.422
     1.492
     1.556
     1.497
     1.978
     1.463
     1.633
     1.662
     1.587
     1.534
     1.647
     1.566
     1.544
     1.960
     1.916
     1.824
     1.934
     1.785
     1.573
     1.538
     1.581
     1.424
     1.783
     1.728
     1.582
     1.865
     1.605
     1.729
     1.416
     1.715
     1.534
     1.668
     1.749
     1.868
     1.824
     1.637
     1.591
     1.540
     1.513
     1.714
     1.622
     1.928
     1.587
     1.529
     1.674
     1.566
     1.852
     1.361
     1.820
     1.633
     1.741
     1.700
     1.484
     1.787
     1.625
     1.802
     1.755
     1.743
     1.842
     1.652
     1.650
     1.756
     1.777
     1.605
     1.500
     1.520
     1.846
     1.496
     1.619
     1.942
     1.446
     1.740
     1.428
     1.799
     1.813
     1.800
     1.625
     1.601
     1.377
     1.575
     1.565
     1.703
     1.737
     1.967
     1.648
     1.812
     1.132
     1.926
     1.907
     1.359
     1.723
     1.509
     1.811
     1.734
     1.852
     1.531
     1.739
     1.923
     1.566
     1.714
     1.642
     1.658
     1.781
     1.630
     1.499
     1.703
     1.990
     1.232
     1.439
     1.732
     1.397
     1.697
     1.617
     1.631
     1.773
     1.421
     1.885
     1.477
     1.604
     1.718
     1.464
     1.293
     1.598
     1.929
     1.724
     1.606
     1.677
     1.689
     1.447
     1.645
     1.665
     1.577
     1.523
     1.755
     1.482
     1.597
     1.601
     1.435
     1.871
     1.761
     1.871
     1.672
     1.544
     1.600
     1.605
     1.862
     1.778
     1.311
     1.215
     1.169
     1.504
     1.675
     1.492
     1.437
     1.512
     1.588
     1.384
     1.421
     1.696
     1.459
     1.740
     1.658
     1.447
     1.590
     1.897
     1.697
     1.648
     1.772
     1.852
     1.567
     1.868
     1.638
     2.020
     1.828
     1.863
     1.912
     1.665
     1.621
     1.600
     1.625
     1.250
     1.601
     2.083
     1.669
     1.894
     1.669
     1.214
     1.611
     1.590
     1.813
     1.520
     2.028
     1.785
     1.732
     1.633
     1.594
     1.578
     1.759
     1.509
     1.343
     1.906
     1.326
     1.321
     1.715
     1.660
     1.494
     1.645
     1.618
     1.652
     1.822
     1.716
     1.638
     1.711
     1.574
     1.863
     1.566
     1.535
     1.719
     1.899
     1.892
     1.726
     1.123
     1.672
     1.577
     1.293
     1.665
     1.645
     1.678
     1.747
     1.758
     1.643
     1.696
     1.625
     1.733
     1.457
     1.963
     1.829
     1.629
     1.983
     1.332
     1.570
     1.490
     1.926
     1.271
     1.703
     1.601
     1.410
     1.579
     1.761
     1.685
     1.660
     1.584
     1.625
     1.826
     1.832
     1.834
     1.778
     1.583
     1.671
     1.585
     1.703
     1.708
     1.644
     1.654
     1.608
     1.613
     1.976
     1.872
     2.004
     1.674
     1.650
     1.773
     1.754
     1.499
     1.632
     1.658
     1.694
     1.742
     1.705
     1.774
     1.138
     1.786
     2.095
     1.379
     1.807
     1.759
     1.938
     1.642
     1.949
     1.599
     1.612
     1.636
     1.646
     1.727
     1.538
     1.657
     1.698
     1.986
     1.626
     1.876
     1.834
     1.904
     1.566
     1.340
     1.424
     1.605
     1.525
     1.815
     1.534
     1.859
     1.616
     1.935
     1.771
     1.916
     1.493
     1.313
     1.091
     1.926
     1.723
     1.689
     0.896
     1.836
     1.531
     1.650
     1.536
     1.616
     1.661
     1.887
     1.686
     1.592
     1.492
     1.622
     1.656
     1.639
     1.924
     1.690
     1.741
     1.974
     1.507
     1.725
     1.608
     1.690
     1.512
     1.578
     1.576
     1.634
     0.976
     1.803
     1.648
     1.616
     1.762
     1.742
     1.679
     1.894
     1.722
     1.956
     1.609
     1.617
     1.660
     2.027
     1.363
     1.785
     2.038
     1.781
     1.714
     1.757
     1.440
     1.129
     1.732
     1.266
     1.569
     1.977
     1.756
     1.571
     1.678
     1.616
     1.751
     1.500
     1.421
     1.748
     1.784
     1.264
     1.554
     1.636
     1.757
     1.581
     1.642
     1.568
     1.593
     1.405
     1.630
     1.812
     1.439
     1.956
     1.721
     1.787
     1.755
     1.605
     1.647
     1.740
     1.646
     1.783
     1.577
     1.661
     1.724
     1.450
     1.123
     1.522
     1.281
     1.501
     1.644
     1.779
     1.437
     1.535
     1.625
     1.607
     1.628
     1.523
     1.441
     1.979
     1.907
     1.709
     1.700
     1.764
     1.258
     2.019
     1.811
     1.822
     1.828
     1.863
     1.665
     1.649
     1.734
     1.390
     1.673
     1.253
     1.670
     1.545
     1.688
     1.143
     1.894
     1.811
     1.429
     1.797
     1.868
     1.728
     1.631
     1.580
     1.026
     1.676
     1.625
     1.608
     1.892
     1.953
     1.839
     1.379
     1.624
     1.856
     1.695
     1.628
     1.570
     1.804
     1.613
     1.789
     1.839
     1.295
     1.393
     1.517
     1.838
     1.657
     1.729
     1.983
     1.782
     1.725
     1.750
     1.633
     1.556
     1.879
     1.744
     1.105
     1.728
     1.409
     1.922
     1.467
     1.501
     1.274
     1.686
     1.595
     1.754
     0.921
     1.689
     1.676
     1.798
     1.276
     0.891
     1.661
     1.631
     1.657
     1.448
     1.953
     1.595
     1.737
     1.164
     1.658
     1.750
     1.570
     1.525
     1.612
     1.682
     1.691
     1.519
     1.703
     1.284
     1.517
     1.961
     1.480
     1.619
     1.449
     1.250
     1.778
     1.560
     1.531
     1.644
     1.393
     1.780
     1.715
     1.602
     1.694
     1.778
     1.750
     1.783
     1.549
     1.824
     1.780
     1.806
     1.810
     1.839
     1.805
     1.616
     1.573
     1.604
     1.642
     1.753
     1.766
     1.475
     1.973
     1.511
     1.800
     1.801
     1.562
     1.226
     1.702
     1.569
     1.772
     1.694
     1.356
     1.830
     1.953
     1.535
     1.734
     1.805
     1.770
     1.484
     1.146
     1.772
     1.450
     1.146
     2.032
     1.452
     1.746
     1.439
     1.907
     1.547
     1.682
     1.612
     1.741
     1.618
     1.953
     1.929
     1.746
     1.555
     1.824
     1.828
     1.765
     1.723
     1.683
     1.711
     1.285
     1.911
     1.650
     1.653
     1.829
     1.875
     1.822
     1.699
     1.273
     1.267
     1.803
     1.577
     1.803
     1.656
     1.584
     1.304
     1.752
     1.678
     1.831
     1.733
     1.751
     1.777
     1.737
     1.559
     1.691
     1.548
     1.936
     1.634
     2.076
     0.995
     1.678
     1.365
     1.607
     1.696
     1.371
     1.384
     1.765
     1.812
     1.724
     1.852
     1.695
     1.669
     1.659
     1.579
     1.853
     1.300
     1.855
     1.485
     1.496
     1.691
     1.654
     1.552
     1.770
     1.534
     1.630
     1.693
     1.808
     1.155
     1.716
     1.908
     1.759
     1.541
     1.038
     1.747
     1.606
     1.755
     1.815
     1.999
     1.705
     1.743
     1.455
     1.653
     1.887
     1.581
     1.894
     1.709
     1.637
     1.667
     1.957
     1.563
     1.640
     1.709
     1.803
     1.819
     1.632
     1.549
     1.856
     1.658
     1.776
     1.219
     1.460
     1.621
     1.703
     1.709
     1.468
     1.252
     1.838
     1.945
     1.407
     1.811
     1.582
     1.600
     1.618
     1.793
     1.436
     1.733
     1.828
     1.696
     1.818
     1.806
     1.544
     1.649
     2.034
     1.402
     1.675
     1.648
     1.478
     1.527
     1.347
     1.758
     1.856
     1.551
     1.727
     1.799
     1.671
     1.889
     1.556
     1.798
     1.895
     1.757
     1.347
     1.632
     1.780
     1.312
     1.619
     1.601
     2.017
     1.713
     1.613
     1.415
     1.769
     1.781
     1.610
     1.845
     1.819
     1.674
     1.643
     1.625
     1.729
     1.693
     1.493
     1.962
     1.629
     1.742
     1.666
     1.745
     1.739
     1.957
     1.826
     1.665
     1.738
     1.788
     1.797
     1.639
     1.591
     1.807
     1.927
     1.709
     1.723
     1.765
     1.690
     1.586
     1.825
     1.785
     1.793
     1.644
     1.390
     1.899
     1.430
     1.280
     1.774
     0.974
     1.620
     1.465
     1.824
     1.431
     1.523
     1.613
     1.493
     1.680
     1.758
     1.510
     1.381
     1.668
     1.682
     2.011
     1.544
     1.974
     1.784
     1.618
     1.993
     1.930
     1.307
     1.588
     1.543
     1.676
     1.607
     1.868
     1.287
     1.235
     1.460
     1.630
     1.623
     1.655
     1.537
     1.847
     1.651
     1.707
     1.846
     1.563
     0.981
     1.710
     1.639
     1.654
     1.665
     1.568
     1.825
     1.391
     1.499
     1.621
     1.802
     1.671
     1.298
     1.648
     1.672
     1.781
     1.661
     1.700
     1.467
     1.942
     1.727
     1.870
     1.783
     1.891
     1.856
     1.701
     1.759
     1.275
     1.730
     1.933
     1.759
     1.540
     1.731
     2.022
     1.763
     1.660
     1.921
     1.593
     1.686
     1.635
     1.728
     1.987
     1.634
     1.615
     1.428
     1.783
     1.817
     1.690
     1.802
     1.578
     1.941
     1.922
     1.392
     1.575
     1.562
     1.541
     1.535
     1.457
     1.372
     1.600
     1.847
     1.779
     1.598
     1.633
     1.418
     1.663
     1.851
     1.629
     1.601
     1.791
     1.574
     1.752
     1.402
     1.670
     1.686
     1.292
     1.818
     1.375
     1.319
     1.851
     1.700
     1.710
     1.534
     1.697
     1.721
     1.679
     1.666
     1.831
     1.579
     1.709
     2.012
     1.871
     1.633
     1.566
     1.755
     1.536
     1.788
     1.544
     1.706
     1.152
     1.185
     1.605
     1.904
     1.712
     1.849
     1.572
     1.547
     1.520
     1.727
     1.560
     1.697
     2.029
     1.498
     1.836
     1.745
     1.051
     1.516
     1.639
     1.676
     1.706
     1.539
     1.510
     1.895
     1.650
     1.836
     1.318
     1.656
     1.508
     1.272
     1.535
     1.612
     1.745
     1.663
     1.785
     1.733
     1.645
     1.549
     1.951
     1.837
     1.825
     1.626
     1.467
     1.819
     1.611
     1.374
     1.928
     1.385
     1.886
     1.898
     1.536
     1.976
     1.483
     1.693
     1.737
     1.653
     1.827
     1.733
     1.697
     1.195
     1.418
     1.698
     1.762
     1.573
     1.809
     1.523
     1.251
     1.779
     1.791
     1.628
     1.762
     1.755
     1.659
     1.631
     1.387
     1.761
     1.107
     1.918
     1.788
     1.506
     1.530
     1.849
     1.280
     1.558
     1.652
     1.435
     1.837
     1.695
     1.802
     1.700
     1.529
     1.679
     1.210
     1.579
     1.568
     1.542
     1.560
     1.695
     1.570
     1.418
     1.855
     1.596
     1.606
     1.630
     1.745
     1.449
     1.556
     1.711
     1.919
     1.744
     2.009
     2.102
     1.635
     1.276
     1.604
     1.525
     1.526
     1.421
     1.767
     1.588
     1.751
     1.245
     1.658
     1.724
     1.513
     1.586
     1.780
     1.592
     1.483
     1.578
     1.909
     1.617
     1.701
     1.547
     1.629
     1.715
     1.513
     1.301
     1.687
     1.330
     1.659
     1.781
     1.764
     1.582
     1.711
     1.651
     1.603
     1.494
     1.731
     1.459
     1.972
     1.630
     1.610
     1.377
     1.924
     1.965
     1.610
     1.519
     1.716
     1.763
     1.658
     1.373
     1.931
     1.695
     1.727
     1.865
     1.697
     1.066
     1.700
     1.782
     1.747
     1.595
     1.637
     1.977
     1.708
     1.566
     1.430
     1.212
     1.729
     1.781
     1.696
     1.399
     1.539
     1.764
     1.586
     1.597
     1.733
     1.517
     1.112
     1.752
     1.632
     1.561
     1.711
     1.713
     1.778
     1.656
     1.787
     1.536
     1.307
     1.626
     1.853
     1.601
     1.823
     1.658
     1.718
     2.090
     1.694
     1.664
     1.241
     1.422
     1.855
     1.967
     1.360
     1.524
     1.434
     1.560
     1.546
     1.704
     1.740
     1.139
     1.589
     1.475
     1.742
     1.639
     1.388
     1.445
     1.634
     1.947
     1.566
     1.609
     2.063
     1.699
     1.553
     1.162
     1.681
     1.775
     1.626
     1.295
     1.501
     1.708
     1.824
     1.411
     1.840
     1.834
     1.659
     1.540
     1.536
     1.649
     1.760
     1.708
     1.577
     1.678
     1.701
     1.520
     1.531
     2.018
     1.793
     1.870
     1.581
     1.225
     1.581
     1.662
     1.665
     1.502
     1.949
     1.538
     1.615
     1.304
     1.594
     1.716
     1.863
     1.766
     1.689
     1.664
     1.646
     1.782
     1.397
     1.600
     1.331
     1.567
     1.729
     1.900
     1.535
     1.419
     1.363
     1.362
     1.640
     1.762
     1.666
     1.542
     1.551
     1.045
     1.516
     1.600
     1.731
     1.930
     1.805
     1.668
     1.620
     1.797
     1.689
     1.784
     1.742
     1.766
     1.739
     1.579
     1.756
     1.536
     1.645
     1.201
     1.726
     1.833
     1.636
     1.620
     1.779
     1.825
     1.617
     1.582
     1.789
     1.209
     1.640
     1.844
     1.343
     1.612
     1.575
     1.906
     1.890
     1.769
     1.778
     1.638
     1.642
     1.605
     1.615
     1.463
     1.735
     1.721
     1.524
     1.280
     1.479
     1.545
     1.742
     1.525
     1.652
     1.517
     1.722
     1.233
     1.762
     1.677
     1.561
     1.527
     1.533
     1.903
     1.613
     1.460
     2.009
     1.941
     2.015
     1.904
     1.559
     1.719
     1.652
     1.629
     1.610
     1.610
     1.540
     1.700
     1.455
     1.686
     1.707
     1.560
     1.607
     1.515
     1.585
     1.607
     1.633
     1.742
     1.690
     1.630
     1.771
     1.803
     1.907
     1.636
     1.643
     1.233
     1.683
     1.287
     1.547
     1.772
     1.798
     1.941
     1.721
     1.592
     1.532
     1.904
     1.722
     1.842
     1.910
     1.675
     1.438
     1.819
     1.841
     1.549
     1.704
     1.538
     1.482
     1.488
     1.603
     1.355
     1.653
     1.694
     1.789
     1.758
     1.666
     1.696
     1.587
     1.734
     1.658
     1.707
     1.751
     1.656
     1.552
     1.751
     1.517
     1.516
     1.405
     1.886
     1.551
     1.571
     1.558
     1.764
     1.751
     1.369
     1.987
     1.331
     1.736
     1.599
     1.540
     1.851
     1.104
     1.743
     1.846
     1.913
     1.794
     1.545
     1.575
     1.554
     1.756
     1.481
     1.723
     1.782
     1.789
     1.582
     1.564
     1.915
     2.027
     1.814
     1.262
     1.770
     1.610
     1.608
     1.931
     1.547
     1.571
     1.678
     1.557
     1.592
     1.851
     1.565
     1.854
     1.549
     1.317
     2.014
     1.491
     1.729
     1.397
     1.781
     1.790
     1.759
     1.329
     1.783
     1.618
     1.673
     1.904
     1.611
     1.593
     1.649
     1.343
     1.702
     1.579
     1.741
     1.708
     1.193
     1.916
     1.581
     1.815
     1.668
     2.027
     1.531
     1.741
     1.394
     1.532
     1.929
     1.079
     1.890
     1.533
     1.729
     1.677
     1.733
     1.428
     1.921
     1.972
     1.751
     1.923
     1.617
     1.488
     1.509
     1.484
     1.937
     1.650
     1.472
     1.375
     1.618
     1.785
     1.778
     1.798
     1.688
     1.581
     1.586
     1.203
     1.246
     1.670
     1.488
     1.547
     1.647
     1.572
     1.238
     1.904
     1.799
     1.703
     1.153
     1.446
     1.702
     1.306
     1.820
     1.596
     1.235
     1.578
     1.617
     1.727
     1.591
     1.751
     1.956
     1.626
     1.899
     1.646
     1.607
     1.942
     1.661
     1.205
     1.705
     1.813
     1.108
     1.571
     1.057
     1.671
     1.514
     1.763
     1.742
     1.657
     1.917
     1.085
     1.607
     1.747
     1.433
     1.904
     1.574
     1.577
     1.467
     1.785
     1.764
     1.701
     1.687
     1.971
     2.050
     1.537
     1.554
     1.459
     1.718
     1.465
     1.714
     1.912
     1.772
     1.319
     1.964
     1.708
     1.717
     1.704
     1.618
     1.811
     1.674
     1.760
     1.645
     1.695
     1.644
     1.729
     1.770
     1.635
     1.474
     1.674
     1.952
     1.790
     1.204
     1.506
     1.599
     1.434
     1.521
     1.228
     1.786
     1.582
     1.243
     1.584
     1.500
     1.562
     1.676
     1.701
     1.764
     1.627
     1.733
     1.668
     1.726
     1.592
     1.704
     1.684
     1.473
     1.570
     1.792
     1.421
     1.656
     1.674
     1.820
     1.857
     1.334
     1.417
     1.725
     1.693
     1.222
     1.738
     1.572
     1.624
     1.256
     1.298
     1.806
     1.682
     1.366
     1.533
     1.571
     1.533
     1.777
     1.797
     1.410
     1.576
     1.822
     1.841
     1.602
     1.184
     1.385
     1.672
     1.631
     1.590
     1.706
     1.775
     1.287
     1.759
     1.983
     1.421
     1.522
     1.658
     1.850
     1.505
     1.454
     1.606
     2.007
     2.018
     1.554
     1.769
     1.467
     1.565
     1.661
     1.482
     1.517
     1.807
     1.740
     1.800
     1.644
     1.569
     1.862
     1.814
     1.631
     1.571
     1.769
     1.485
     1.514
     1.708
     1.240
     1.437
     1.606
     1.286
     1.782
     1.677
     1.779
     1.589
     1.875
     1.767
     1.709
     1.564
     1.641
     1.592
     1.621
     1.804
     1.808
     1.551
     1.524
     1.744
     1.601
     1.515
     1.683
     1.728
     1.870
     1.567
     1.622
     1.527
     1.505
     1.694
     1.579
     1.730
     1.510
     1.786
     1.798
     1.795
     1.735
     1.831
     1.782
     1.520
     1.893
     1.715
     1.514
     1.900
     1.556
     1.848
     1.482
     1.640
     1.388
     1.870
     1.874
     1.739
     1.467
     1.295
     1.477
     1.922
     1.708
     1.665
     1.619
     1.741
     1.764
     1.794
     1.349
     1.798
     1.781
     1.658
     1.673
     1.637
     1.630
     1.467
     1.751
     1.328
     1.674
     1.694
     1.583
     1.689
     1.951
     1.540
     1.666
     1.812
     1.097
     1.416
     1.933
     1.413
     1.480
     1.559
     1.598
     1.916
     1.306
     1.558
     1.533
     1.543
     1.738
     1.506
     1.462
     1.403
     1.768
     1.904
     1.770
     1.402
     1.646
     2.044
     1.574
     1.641
     1.590
     1.878
     1.604
     1.647
     1.798
     1.632
     1.576
     1.502
     1.721
     1.610
     1.626
     1.737
     1.419
     1.666
     1.641
     1.624
     1.122
     1.739
     1.602
     1.578
     1.785
     1.737
     1.757
     1.462
     1.558
     2.042
     1.768
     1.249
     1.652
     1.570
     1.476
     1.694
     1.520
     1.726
     1.708
     1.882
     1.736
     1.621
     1.683
     1.532
     1.648
     1.511
     1.804
     1.774
     1.633
     1.218
     1.745
     1.615
     1.313
     1.528
     1.538
     1.871
     1.538
     0.977
     1.795
     1.594
     1.795
     1.717
     1.085
     1.241
     1.587
     1.696
     1.747
     1.606
     1.157
     1.788
     0.934
     1.768
     1.580
     1.507
     1.886
     1.742
     1.695
     1.726
     1.360
     1.380
     1.612
     1.626
     1.730
     1.807
     1.456
     1.558
     1.301
     1.679
     1.874
     1.621
     1.641
     1.656
     1.760
     1.621
     1.556
     1.779
     1.072
     1.084
     1.134
     1.611
     1.754
     1.035
     1.716
     1.439
     1.748
     2.039
     1.634
     1.706
     1.392
     1.693
     1.634
     1.834
     1.495
     1.703
     1.556
     1.781
     1.498
     1.011
     1.559
     2.023
     1.549
     1.803
     1.523
     1.599
     1.662
     1.354
     1.866
     1.662
     1.581
     1.652
     1.416
     1.690
     1.279
     1.393
     1.434
     2.031
     1.545
     1.641
     1.651
     1.423
     1.383
     1.629
     1.784
     1.748
     1.615
     1.373
     1.708
     1.102
     1.593
     1.749
     1.586
     1.592
     1.355
     1.698
     1.646
     1.756
     1.652
     1.563
     1.546
     1.688
     1.373
     1.782
     1.769
     1.876
     1.882
     1.904
     1.678
     1.512
     1.601
     1.734
     1.536
     1.983
     1.795
     1.598
     1.596
     1.811
     1.794
     1.513
     1.935
     1.772
     1.799
     1.698
     1.569
     1.715
     1.585
     1.792
     1.720
     1.596
     1.864
     1.768
     1.729
     1.909
     1.300
     1.029
     1.282
     1.787
     1.713
     1.906
     1.654
     1.681
     1.451
     1.836
     1.631
     1.631
     1.646
     1.907
     1.801
     1.517
     1.870
     1.870
     1.682
     1.084
     1.601
     1.770
     1.551
     1.999
     1.780
     1.760
     1.841
     1.118
     1.588
     1.164
     1.683
     1.947
     1.413
     1.705
     1.622
     1.564
     1.754
     1.654
     1.773
     1.574
     1.883
     1.647
     1.685
     1.754
     1.657
     1.629
     1.681
     1.725
     1.731
     1.608
     1.690
     1.317
     1.452
     1.676
     1.357
     1.958
     1.466
     1.662
     1.572
     1.793
     1.757
     1.397
     1.749
     1.774
     1.536
     1.684
     1.742
     1.580
     1.957
     2.016
     1.403
     1.534
     1.669
     1.854
     1.578
     1.722
     1.678
     1.841
     1.938
     1.456
     1.548
     1.642
     1.637
     1.762
     1.825
     1.505
     1.727
     1.759
     1.748
     1.198
     1.966
     1.727
     1.648
     1.538
     1.510
     1.086
     1.862
     1.702
     1.084
     1.547
     1.771
     1.576
     1.696
     1.841
     2.005
     1.486
     1.761
     1.803
     1.628
     1.905
     1.213
     1.326
     1.769
     1.558
     1.675
     1.795
     1.741
     1.715
     1.617
     1.631
     1.938
     1.539
     1.552
     1.668
     1.599
     1.670
     1.543
     1.628
     1.599
     1.527
     1.668
     1.795
     1.279
     1.508
     2.061
     1.907
     1.721
     1.622
     1.553
     1.774
     1.598
     1.685
     1.847
     1.742
     2.020
     1.672
     1.806
     1.755
     1.562
     1.588
     1.483
     1.642
     1.601
     1.518
     1.464
     1.631
     1.573
     1.987
     1.912
     1.701
     1.742
     1.912
     1.511
     1.573
     1.118
     1.175
     1.116
     2.024
     1.969
     1.970
     1.853
     1.388
     1.347
     1.851
     1.847
     1.658
     1.631
     1.629
     1.685
     1.774
     1.504
     1.467
     1.690
     1.612
     1.493
     1.908
     1.712
     1.791
     1.666
     1.933
     1.433
     1.794
     1.833
     1.092
     1.517
     1.799
     1.642
     1.175
     1.822
     1.644
     1.611
     1.523
     1.523
     1.548
     1.493
     1.549
     1.670
     1.777
     1.993
     1.465
     1.591
     1.648
     1.654
     1.722
     1.255
     1.607
     1.609
     1.567
     1.876
     1.964
     1.631
     1.806
     1.574
     1.564
     1.696
     1.824
     1.772
     1.354
     1.496
     1.685
     1.671
     1.508
     1.619
     1.608
     1.833
     1.613
     1.702
     1.790
     1.570
     1.631
     1.823
     1.535
     1.708
     1.475
     1.904
     1.737
     1.800
     1.594
     1.650
     1.549
     1.825
     1.354
     1.619
     1.683
     1.737
     1.511
     1.698
     1.461
     1.842
     1.918
     1.798
     1.586
     1.695
     1.725
     1.810
     1.593
     1.969
     1.646
     1.536
     1.605
     1.723
     1.496
     1.623
     1.760
     1.266
     1.689
     1.556
     1.393
     1.296
     1.806
     1.739
     1.571
     1.725
     1.606
     1.484
     1.530
     1.305
     1.718
     1.642
     1.445
     1.731
     1.179
     1.647
     1.550
     1.596
     1.574
     1.712
     1.665
     1.681
     1.832
     1.499
     1.750
     1.713
     1.781
     1.602
     1.725
     1.728
     1.649
     1.487
     1.492
     1.631
     1.362
     1.595
     1.546
     1.698
     1.649
     1.332
     1.614
     1.951
     1.689
     1.452
     1.785
     1.942
     1.725
     1.687
     1.317
     1.685
     1.816
     1.396
     1.593
     1.538
     1.791
     1.742
     1.770
     1.827
     1.750
     1.747
     1.494
     1.564
     1.766
     1.630
     1.737
     1.687
     1.886
     1.613
     1.868
     1.678
     1.679
     1.758
     1.454
     1.816
     1.722
     1.752
     1.945
     1.053
     1.845
     1.543
     1.607
     1.804
     0.961
     1.475
     1.875
     1.687
     1.604
     1.715
     1.398
     1.716
     1.853
     1.674
     1.712
     1.545
     1.628
     1.597
     1.664
     1.379
     1.594
     1.536
     1.410
     1.793
     1.636
     1.579
     1.859
     1.874
     1.858
     1.615
     1.297
     1.795
     1.394
     1.634
     1.654
     1.739
     1.634
     1.634
     1.447
     1.638
     1.571
     1.577
     2.011
     1.812
     1.592
     1.458
     1.779
     1.770
     1.982
     1.744
     1.383
     1.483
     1.642
     1.415
     1.718
     1.401
     1.482
     1.737
     1.845
     1.661
     1.712
     1.532
     1.766
     1.508
     1.695
     1.812
     1.706
     1.745
     1.750
     1.546
     1.622
     1.760
     1.793
     1.763
     1.702
     1.976
     0.994
     2.000
     1.795
     1.472
     1.780
     1.432
     1.762
     1.733
     1.619
     1.601
     1.633
     1.690
     1.470
     2.048
     1.870
     1.599
     1.302
     1.689
     1.703
     1.785
     1.579
     1.747
     1.668
     1.786
     1.724
     1.666
     1.947
     1.588
     1.723
     1.714
     1.793
     1.725
     1.811
     2.013
     1.929
     1.686
     1.663
     1.501
     1.134
     1.590
     1.645
     1.569
     1.566
     1.317
     1.631
     1.742
     1.646
     1.961
     1.725
     1.597
     1.633
     1.721
     1.193
     1.594
     1.930
     1.595
     1.788
     1.716
     2.061
     1.837
     1.888
     1.626
     0.900
     1.457
     1.528
     1.652
     1.944
     1.716
     1.686
     1.700
     1.527
     1.305
     1.734
     1.857
     1.481
     1.616
     1.575
     1.634
     1.935
     1.366
     1.670
     1.791
     1.935
     1.486
     1.577
     1.323
     1.594
     1.763
     1.255
     1.362
     1.917
     1.467
     1.684
     1.667
     1.524
     1.726
     1.472
     1.598
     2.012
     1.867
     1.488
     1.489
     1.764
     1.631
     1.568
     1.789
     1.857
     1.659
     1.809
     2.026
     1.744
     1.172
     1.286
     1.646
     1.755
     1.622
     1.899
     1.640
     1.782
     1.465
     1.531
     1.634
     1.615
     1.277
     1.808
     1.611
     1.557
     1.178
     1.564
     1.799
     1.288
     1.716
     1.626
     1.631
     1.800
     1.779
     2.075
     1.673
     1.619
     1.335
     1.649
     1.600
     1.489
     1.811
     1.830
     1.599
     1.651
     1.769
     1.543
     1.836
     1.810
     1.580
     1.838
     1.356
     1.663
     1.730
     1.942
     2.040
     1.900
     1.465
     1.168
     1.654
     1.726
     1.750
     1.216
     1.695
     1.649
     1.950
     1.794
     1.568
     1.501
     1.857
     1.721
     1.836
     1.723
     1.511
     1.811
     1.724
     1.869
     1.360
     1.787
     1.596
     1.703
     1.592
     1.972
     1.283
     1.880
     1.601
     1.562
     1.417
     1.756
     1.943
     1.588
     1.591
     1.829
     1.672
     1.653
     1.771
     1.905
     1.683
     1.707
     1.714
     1.568
     1.732
     1.765
     1.600
     1.659
     1.798
     1.621
     1.647
     1.765
     1.724
     1.720
     1.702
     1.657
     1.384
     1.755
     1.282
     1.710
     1.705
     1.768
     1.711
     1.599
     1.746
     1.933
     1.626
     1.601
     1.260
     1.509
     1.695
     1.803
     1.859
     1.764
     1.693
     1.664
     1.656
     1.539
     1.518
     1.808
     1.350
     1.856
     1.751
     1.697
     1.512
     1.587
     1.595
     1.846
     1.346
     1.968
     1.748
     1.755
     1.841
     1.579
     1.700
     1.699
     1.609
     1.542
     1.560
     1.497
     1.722
     1.308
     1.574
     1.679
     1.639
     1.762
     1.721
     1.737
     1.726
     1.730
     1.745
     1.039
     1.902
     1.690
     1.656
     1.521
     1.588
     1.601
     1.514
     1.699
     1.704
     1.830
     1.577
     1.695
     1.750
     1.976
     1.799
     1.795
     1.496
     1.674
     1.270
     1.585
     1.766
     1.681
     1.615
     1.696
     1.654
     1.786
     0.942
     1.410
     1.386
     1.859
     1.573
     1.663
     1.906
     1.362
     1.852
     1.928
     1.647
     1.504
     1.879
     1.725
     1.640
     1.838
     1.471
     1.561
     1.729
     1.722
     1.799
     1.597
     1.626
     1.825
     1.582
     1.662
     1.683
     1.574
     1.503
     1.555
     1.359
     1.759
     1.571
     1.753
     1.863
     1.014
     1.728
     1.807
     1.778
     2.025
     1.949
     1.855
     1.705
     1.336
     1.576
     1.787
     1.689
     1.844
     1.893
     1.652
     1.304
     1.649
     1.673
     1.568
     1.829
     1.546
     1.435
     1.777
     1.799
     1.891
     1.227
     1.752
     1.539
     1.649
     1.600
     1.817
     1.813
     1.667
     1.699
     1.890
     1.493
     1.792
     1.738
     1.633
     1.640
     1.490
     1.343
     1.572
     1.105
     1.632
     1.586
     1.381
     1.654
     1.773
     1.735
     1.639
     1.918
     1.539
     1.911
     1.590
     1.636
     1.629
     1.332
     1.637
     1.789
     1.722
     1.827
     1.650
     1.720
     1.630
     1.507
     1.718
     1.773
     1.703
     1.685
     1.834
     1.866
     1.697
     1.701
     1.908
     2.003
     1.611
     1.764
     1.636
     1.841
     1.536
     1.726
     1.551
     1.633
     1.511
     1.489
     1.500
     1.611
     1.207
     1.806
     1.536
     1.619
     1.675
     1.814
     1.815
     1.369
     1.766
     1.787
     1.783
     1.765
     1.791
     1.777
     1.450
     1.731
     1.810
     1.665
     1.569
     1.754
     1.504
     1.562
     1.687
     1.692
     1.638
     1.710
     1.776
     1.788
     1.621
     1.648
     1.704
     1.685
     2.058
     1.767
     1.623
     1.477
     1.456
     1.850
     1.731
     1.879
     1.648
     1.299
     1.658
     1.775
     1.862
     1.767
     1.474
     1.718
     1.497
     1.443
     1.344
     1.905
     1.591
     1.752
     1.759
     1.571
     1.560
     1.571
     1.537
     1.659
     1.696
     2.084
     1.388
     1.592
     1.748
     1.595
     1.821
     1.640
     1.721
     2.002
     1.888
     1.770
     1.619
     1.795
     1.087
     1.588
     1.727
     2.082
     1.948
     1.749
     1.626
     1.598
     1.712
     1.137
     1.826
     2.005
     1.667
     1.432
     1.588
     1.268
     1.495
     1.732
     1.638
     1.966
     1.154
     1.649
     1.758
     1.649
     1.432
     1.706
     1.090
     1.697
     1.234
     1.666
     1.725
     1.481
     1.667
     1.893
     2.015
     1.743
     1.353
     1.647
     1.625
     1.675
     2.021
     1.921
     1.851
     1.349
     1.957
     1.410
     1.605
     1.556
     1.724
     1.605
     1.754
     1.589
     1.601
     1.757
     1.810
     1.462
     1.973
     1.720
     1.570
     1.738
     1.683
     1.619
     1.981
     1.227
     1.707
     1.715
     1.742
     1.450
     1.793
     1.609
     1.650
     1.886
     1.128
     1.683
     1.713
     1.772
     1.609
     1.307
     1.514
     1.256
     1.543
     1.693
     1.655
     1.655
     1.597
     1.995
     1.643
     1.611
     1.739
     1.529
     1.384
     1.621
     1.123
     1.378
     1.594
     1.804
     1.768
     1.593
     1.665
     1.185
     1.601
     1.849
     1.561
     1.459
     1.828
     1.575
     1.764
     1.752
     1.970
     1.530
     1.530
     1.703
     1.635
     1.769
     1.725
     1.542
     1.576
     1.234
     1.642
     1.768
     1.684
     1.417
     1.592
     1.855
     1.427
     2.045
     1.545
     1.624
     1.753
     1.761
     1.675
     1.663
     1.801
     1.671
     1.759
     1.460
     1.652
     1.756
     1.464
     1.553
     1.775
     1.615
     1.260
     1.770
     1.999
     1.748
     1.386
     1.548
     1.453
     1.437
     1.588
     1.769
     1.711
     1.140
     1.607
     1.867
     1.572
     1.522
     1.658
     1.694
     1.741
     1.848
     1.515
     1.656
     1.675
     1.553
     1.531
     1.720
     1.200
     1.586
     1.526
     1.389
     1.883
     1.716
     1.818
     1.565
     1.585
     1.796
     1.737
     1.657
     1.594
     1.335
     1.746
     1.720
     1.598
     1.616
     1.550
     1.738
     1.683
     1.806
     1.484
     1.612
     1.881
     1.911
     1.219
     1.641
     1.647
     1.854
     1.770
     1.556
     1.672
     1.541
     1.706
     1.624
     1.500
     1.655
     1.792
     1.789
     1.526
     1.515
     1.793
     1.406
     1.395
     1.593
     1.510
     1.691
     1.732
     1.913
     1.573
     1.718
     1.611
     1.823
     1.877
     1.857
     1.569
     1.898
     1.800
     1.354
     1.662
     1.908
     2.016
     1.831
     1.871
     1.149
     1.382
     1.653
     1.451
     1.685
     1.811
     1.749
     1.279
     1.538
     1.940
     1.797
     1.959
     1.847
     1.785
     1.665
     1.607
     1.610
     1.625
     1.664
     1.858
     1.649
     1.610
     1.781
     1.524
     1.607
     1.112
     1.730
     1.719
     1.742
     1.636
     1.449
     1.447
     1.919
     1.654
     1.785
     1.608
     1.608
     1.680
     1.938
     1.478
     1.743
     1.602
     1.675
     1.666
     1.983
     1.536
     1.653
     1.556
     1.706
     1.782
     1.486
     1.552
     1.746
     0.893
     1.633
     1.397
     1.728
     1.608
     1.588
     1.484
     1.516
     1.571
     1.054
     1.537
     1.760
     1.783
     1.794
     1.998
     1.708
     1.614
     1.607
     1.255
     1.729
     1.575
     1.838
     1.884
     1.609
     1.681
     1.667
     1.941
     1.986
     1.817
     1.593
     1.589
     1.388
     1.609
     1.656
     1.691
     1.897
     1.794
     1.740
     1.245
     1.538
     1.747
     1.752
     1.615
     1.613
     1.704
     1.629
     1.577
     1.507
     1.519
     1.538
     1.676
     1.575
     1.608
     1.753
     1.666
     1.724
     1.958
     1.414
     1.338
     1.324
     1.684
     2.003
     1.624
     1.649
     1.631
     1.986
     1.757
     1.660
     1.602
     1.567
     1.660
     1.963
     1.811
     1.722
     1.644
     1.498
     1.453
     1.760
     1.824
     1.595
     1.526
     1.697
     1.595
     1.737
     1.487
     1.478
     1.706
     1.622
     1.985
     2.092
     1.715
     1.594
     1.536
     1.307
     1.776
     1.814
     1.945
     1.974
     1.506
     1.672
     1.633
     1.552
     1.724
     1.298
     1.457
     1.856
     1.709
     1.905
     1.492
     1.582
     1.765
     1.304
     1.405
     1.632
     1.339
     1.706
     1.164
     1.854
     1.420
     1.635
     1.642
     1.702
     1.569
     1.710
     1.780
     1.641
     1.577
     1.458
     1.708
     1.561
     1.580
     1.510
     1.542
     1.541
     1.453
     1.871
     1.727
     1.705
     1.523
     1.934
     1.814
     1.678
     1.712
     1.752
     2.027
     1.569
     1.423
     1.658
     1.192
     1.379
     1.499
     1.796
     1.702
     1.636
     1.737
     1.736
     1.510
     1.612
     1.547
     1.856
     1.360
     1.686
     1.585
     1.788
     1.549
     1.726
     1.715
     1.712
     1.696
     1.804
     1.753
     1.944
     1.787
     1.645
     1.697
     1.747
     1.677
     1.673
     1.406
     1.646
     1.732
     1.975
     1.129
     1.591
     1.613
     1.677
     1.598
     1.774
     1.319
     1.732
     1.655
     1.724
     1.758
     1.742
     1.449
     1.625
     1.636
     1.373
     1.427
     1.659
     1.826
     1.533
     1.500
     1.604
     1.302
     1.678
     1.807
     1.855
     1.717
     1.747
     1.601
     1.592
     1.581
     1.584
     1.665
     1.565
     1.786
     1.477
     1.608
     1.548
     1.764
     1.645
     1.739
     1.632
     1.566
     1.717
     1.643
     1.987
     1.921
     1.774
     1.319
     1.643
     1.778
     1.519
     1.835
     1.548
     1.840
     1.629
     1.624
     1.102
     1.920
     1.655
     1.796
     1.650
     1.606
     1.237
     1.669
     1.475
     1.428
     1.621
     1.687
     1.418
     1.788
     1.647
     1.781
     1.676
     1.563
     1.801
     1.628
     1.515
     1.625
     1.103
     1.815
     1.570
     1.495
     1.591
     1.438
     1.572
     1.570
     1.690
     1.701
     1.762
     1.578
     1.686
     1.798
     1.630
     1.884
     1.383
     1.506
     1.864
     1.898
     1.944
     1.759
     1.618
     1.636
     2.093
     1.682
     1.657
     1.765
     1.747
     1.588
     1.630
     1.654
     1.674
     1.507
     1.520
     1.899
     1.710
     1.688
     1.667
     1.696
     1.311
     1.602
     1.711
     1.567
     1.703
     1.864
     1.970
     1.662
     1.687
     1.415
     1.997
     1.318
     1.573
     1.475
     1.620
     1.683
     1.787
     1.666
     1.827
     1.307
     1.787
     1.504
     1.629
     1.645
     1.283
     1.928
     1.783
     1.431
     1.677
     1.664
     1.984
     1.990
     1.678
     1.951
     1.470
     1.645
     1.528
     1.758
     1.877
     1.756
     1.872
     1.782
     1.673
     1.763
     1.907
     1.505
     1.457
     1.471
     1.295
     1.641
     1.644
     1.711
     1.694
     1.643
     1.806
     1.611
     1.437
     1.622
     1.555
     1.944
     1.710
     1.218
     1.684
     1.659
     1.731
     1.933
     1.559
     1.228
     1.563
     1.631
     1.700
     2.076
     1.598
     1.371
     1.802
     1.957
     1.965
     1.802
     1.641
     1.547
     1.850
     1.668
     1.675
     1.645
     1.714
     1.782
     1.943
     1.345
     1.474
     1.410
     1.589
