     2.668
     2.528
     2.669
     2.661
     2.641
     2.620
     2.565
     2.514
     2.509
     2.508
     2.496
     2.526
     2.577
     2.598
     2.598
     2.593
     2.587
     2.583
     2.581
     2.584
     2.588
     2.596
     2.598
     2.585
     2.561
     2.538
     2.526
     2.528
     2.541
     2.546
     2.558
     2.557
     2.555
     2.537
     2.542
     2.538
     2.543
     2.538
     2.549
     2.571
     2.649
     2.691
     2.717
     2.748
     2.765
     2.829
     2.894
     2.935
     2.957
     2.968
     2.980
     2.990
     3.015
     3.015
     3.015
     2.997
     2.984
     2.958
     2.914
     2.870
     2.820
     2.772
     2.746
     2.732
     2.704
     2.682
     2.657
     2.635
     2.613
     2.577
     2.540
     2.517
     2.495
     2.474
     2.465
     2.484
     2.503
     2.528
     2.593
     2.650
     2.700
     2.737
     2.748
     2.759
     2.764
     2.758
     2.790
     2.799
     2.856
     2.918
     2.940
     2.955
     2.954
     2.939
     2.917
     2.913
     2.904
     2.889
     2.869
     2.843
     2.738
     2.639
     2.534
     2.473
     2.444
     2.397
     2.351
     2.418
     2.438
     2.532
     2.659
     2.831
     2.938
     3.004
     3.057
     3.115
     3.134
     3.153
     3.133
     3.117
     3.088
     3.054
     3.036
     3.016
     2.992
     2.921
     2.811
     2.672
     2.533
     2.440
     2.486
     2.616
     2.658
     2.652
     2.625
     2.574
     2.522
     2.503
     2.573
     2.594
     2.579
     2.583
     2.652
     2.724
     2.766
     2.789
     2.780
     2.740
     2.681
     2.621
     2.567
     2.503
     2.439
     2.350
     2.282
     2.293
     2.322
     2.366
     2.439
     2.499
     2.511
     2.479
     2.426
     2.350
     2.161
     2.041
     1.955
     1.995
     2.016
     2.028
     2.037
     2.093
     2.169
     2.239
     2.335
     2.422
     2.559
     2.629
     2.671
     2.750
     2.777
     2.849
     2.924
     3.031
     3.104
     3.144
     3.157
     3.159
     3.153
     3.142
     3.111
     3.070
     3.020
     2.966
     2.908
     2.846
     2.808
     2.789
     2.774
     2.764
     2.741
     2.719
     2.700
     2.687
     2.677
     2.647
     2.603
     2.540
     2.487
     2.504
     2.516
     2.519
     2.526
     2.545
     2.597
     2.658
     2.697
     2.726
     2.733
     2.724
     2.717
     2.678
     2.682
     2.596
     2.561
     2.599
     2.591
     2.609
     2.643
     2.675
     2.702
     2.742
     2.744
     2.747
     2.743
     2.740
     2.698
     2.662
     2.625
     2.540
     2.424
     2.341
     2.422
     2.595
     2.658
     2.693
     2.717
     2.759
     2.800
     2.843
     2.870
     2.885
     2.887
     2.881
     2.858
     2.830
     2.784
     2.714
     2.633
     2.565
     2.508
     2.495
     2.487
     2.493
     2.506
     2.501
     2.498
     2.511
     2.522
     2.527
     2.585
     2.629
     2.651
     2.661
     2.915
     2.014
     2.710
     2.283
     2.570
     2.441
     2.630
     2.433
     1.848
     2.621
     2.623
     2.760
     2.880
     2.465
     2.460
     2.271
     2.604
     2.549
     2.646
     2.577
     2.055
     2.348
     2.503
     2.399
     2.870
     2.740
     3.097
     2.564
     3.054
     2.727
     2.787
     2.356
     2.422
     2.318
     2.354
     1.705
     2.271
     2.676
     2.327
     2.701
     2.608
     2.160
     1.985
     2.532
     2.844
     2.881
     2.767
     2.499
     2.734
     2.887
     3.007
     2.137
     2.549
     2.903
     2.424
     2.880
     2.564
     3.043
     1.814
     2.700
     2.423
     2.378
     2.853
     2.763
     2.728
     1.727
     2.620
     2.729
     2.565
     2.564
     2.723
     2.119
     2.770
     2.380
     2.503
     2.331
     2.431
     2.581
     2.787
     2.664
     2.505
     2.453
     1.815
     2.506
     2.674
     2.396
     2.587
     2.830
     2.285
     2.193
     1.479
     2.604
     2.287
     2.560
     2.035
     2.355
     2.436
     2.561
     3.058
     2.602
     2.608
     2.853
     2.244
     2.672
     2.548
     2.510
     2.839
     2.540
     2.518
     2.556
     2.575
     2.751
     1.726
     3.081
     2.806
     3.012
     2.328
     2.755
     2.678
     2.881
     2.769
     2.094
     2.274
     1.873
     3.044
     2.311
     2.565
     2.565
     2.298
     2.571
     2.976
     2.731
     2.697
     2.359
     3.130
     2.261
     3.045
     2.611
     2.452
     2.263
     2.569
     2.749
     2.638
     2.116
     2.322
     2.415
     2.448
     2.509
     2.427
     2.413
     2.769
     2.466
     1.575
     2.442
     2.823
     2.404
     1.910
     2.559
     2.705
     2.822
     2.327
     2.572
     2.605
     2.659
     1.435
     2.961
     2.426
     3.012
     2.263
     2.746
     2.813
     2.545
     2.674
     2.573
     2.477
     2.053
     2.552
     2.350
     2.724
     2.471
     3.017
     2.593
     2.771
     2.667
     2.776
     2.309
     2.449
     2.452
     1.853
     1.690
     2.846
     1.810
     2.475
     2.647
     2.630
     2.839
     2.670
     2.780
     2.465
     2.778
     2.875
     2.538
     2.687
     2.226
     2.581
     2.403
     2.657
     2.682
     2.750
     2.587
     2.630
     2.873
     2.456
     2.754
     2.783
     2.614
     2.584
     2.390
     2.956
     2.287
     2.639
     2.535
     2.403
     2.332
     2.513
     1.378
     2.583
     2.226
     2.304
     2.079
     2.661
     1.893
     3.015
     2.449
     3.013
     2.899
     2.735
     2.999
     2.468
     1.557
     2.750
     3.099
     2.412
     3.140
     2.399
     2.557
     2.575
     2.652
     2.551
     2.527
     2.508
     2.275
     2.564
     2.224
     2.338
     2.628
     2.220
     2.666
     2.526
     2.604
     2.696
     2.718
     1.632
     2.744
     2.536
     2.489
     3.039
     3.050
     2.338
     2.621
     2.273
     2.813
     2.353
     2.667
     2.122
     2.143
     2.920
     2.391
     2.538
     2.671
     2.639
     2.499
     2.625
     2.486
     1.693
     2.667
     2.999
     2.271
     2.686
     2.585
     2.415
     2.403
     2.553
     2.797
     2.490
     2.311
     2.627
     2.613
     2.717
     2.706
     2.892
     2.726
     2.325
     2.604
     2.767
     2.760
     2.958
     2.833
     2.616
     2.587
     2.630
     2.926
     2.532
     3.013
     2.031
     2.454
     2.631
     2.520
     3.095
     2.332
     2.640
     3.032
     2.536
     2.583
     2.945
     2.910
     2.147
     2.672
     2.928
     1.920
     3.038
     2.829
     2.792
     2.621
     2.491
     2.454
     3.059
     2.287
     2.879
     2.345
     2.556
     2.402
     2.693
     2.668
     2.598
     2.289
     2.398
     2.351
     2.289
     2.534
     1.923
     2.360
     2.645
     2.843
     2.430
     2.497
     2.574
     2.708
     1.589
     3.193
     1.916
     2.339
     2.823
     2.514
     1.987
     2.805
     1.868
     2.884
     2.686
     2.711
     2.636
     2.330
     2.514
     1.942
     2.410
     2.716
     2.823
     2.548
     1.802
     2.380
     1.982
     2.128
     2.459
     2.319
     2.681
     2.768
     2.453
     2.549
     2.931
     2.514
     2.678
     2.487
     2.512
     2.879
     2.449
     2.511
     2.161
     2.557
     2.972
     3.041
     2.537
     2.809
     2.503
     2.372
     2.726
     1.831
     2.111
     2.592
     2.591
     2.473
     2.800
     2.698
     2.413
     2.833
     3.126
     2.991
     2.607
     2.256
     2.610
     2.691
     2.636
     2.044
     2.473
     2.552
     2.374
     2.785
     2.370
     2.628
     2.777
     2.907
     2.537
     2.644
     2.956
     2.662
     2.522
     2.502
     2.292
     2.526
     2.810
     2.684
     2.581
     2.507
     2.709
     2.589
     2.292
     2.389
     2.457
     2.845
     2.966
     2.124
     2.853
     2.375
     2.661
     2.687
     2.964
     2.592
     2.610
     2.551
     2.544
     1.439
     3.119
     1.601
     2.549
     1.580
     1.754
     2.636
     2.731
     2.721
     2.949
     2.324
     2.278
     2.391
     2.981
     2.514
     2.851
     2.582
     2.512
     3.095
     2.478
     2.364
     2.858
     2.001
     2.895
     2.638
     2.590
     2.402
     2.259
     2.537
     2.641
     2.474
     2.902
     2.695
     2.446
     2.367
     2.322
     2.325
     2.293
     2.535
     2.459
     2.361
     3.014
     2.878
     2.800
     2.469
     2.696
     3.047
     2.781
     2.658
     2.617
     1.840
     2.684
     2.710
     2.072
     2.353
     2.262
     2.823
     2.573
     2.192
     2.425
     2.668
     2.907
     2.333
     2.826
     2.624
     2.820
     2.467
     3.079
     2.168
     2.211
     2.498
     2.243
     2.797
     2.405
     2.595
     2.594
     2.613
     2.761
     2.507
     2.171
     2.779
     2.718
     2.502
     2.505
     2.073
     2.460
     2.364
     2.605
     2.621
     2.233
     2.604
     2.639
     2.827
     2.536
     3.029
     2.760
     2.353
     2.528
     2.842
     2.388
     2.467
     2.530
     2.535
     2.652
     2.631
     3.157
     2.488
     2.518
     2.596
     2.424
     2.136
     2.744
     2.275
     1.970
     2.823
     2.927
     2.628
     1.658
     2.254
     2.468
     2.745
     2.097
     2.745
     2.488
     2.538
     2.825
     2.765
     2.434
     2.491
     2.659
     2.165
     2.570
     2.555
     2.645
     2.363
     2.467
     2.589
     2.309
     2.761
     2.592
     2.637
     2.898
     2.223
     1.538
     2.665
     2.418
     1.457
     1.781
     2.690
     2.022
     2.593
     2.581
     2.544
     2.739
     2.698
     2.428
     2.537
     2.577
     2.546
     2.665
     1.888
     2.586
     2.237
     2.553
     2.577
     2.267
     2.697
     2.861
     2.495
     2.798
     2.095
     2.860
     2.497
     2.619
     2.388
     2.395
     2.518
     2.560
     2.857
     3.079
     2.428
     2.714
     2.794
     2.484
     1.733
     1.717
     2.894
     2.307
     2.817
     2.438
     2.612
     1.746
     2.707
     2.448
     3.122
     2.518
     2.670
     2.568
     2.666
     1.988
     2.613
     2.851
     2.052
     3.132
     2.596
     2.398
     2.945
     2.513
     2.710
     2.625
     2.512
     2.356
     2.825
     2.871
     2.830
     1.954
     2.714
     2.183
     2.308
     1.582
     2.543
     3.037
     2.417
     2.932
     2.794
     2.452
     2.703
     2.472
     1.970
     2.544
     2.756
     2.582
     2.575
     2.290
     2.416
     1.985
     2.822
     2.786
     3.024
     2.288
     2.635
     2.530
     2.598
     2.556
     2.625
     2.514
     2.635
     2.495
     2.853
     2.607
     3.077
     1.786
     2.883
     2.605
     3.089
     2.365
     2.586
     2.819
     3.064
     2.108
     2.438
     2.600
     2.423
     2.582
     1.794
     2.360
     2.754
     2.768
     2.265
     2.481
     2.969
     2.920
     2.770
     2.777
     2.360
     3.016
     2.627
     2.437
     2.519
     2.849
     2.653
     2.463
     2.547
     1.979
     2.976
     2.037
     2.525
     2.262
     2.855
     2.704
     2.468
     2.620
     2.367
     2.818
     2.762
     2.071
     3.109
     2.601
     2.482
     2.449
     2.670
     2.721
     2.611
     2.455
     2.574
     2.534
     3.049
     2.606
     2.633
     2.678
     1.900
     2.965
     2.850
     2.657
     3.046
     2.804
     2.620
     2.485
     2.500
     2.740
     2.948
     2.244
     2.754
     2.739
     2.498
     2.634
     2.734
     2.451
     2.811
     2.664
     2.782
     2.624
     1.911
     2.720
     2.442
     2.263
     2.665
     2.778
     2.317
     2.723
     2.830
     2.817
     2.253
     2.609
     2.807
     2.257
     2.547
     2.615
     2.524
     2.585
     2.362
     2.357
     2.406
     2.791
     2.497
     2.115
     2.461
     2.642
     2.737
     2.296
     2.878
     2.727
     2.902
     2.810
     2.301
     2.482
     2.637
     2.436
     2.717
     2.588
     2.265
     3.070
     2.487
     2.981
     3.085
     2.777
     1.944
     2.572
     2.787
     2.573
     2.642
     2.752
     2.620
     2.575
     2.800
     1.995
     2.896
     1.560
     2.523
     2.582
     2.508
     2.770
     1.641
     2.266
     2.349
     2.724
     2.957
     2.690
     2.974
     2.958
     2.755
     2.485
     2.540
     2.661
     3.177
     2.439
     2.417
     2.589
     2.486
     2.386
     2.589
     1.784
     2.809
     2.561
     2.631
     2.762
     2.459
     2.608
     2.353
     2.739
     2.059
     2.953
     2.489
     2.084
     2.335
     2.609
     2.734
     2.708
     2.573
     2.198
     2.557
     2.572
     3.146
     2.446
     2.955
     2.684
     1.800
     2.904
     2.559
     2.608
     2.548
     2.315
     2.505
     2.069
     2.307
     2.756
     2.763
     2.750
     3.040
     1.849
     2.447
     2.992
     2.685
     2.379
     2.462
     2.594
     2.300
     1.912
     2.240
     2.463
     2.864
     2.594
     2.610
     2.927
     2.570
     2.523
     2.528
     2.950
     1.822
     2.916
     2.980
     2.848
     2.709
     2.603
     1.704
     2.634
     2.006
     2.597
     2.478
     2.506
     2.655
     2.478
     2.638
     2.520
     2.597
     2.425
     3.069
     1.550
     2.558
     2.761
     2.944
     2.803
     2.446
     2.676
     2.332
     2.351
     2.732
     1.428
     2.497
     2.617
     2.540
     3.005
     2.744
     2.222
     2.159
     2.419
     2.532
     1.940
     2.632
     2.674
     2.960
     2.600
     2.269
     2.687
     2.830
     2.368
     2.732
     2.461
     2.201
     2.703
     2.705
     2.650
     2.268
     2.604
     2.751
     2.653
     2.300
     2.896
     2.231
     2.633
     2.086
     2.668
     2.385
     1.977
     2.520
     2.485
     2.546
     3.043
     2.801
     2.638
     2.758
     2.568
     2.581
     2.749
     1.845
     3.194
     2.084
     2.829
     2.044
     2.756
     2.220
     2.527
     2.549
     2.861
     2.598
     2.806
     2.594
     3.107
     2.103
     2.335
     2.491
     2.630
     2.568
     2.311
     2.946
     2.562
     2.685
     2.599
     2.280
     2.474
     2.306
     2.502
     2.708
     2.527
     2.653
     2.885
     2.688
     3.068
     3.094
     2.601
     2.652
     1.905
     1.876
     2.580
     2.831
     2.418
     2.336
     2.461
     2.650
     2.369
     2.459
     2.332
     1.644
     2.539
     2.473
     1.977
     2.654
     2.843
     2.795
     1.744
     2.541
     1.823
     2.819
     2.084
     2.886
     2.565
     2.510
     2.353
     2.636
     2.729
     2.648
     3.030
     2.518
     3.100
     3.082
     2.492
     2.607
     2.555
     3.102
     2.551
     2.798
     2.510
     2.600
     2.365
     2.348
     2.910
     2.940
     2.523
     2.499
     2.619
     2.217
     2.630
     2.389
     2.596
     2.118
     2.525
     2.856
     2.456
     2.801
     2.509
     2.280
     2.828
     2.487
     2.943
     2.396
     2.499
     3.008
     1.875
     2.945
     2.812
     2.528
     2.666
     2.603
     2.456
     2.901
     2.616
     1.951
     2.834
     2.302
     1.544
     3.010
     2.383
     2.230
     2.586
     2.369
     2.408
     2.615
     2.332
     2.368
     2.427
     2.469
     2.803
     2.611
     2.871
     2.698
     2.752
     2.524
     2.535
     2.414
     2.393
     2.013
     2.280
     2.530
     2.441
     2.088
     2.095
     2.813
     2.847
     2.564
     2.484
     2.482
     2.712
     2.556
     2.885
     3.152
     2.587
     2.864
     2.663
     2.503
     2.880
     2.685
     1.736
     2.455
     2.354
     2.108
     3.003
     3.009
     2.318
     2.040
     2.862
     2.494
     2.432
     2.156
     2.525
     2.886
     2.628
     3.000
     2.649
     2.821
     2.447
     2.717
     2.843
     2.748
     2.350
     2.468
     2.555
     2.011
     2.695
     2.665
     2.570
     1.895
     3.006
     2.989
     2.596
     2.598
     2.532
     2.653
     2.535
     1.997
     2.735
     2.209
     2.465
     2.838
     2.845
     2.694
     2.803
     2.448
     2.688
     2.803
     2.454
     2.578
     2.651
     2.728
     2.517
     1.878
     2.410
     2.352
     2.712
     2.775
     2.454
     2.931
     2.513
     3.068
     2.785
     2.331
     2.712
     2.662
     2.716
     2.171
     2.939
     2.313
     3.053
     2.500
     2.384
     2.296
     2.795
     2.479
     2.702
     2.413
     2.660
     2.291
     2.646
     2.591
     1.740
     2.554
     2.512
     2.507
     2.685
     1.666
     2.565
     2.562
     1.901
     2.094
     2.930
     2.515
     2.732
     2.612
     2.513
     2.866
     2.604
     2.659
     3.024
     2.044
     2.620
     3.072
     2.717
     3.001
     2.829
     2.614
     2.710
     2.883
     2.440
     2.980
     2.758
     2.634
     2.273
     2.570
     2.376
     3.123
     2.016
     2.883
     2.374
     1.678
     2.484
     2.443
     2.719
     2.566
     3.108
     3.079
     2.512
     2.712
     2.440
     2.957
     2.682
     2.601
     2.552
     2.568
     3.001
     2.712
     2.805
     3.043
     2.756
     3.189
     2.345
     1.592
     2.751
     3.011
     2.135
     2.581
     2.518
     2.569
     2.852
     2.491
     2.795
     2.578
     3.010
     2.525
     3.119
     2.252
     2.494
     1.355
     2.934
     2.373
     2.280
     2.673
     2.483
     2.457
     2.511
     2.543
     2.376
     2.902
     2.503
     2.645
     2.880
     3.121
     2.700
     2.653
     2.889
     2.671
     2.553
     2.305
     2.857
     2.431
     2.333
     2.814
     2.522
     2.781
     2.669
     1.984
     1.813
     2.395
     1.957
     2.943
     2.703
     2.268
     2.578
     2.683
     2.600
     2.232
     2.472
     2.036
     1.709
     2.705
     2.755
     2.571
     2.532
     2.510
     2.873
     2.141
     2.231
     2.658
     2.695
     2.830
     2.247
     2.597
     2.372
     2.484
     2.548
     1.894
     2.500
     2.902
     2.558
     2.423
     2.448
     2.544
     2.683
     2.761
     2.395
     2.471
     3.019
     2.939
     3.091
     2.325
     2.544
     2.552
     2.275
     2.012
     1.351
     2.501
     2.068
     2.684
     2.880
     2.080
     2.877
     2.274
     2.718
     2.654
     2.882
     2.728
     2.231
     2.589
     2.463
     2.207
     2.691
     2.908
     2.311
     2.446
     2.732
     2.452
     2.731
     2.115
     2.674
     2.770
     2.603
     2.728
     1.456
     2.410
     2.748
     2.366
     3.199
     2.404
     1.866
     2.022
     2.048
     2.963
     2.173
     2.380
     2.536
     2.172
     2.632
     2.110
     2.678
     2.500
     2.288
     2.811
     2.273
     2.934
     2.510
     2.610
     1.934
     2.382
     2.782
     2.385
     2.581
     2.322
     2.719
     2.462
     2.580
     2.468
     1.948
     2.620
     2.631
     2.580
     1.601
     2.723
     2.396
     2.602
     2.524
     2.723
     2.411
     2.476
     2.679
     3.117
     2.240
     2.594
     2.270
     2.503
     2.396
     2.686
     3.045
     2.806
     2.485
     2.611
     2.496
     2.493
     2.765
     2.530
     2.714
     2.428
     2.513
     2.845
     2.504
     2.638
     2.822
     2.589
     2.729
     2.446
     2.560
     2.707
     2.506
     2.839
     2.777
     2.772
     2.656
     2.704
     2.204
     2.549
     2.626
     2.767
     2.640
     2.680
     3.038
     2.633
     2.531
     2.871
     2.686
     2.833
     2.674
     2.018
     2.713
     3.034
     3.024
     2.114
     2.492
     2.650
     2.987
     2.377
     2.032
     1.675
     2.824
     2.636
     2.632
     2.611
     2.610
     2.460
     2.849
     2.809
     2.381
     3.040
     2.448
     2.389
     2.445
     2.421
     2.479
     2.685
     1.815
     3.016
     2.555
     2.217
     2.416
     2.790
     2.763
     2.398
     2.467
     2.968
     2.098
     2.708
     2.600
     2.740
     2.456
     2.501
     3.087
     2.445
     2.827
     2.669
     2.382
     2.456
     2.676
     2.403
     2.332
     2.656
     2.978
     2.604
     2.673
     2.459
     2.654
     2.305
     1.992
     2.767
     2.604
     2.688
     2.100
     2.571
     1.689
     2.629
     2.158
     2.868
     2.241
     2.498
     2.152
     2.499
     2.431
     2.326
     2.188
     2.764
     2.673
     2.776
     2.497
     2.453
     2.800
     2.521
     2.487
     2.379
     2.627
     2.575
     2.187
     2.693
     2.078
     2.514
     2.452
     2.826
     2.589
     2.493
     2.128
     2.610
     3.050
     3.004
     2.786
     2.653
     2.178
     2.852
     2.977
     2.617
     3.060
     2.479
     2.704
     2.508
     2.643
     2.220
     2.544
     2.484
     2.098
     2.530
     2.161
     1.717
     2.711
     2.932
     2.356
     2.444
     2.724
     2.468
     2.814
     2.892
     2.618
     2.495
     2.546
     2.437
     2.686
     2.724
     2.543
     2.590
     2.614
     2.535
     2.650
     2.946
     2.214
     1.906
     2.807
     2.510
     2.364
     2.613
     2.584
     2.746
     2.493
     1.605
     2.922
     2.405
     2.390
     2.890
     2.829
     2.645
     2.584
     1.653
     2.567
     2.852
     2.512
     2.492
     2.770
     2.625
     2.638
     2.515
     2.396
     2.799
     2.849
     2.667
     2.607
     2.327
     2.977
     2.456
     2.701
     2.658
     3.025
     2.262
     2.847
     2.329
     2.630
     2.755
     2.361
     2.648
     2.657
     1.512
     2.758
     2.193
     2.615
     1.317
     2.142
     2.680
     2.553
     2.717
     2.502
     2.543
     2.580
     2.419
     1.483
     2.157
     2.795
     2.378
     2.500
     2.574
     2.306
     2.701
     2.898
     2.874
     2.471
     2.707
     2.139
     2.279
     1.960
     2.526
     1.747
     2.893
     2.439
     1.891
     2.907
     2.552
     2.978
     2.472
     2.171
     2.839
     1.656
     2.420
     1.799
     2.642
     2.712
     2.133
     1.835
     2.638
     2.291
     2.378
     2.501
     2.861
     2.611
     2.270
     2.469
     2.607
     2.850
     3.130
     2.410
     2.248
     2.445
     2.814
     2.642
     3.008
     2.368
     2.568
     2.603
     2.604
     2.388
     2.276
     2.925
     2.987
     2.657
     2.591
     2.340
     2.633
     2.615
     2.212
     2.443
     2.559
     2.500
     2.100
     2.248
     2.433
     2.785
     2.272
     3.035
     2.725
     2.193
     2.640
     2.601
     2.577
     2.942
     2.604
     2.670
     2.899
     2.487
     2.409
     2.736
     2.575
     2.643
     2.884
     1.611
     1.840
     3.103
     2.752
     2.753
     3.012
     2.584
     2.677
     2.648
     2.304
     2.547
     2.568
     2.617
     2.711
     2.661
     2.511
     2.540
     2.521
     2.277
     2.561
     2.559
     2.798
     2.726
     2.455
     2.645
     2.803
     2.784
     2.685
     2.911
     3.083
     2.358
     2.521
     2.503
     2.918
     2.769
     2.771
     3.078
     3.099
     2.572
     2.525
     2.602
     2.492
     2.766
     2.704
     2.494
     2.665
     2.582
     2.644
     2.563
     2.658
     2.921
     2.147
     2.365
     2.424
     2.749
     2.293
     2.608
     1.949
     2.438
     2.625
     2.345
     2.170
     2.393
     2.469
     2.597
     2.563
     2.479
     2.590
     1.789
     2.062
     2.797
     2.825
     2.820
     2.470
     2.667
     1.610
     2.360
     2.554
     2.571
     2.724
     2.596
     2.441
     2.410
     2.476
     2.100
     2.455
     2.732
     2.415
     2.720
     2.415
     2.567
     2.385
     2.729
     2.683
     2.489
     2.730
     2.880
     1.612
     2.634
     2.226
     2.028
     2.634
     2.796
     3.131
     2.887
     2.330
     2.337
     2.708
     2.632
     2.807
     2.244
     1.898
     2.441
     2.218
     2.381
     2.895
     2.575
     2.577
     3.066
     2.435
     2.063
     2.195
     2.663
     2.523
     2.786
     2.268
     2.164
     2.716
     2.995
     2.410
     2.625
     2.503
     1.550
     2.140
     3.018
     2.325
     2.855
     2.337
     2.890
     2.801
     2.478
     1.902
     3.069
     2.669
     2.617
     1.955
     2.756
     2.520
     2.732
     2.663
     2.397
     3.031
     2.417
     2.876
     2.024
     2.794
     2.833
     2.866
     2.471
     2.552
     3.021
     1.933
     2.577
     2.868
     1.585
     2.877
     2.526
     3.057
     2.857
     2.734
     2.469
     2.538
     2.566
     2.533
     2.988
     2.702
     2.611
     2.336
     2.501
     3.129
     2.716
     2.086
     1.484
     2.459
     2.722
     2.694
     2.888
     3.126
     2.578
     2.718
     2.685
     2.463
     2.634
     2.285
     2.795
     2.661
     2.633
     3.144
     3.058
     2.473
     2.621
     2.472
     2.839
     2.398
     2.779
     2.378
     2.567
     2.699
     2.941
     1.741
     2.204
     2.447
     2.485
     2.864
     2.562
     2.668
     1.809
     2.073
     2.308
     2.562
     3.105
     2.483
     2.384
     2.409
     3.026
     2.396
     2.718
     2.322
     3.145
     2.649
     2.185
     2.597
     2.721
     2.814
     2.597
     2.564
     2.557
     2.499
     2.746
     2.798
     2.960
     2.831
     2.302
     2.588
     2.699
     2.609
     1.943
     2.194
     2.769
     2.625
     2.634
     2.443
     2.753
     2.478
     3.031
     3.017
     2.754
     2.848
     2.330
     2.781
     2.509
     2.482
     2.803
     2.519
     2.731
     2.638
     2.972
     2.755
     2.538
     3.019
     2.646
     2.254
     2.793
     2.811
     2.700
     2.546
     2.741
     2.540
     2.553
     2.575
     2.450
     1.624
     2.439
     2.588
     3.098
     2.686
     2.034
     2.766
     2.275
     2.216
     2.545
     2.219
     2.554
     2.736
     2.567
     2.615
     2.384
     2.177
     2.464
     2.497
     2.345
     2.139
     2.793
     2.976
     2.363
     2.474
     2.817
     2.498
     2.317
     2.422
     2.721
     2.633
     1.894
     2.811
     2.406
     3.013
     2.576
     2.595
     2.993
     2.700
     2.488
     2.680
     2.410
     2.689
     2.308
     2.722
     2.599
     2.775
     2.395
     2.358
     2.748
     2.606
     2.853
     2.003
     2.440
     2.420
     2.630
     1.934
     2.614
     2.410
     3.025
     3.159
     2.818
     2.680
     2.524
     2.563
     2.342
     2.860
     2.990
     2.205
     2.477
     2.832
     2.870
     1.928
     2.412
     2.925
     2.878
     2.874
     2.744
     2.407
     2.595
     2.507
     2.650
     2.712
     1.964
     2.197
     2.699
     2.674
     2.807
     2.665
     3.124
     2.572
     2.851
     1.656
     2.600
     2.303
     2.497
     1.761
     2.604
     2.407
     2.783
     2.831
     2.930
     2.675
     2.429
     2.584
     2.701
     2.503
     2.704
     2.489
     2.661
     2.585
     2.314
     2.329
     2.633
     2.473
     2.724
     2.347
     2.363
     2.958
     2.668
     2.642
     2.597
     2.180
     2.742
     2.377
     2.514
     2.213
     2.589
     2.509
     2.301
     2.111
     2.375
     2.501
     2.519
     2.009
     1.966
     2.593
     2.040
     2.311
     2.547
     2.558
     2.411
     2.775
     2.404
     2.049
     2.791
     2.529
     2.482
     2.679
     2.546
     2.008
     2.503
     2.074
     2.576
     1.472
     2.704
     2.190
     2.577
     1.730
     2.478
     2.634
     2.464
     2.611
     2.506
     1.759
     2.519
     2.959
     2.767
     2.721
     2.235
     2.532
     2.455
     2.624
     2.764
     2.432
     2.586
     2.583
     2.405
     2.567
     2.475
     2.121
     2.774
     2.483
     2.374
     2.601
     2.494
     2.785
     2.056
     2.608
     1.731
     2.661
     3.080
     2.824
     3.041
     2.562
     2.617
     2.674
     2.843
     2.917
     2.457
     3.059
     2.600
     2.670
     2.523
     2.436
     2.639
     2.666
     2.415
     2.670
     2.754
     2.963
     1.609
     2.901
     2.241
     2.587
     1.781
     2.562
     2.613
     2.337
     2.448
     2.604
     2.401
     1.875
     2.585
     2.471
     1.654
     2.785
     2.407
     2.745
     2.317
     2.816
     2.129
     2.715
     2.618
     1.896
     2.701
     2.665
     2.602
     3.002
     2.549
     1.349
     2.494
     2.642
     2.556
     2.828
     2.514
     2.736
     2.551
     2.589
     2.408
     2.464
     3.004
     1.517
     2.912
     2.914
     2.448
     2.582
     2.922
     2.657
     2.869
     2.617
     2.542
     2.709
     2.542
     2.833
     2.569
     2.667
     2.655
     2.511
     2.466
     2.579
     2.628
     2.538
     2.475
     2.459
     2.536
     2.613
     2.505
     1.746
     2.465
     2.510
     2.531
     1.833
     2.556
     2.388
     2.801
     2.585
     2.470
     2.923
     2.678
     2.880
     2.670
     2.846
     2.367
     1.862
     2.603
     1.993
     3.099
     2.006
     2.880
     1.342
     2.515
     2.548
     2.310
     2.726
     2.565
     2.178
     2.675
     2.662
     2.666
     2.720
     2.675
     1.720
     2.182
     2.578
     2.911
     2.584
     2.636
     2.387
     2.569
     2.946
     2.365
     2.877
     2.581
     2.982
     2.666
     2.642
     2.615
     2.202
     2.568
     2.557
     3.127
     2.554
     2.405
     2.595
     2.675
     2.618
     2.615
     2.631
     3.078
     2.876
     2.902
     2.416
     2.463
     2.504
     3.138
     2.747
     2.813
     2.617
     2.505
     2.931
     2.972
     2.716
     1.887
     2.347
     2.531
     2.558
     2.378
     2.681
     2.359
     2.326
     3.025
     2.564
     2.475
     2.601
     2.585
     2.477
     2.440
     2.852
     2.445
     2.813
     2.594
     2.810
     2.613
     2.599
     2.897
     2.568
     2.285
     2.647
     2.781
     3.003
     2.608
     2.041
     1.564
     2.745
     1.794
     2.296
     2.744
     2.638
     2.744
     2.719
     2.723
     2.442
     2.530
     1.855
     2.622
     2.520
     2.802
     2.383
     2.388
     2.811
     2.831
     2.524
     2.002
     2.938
     2.713
     2.648
     2.545
     1.912
     3.055
     2.523
     2.552
     2.173
     2.592
     1.740
     2.553
     2.067
     2.424
     2.597
     2.575
     2.861
     2.954
     2.828
     2.541
     2.655
     2.521
     3.034
     2.928
     2.786
     2.977
     2.372
     2.498
     2.377
     1.933
     2.557
     1.815
     2.825
     2.515
     2.318
     2.548
     2.652
     2.623
     2.484
     2.622
     2.309
     2.594
     2.604
     2.589
     1.747
     2.365
     1.894
     2.742
     2.390
     2.215
     2.602
     1.971
     2.789
     2.539
     2.228
     2.638
     2.397
     2.346
     2.745
     2.586
     2.647
     2.673
     2.605
     1.971
     2.336
     2.484
     3.011
     2.679
     2.836
     2.717
     2.690
     2.777
     2.447
     2.504
     2.554
     2.904
     2.917
     2.617
     2.636
     2.303
     2.321
     2.668
     2.477
     2.375
     2.853
     2.268
     2.539
     2.890
     2.778
     2.969
     2.206
     2.433
     2.608
     2.435
     2.719
     2.289
     2.496
     2.491
     2.481
     2.973
     2.923
     2.464
     3.010
     1.674
     2.666
     1.929
     2.962
     2.465
     2.599
     2.720
     2.864
     2.713
     2.424
     2.716
     2.452
     2.798
     3.152
     2.305
     2.507
     2.239
     2.836
     3.043
     2.786
     2.846
     2.650
     2.484
     2.483
     2.409
     1.582
     2.754
     1.685
     2.461
     2.669
     2.694
     2.523
     2.719
     2.799
     2.805
     2.726
     1.984
     2.550
     2.782
     2.845
     2.527
     3.043
     2.729
     2.070
     1.570
     2.719
     2.755
     2.410
     2.454
     2.481
     2.943
     2.601
     2.592
     2.536
     2.136
     2.682
     2.029
     2.680
     1.834
     2.445
     2.350
     2.536
     2.978
     1.614
     1.972
     2.969
     2.538
     2.580
     2.491
     2.694
     2.621
     2.289
     2.497
     2.695
     2.841
     2.803
     2.673
     2.697
     2.552
     2.614
     2.075
     2.548
     2.341
     2.876
     2.745
     3.105
     3.012
     2.589
     2.338
     2.115
     2.007
     2.508
     2.508
     3.161
     2.601
     2.536
     2.794
     2.381
     2.483
     2.688
     2.523
     2.526
     2.793
     2.678
     2.333
     2.426
     2.840
     2.800
     2.836
     2.366
     2.345
     2.514
     2.837
     3.077
     2.277
     2.789
     2.575
     2.572
     2.406
     2.715
     2.068
     2.446
     2.638
     2.690
     2.449
     2.391
     2.620
     2.791
     1.602
     2.202
     2.517
     2.893
     1.882
     2.571
     2.354
     2.235
     3.092
     2.910
     2.659
     2.786
     2.478
     2.501
     2.190
     2.627
     3.127
     2.827
     2.755
     2.837
     2.395
     2.594
     2.460
     2.554
     3.011
     1.706
     2.274
     2.664
     2.865
     3.012
     2.671
     2.397
     2.768
     2.530
     2.612
     2.275
     2.108
     2.499
     2.819
     2.208
     2.578
     2.816
     2.794
     2.605
     3.073
     2.525
     3.049
     2.177
     2.537
     2.555
     2.333
     2.621
     2.753
     2.662
     2.323
     2.659
     2.339
     3.004
     2.932
     2.571
     2.404
     2.938
     2.796
     2.219
     2.519
     2.537
     2.950
     2.485
     2.381
     2.540
     1.865
     2.272
     2.891
     2.837
     3.146
     2.012
     3.073
     2.803
     2.187
     2.665
     2.667
     2.087
     2.934
     2.947
     2.799
     2.439
     2.563
     2.559
     2.623
     2.657
     2.544
     3.043
     2.016
     2.552
     2.128
     3.000
     3.077
     2.610
     2.641
     3.000
     2.619
     1.921
     2.531
     2.861
     2.675
     2.748
     2.583
     2.969
     2.559
     2.347
     2.735
     2.650
     2.459
     2.577
     2.737
     2.450
     2.577
     3.091
     2.753
     2.347
     2.114
     2.894
     2.869
     2.702
     2.396
     2.476
     2.612
     2.210
     2.782
     2.393
     2.723
     2.488
     2.311
     2.691
     2.634
     1.942
     2.534
     2.369
     2.855
     2.530
     1.919
     2.486
     3.087
     3.046
     2.572
     2.883
     2.824
     2.473
     2.088
     2.584
     2.784
     2.629
     2.691
     2.814
     2.798
     2.591
     2.501
     2.310
     2.727
     2.671
     2.199
     1.973
     2.662
     1.729
     1.711
     2.517
     2.673
     2.189
     3.101
     1.920
     2.762
     2.481
     2.884
     2.737
     2.718
     3.148
     2.485
     2.302
     2.765
     2.957
     3.070
     2.397
     2.765
     2.386
     2.910
     2.763
     2.607
     2.701
     2.534
     2.660
     2.547
     2.621
     2.391
     2.606
     2.465
     2.053
     1.660
     2.176
     2.466
     3.030
     2.835
     3.072
     2.741
     2.858
     2.541
     2.584
     2.626
     2.610
     2.647
     2.731
     2.508
     2.261
     1.901
     2.597
     2.600
     3.182
     2.455
     1.911
     2.795
     1.866
     3.006
     2.424
     2.591
     2.310
     2.738
     3.145
     2.562
     3.133
     2.968
     2.756
     2.795
     2.528
     2.597
     1.975
     2.275
     2.867
     2.409
     2.921
     2.741
     2.533
     2.773
     2.567
     2.608
     2.878
     2.604
     2.477
     2.448
     2.611
     2.416
     2.400
     2.514
     2.158
     2.330
     3.042
     2.452
     2.445
     2.469
     2.735
     3.057
     2.453
     2.584
     2.964
     2.290
     2.308
     2.295
     2.428
     2.972
     3.013
     2.368
     2.661
     2.530
     2.692
     2.416
     1.561
     2.586
     2.575
     3.010
     2.583
     2.174
     2.445
     2.907
     2.659
     2.776
     2.640
     2.776
     2.712
     2.363
     1.545
     2.761
     2.741
     1.763
     2.652
     2.618
     2.783
     2.478
     2.441
     2.384
     1.848
     2.703
     2.770
     3.187
     3.069
     2.314
     2.608
     2.895
     2.864
     2.564
     2.278
     2.813
     2.008
     2.221
     2.498
     2.636
     2.804
     2.684
     2.541
     2.639
     2.815
     2.908
     2.429
     1.936
     2.450
     2.889
     2.508
     2.528
     3.165
     2.037
     2.732
     2.768
     2.540
     2.462
     2.133
     2.532
     2.004
     2.545
     2.769
     2.899
     2.698
     2.223
     2.257
     2.910
     2.653
     2.715
     2.562
     2.428
     2.772
     1.751
     2.418
     2.233
     3.032
     2.727
     2.911
     2.577
     2.958
     2.394
     2.891
     2.504
     3.077
     2.743
     2.264
     2.866
     2.707
     2.657
     2.697
     2.137
     2.999
     2.758
     2.735
     1.883
     2.694
     2.101
     2.634
     2.524
     2.630
     3.057
     2.827
     2.392
     2.595
     2.072
     2.872
     2.757
     2.381
     2.492
     2.535
     2.516
     2.822
     2.953
     1.733
     2.474
     2.682
     2.704
     2.092
     1.921
     2.501
     2.641
     2.692
     2.731
     2.649
     2.319
     2.548
     2.631
     2.349
     2.453
     2.393
     2.370
     2.797
     2.585
     2.398
     2.657
     2.350
     2.742
     2.942
     3.085
     2.810
     2.606
     2.703
     2.641
     2.604
     2.033
     2.992
     2.482
     2.098
     2.469
     2.406
     2.677
     2.401
     2.691
     2.339
     2.773
     2.678
     2.677
     2.417
     2.543
     1.806
     2.498
     2.567
     2.227
     2.555
     2.332
     2.581
     2.652
     2.709
     2.526
     2.583
     2.730
     2.083
     2.671
     2.534
     2.953
     2.517
     2.413
     2.368
     2.614
     2.935
     2.599
     2.143
     2.278
     2.478
     2.611
     2.268
     2.854
     2.459
     2.939
     2.397
     2.440
     2.667
     2.656
     2.458
     2.929
     2.576
     2.706
     2.911
     2.742
     2.637
     2.316
     3.100
     2.935
     2.585
     2.524
     2.508
     2.516
     2.236
     1.284
     2.818
     2.369
     1.980
     2.463
     2.600
     2.524
     2.515
     2.929
     2.786
     2.467
     2.822
     2.199
     2.851
     2.654
     2.374
     1.691
     2.496
     2.733
     2.210
     2.779
     2.145
     2.445
     2.449
     2.479
     2.240
     2.057
     2.600
     2.516
     1.768
     2.460
     2.447
     3.019
     2.645
     2.451
     2.589
     2.458
     2.997
     2.124
     2.997
     2.348
     2.781
     2.609
     2.917
     1.924
     2.895
     2.644
     2.449
     3.004
     2.973
     3.018
     2.447
     2.467
     2.703
     2.781
     2.407
     2.895
     2.710
     2.463
     2.872
     2.691
     1.804
     2.675
     2.627
     2.817
     2.976
     2.480
     2.629
     2.573
     2.601
     2.134
     2.914
     2.639
     2.579
     2.434
     2.681
     3.068
     2.518
     2.530
     2.322
     2.552
     2.191
     2.356
     3.042
     2.422
     2.954
     2.333
     2.483
     2.762
     2.563
     2.266
     2.944
     2.660
     2.277
     2.529
     2.728
     2.551
     1.869
     1.753
     2.719
     2.586
     2.835
     2.664
     2.664
     2.454
     2.570
     2.337
     2.658
     2.707
     2.468
     2.736
     2.855
     2.335
     2.646
     2.624
     2.825
     2.864
     2.508
     2.673
     2.367
     2.476
     2.543
     2.899
     2.350
     1.774
     2.343
     2.407
     2.934
     3.180
     2.683
     2.563
     2.180
     2.866
     2.429
     2.848
     2.136
     2.679
     2.188
     2.534
     2.241
     2.229
     2.506
     2.498
     2.191
     2.484
     2.782
     2.371
     2.653
     2.496
     2.664
     2.468
     2.825
     2.714
     2.340
     2.744
     2.540
     2.441
     2.834
     2.703
     2.249
     2.415
     2.558
     2.846
     2.877
     2.784
     2.621
     1.544
     2.340
     1.665
     2.332
     2.527
     2.868
     2.401
     2.683
     2.544
     2.504
     2.586
     2.693
     2.596
     2.914
     1.817
     2.531
     2.646
     2.589
     2.624
     2.344
     1.744
     2.602
     2.582
     2.554
     2.503
     2.499
     2.468
     2.499
     2.894
     2.452
     2.859
     2.894
     2.547
     2.362
     2.581
     2.594
     2.725
     2.919
     2.707
     2.566
     2.223
     2.420
     2.636
     2.627
     2.488
     3.107
     2.625
     1.626
     2.721
     2.701
     2.661
     2.496
     2.736
     1.755
     2.590
     2.569
     2.196
     2.512
     2.505
     2.521
     2.452
     2.546
     2.563
     2.538
     2.626
     2.523
     2.536
     2.609
     2.214
     2.575
     2.646
     2.482
     2.450
     2.362
     2.310
     2.962
     2.518
     2.584
     2.163
     2.938
     1.875
     2.495
     2.442
     2.763
     2.768
     2.865
     2.870
     2.564
     2.502
     2.500
     2.578
     3.029
     2.360
     2.492
     3.084
     1.821
     2.341
     2.706
     3.028
     3.077
     2.618
     3.029
     2.580
     3.003
     2.619
     2.610
     2.642
     1.917
     2.469
     2.533
     1.998
     2.709
     2.427
     2.505
     2.598
     2.662
     2.799
     2.637
     2.332
     2.910
     3.137
     2.263
     2.673
     2.959
     2.622
     2.694
     2.805
     3.112
     2.503
     2.606
     2.545
     2.686
     2.528
     2.279
     2.546
     2.688
     1.952
     2.507
     2.402
     2.610
     2.851
     2.087
     2.301
     2.831
     2.012
     2.533
     2.272
     2.674
     3.095
     2.464
     2.032
     2.477
     2.660
     2.494
     2.902
     2.775
     2.519
     2.727
     2.559
     2.605
     3.071
     2.627
     3.200
     2.749
     2.961
     2.827
     2.282
     2.861
     2.452
     2.372
     2.597
     2.657
     3.067
     2.769
     2.502
     2.071
     2.723
     2.574
     2.493
     1.985
     2.661
     1.986
     2.338
     2.561
     2.416
     2.390
     2.590
     2.604
     2.634
     2.919
     2.454
     2.440
     2.475
     2.248
     2.450
     2.629
     2.464
     2.316
     2.153
     2.348
     2.699
     2.306
     2.765
     2.359
     2.514
     2.434
     2.464
     1.963
     2.454
     2.477
     2.541
     2.668
     2.618
     2.512
     1.868
     2.648
     2.550
     2.089
     2.623
     2.731
     2.674
     2.715
     3.027
     2.638
     2.444
     2.905
     2.627
     2.816
     3.046
     2.435
     3.090
     2.475
     2.677
     1.801
     2.700
     2.852
     2.516
     2.516
     3.000
     2.565
     2.047
     2.802
     1.894
     2.532
     2.216
     2.410
     2.460
     3.108
     2.837
     2.461
     2.457
     2.941
     2.538
     2.544
     2.602
     2.477
     2.503
     2.573
     2.964
     3.118
     3.065
     2.409
     2.667
     2.533
     2.341
     2.620
     3.028
     2.521
     1.598
     2.659
     2.327
     2.817
     2.820
     2.233
     2.909
     2.713
     2.203
     2.612
     2.372
     2.077
     2.783
     2.884
     3.059
     2.558
     2.550
     2.210
     2.797
     2.571
     2.980
     2.890
     2.123
     1.652
     1.911
     2.522
     2.693
     2.560
     2.925
     3.060
     2.715
     2.503
     2.647
     1.934
     2.440
     2.391
     1.982
     2.035
     2.401
     2.578
     2.094
     2.973
     2.994
     2.561
     2.072
     2.395
     2.840
     2.736
     2.684
     2.629
     2.547
     1.979
     1.711
     2.593
     2.603
     2.757
     1.537
     2.832
     2.489
     2.943
     2.085
     2.581
     2.644
     2.519
     2.167
     2.323
     2.475
     2.633
     2.689
     2.416
     2.673
     2.049
     2.081
     3.066
     2.720
     2.578
     2.652
     2.146
     2.290
     2.768
     1.590
     2.620
     2.601
     2.204
     2.384
     2.698
     2.724
     2.627
     2.604
     2.655
     2.773
     2.424
     2.279
     2.657
     2.246
     2.658
     2.610
     2.482
     2.447
     2.480
     2.717
     2.574
     2.502
     2.816
     2.795
     1.907
     2.806
     2.472
     2.620
     2.616
     1.519
     2.546
     2.599
     2.594
     2.338
     2.690
     2.511
     2.974
     2.834
     2.318
     2.160
     2.649
     2.606
     2.290
     2.698
     2.532
     2.588
     2.110
     2.244
     2.894
     2.525
     2.565
     2.519
     2.226
     2.803
     2.634
     2.481
     2.085
     2.547
     2.707
     2.985
     2.423
     2.769
     1.720
     2.215
     2.174
     2.086
     3.120
     2.644
     2.880
     2.008
     2.648
     2.711
     2.828
     2.123
     2.566
     2.781
     2.435
     2.708
     2.882
     2.491
     2.569
     1.914
     2.756
     2.519
     2.377
     2.075
     2.392
     2.565
     2.670
     2.463
     2.029
     2.506
     2.731
     2.476
     2.986
     2.792
     2.717
     2.817
     2.658
     2.655
     2.609
     2.713
     2.427
     2.068
     2.487
     2.515
     2.618
     2.707
     2.542
     2.591
     2.225
     2.350
     2.336
     2.669
     2.524
     2.263
     2.817
     2.051
     2.511
     2.719
     3.117
     2.540
     2.717
     1.965
     1.919
     2.482
     3.098
     2.373
     2.387
     2.621
     3.084
     2.495
     2.442
     2.008
     2.317
     2.351
     2.129
     2.648
     2.667
     2.574
     2.503
     3.097
     3.116
     2.624
     2.158
     2.909
     2.742
     1.615
     2.558
     2.262
     2.989
     2.589
     2.446
     2.534
     2.581
     2.771
     2.617
     2.521
     2.645
     2.484
     2.551
     2.185
     2.719
     1.686
     2.584
     3.020
     2.870
     2.745
     3.055
     2.409
     2.388
     2.785
     2.654
     3.030
     2.852
     2.337
     2.708
     1.897
     2.317
     1.907
     2.355
     2.775
     2.546
     2.703
     2.631
     2.636
     2.715
     2.479
     2.573
     2.637
     2.147
     2.738
     2.615
     2.616
     2.750
     2.514
     2.794
     2.600
     2.519
     2.469
     2.526
     3.016
     2.524
     2.868
     2.158
     2.813
     2.749
     2.620
     2.506
     2.617
     2.589
     2.542
     1.489
     2.843
     2.861
     2.781
     2.566
     1.581
     2.484
     1.402
     2.492
     2.652
     2.815
     2.531
     2.540
     3.011
     2.740
     2.566
     2.242
     2.872
     2.726
     3.008
     2.404
     2.759
     2.651
     2.569
     2.880
     2.653
     2.830
     2.609
     2.558
     2.541
     2.930
     2.455
     2.769
     2.572
     2.700
     2.641
     2.897
     2.358
     2.805
     2.721
     2.646
     2.394
     2.621
     2.752
     2.345
     2.593
     3.021
     2.409
     2.656
     2.009
     2.955
     2.598
     2.471
     2.229
     2.651
     2.737
     2.441
     2.081
     3.174
     2.445
     3.113
     2.475
     3.096
     2.021
     2.310
     2.857
     1.767
     3.081
     3.048
     2.853
     3.045
     2.610
     2.700
     2.399
     2.593
     2.697
     2.720
     2.600
     2.608
     2.476
     2.876
     2.318
     3.016
     2.561
     2.529
     2.360
     2.553
     1.327
     2.948
     2.360
     2.768
     2.781
     2.318
     2.370
     2.969
     2.585
     2.171
     2.665
     2.115
     3.100
     2.144
     2.775
     2.340
     2.560
     2.302
     2.607
     2.602
     2.416
     2.561
     2.724
     2.983
     2.170
     2.698
     2.613
     2.476
     2.310
     2.805
     2.523
     3.028
     2.674
     3.080
     2.814
     2.786
     2.433
     2.658
     2.055
     2.427
     2.476
     2.484
     2.358
     2.292
     3.139
     2.714
     2.521
     2.849
     2.608
     2.396
     2.571
     2.932
     2.316
     2.703
     2.522
     3.008
     3.020
     2.374
     2.733
     2.623
     2.134
     2.692
     2.394
     2.734
     2.535
     2.916
     2.743
     2.739
     2.739
     3.131
     2.310
     1.809
     1.706
     2.505
     2.351
     2.769
     2.296
     2.508
     2.594
     2.355
     2.099
     2.823
     2.897
     2.763
     2.420
     2.589
     2.903
     2.689
     2.643
     2.814
     2.544
     2.664
     2.794
     2.571
     2.631
     2.724
     2.423
     2.420
     2.276
     1.708
     1.667
     2.760
     2.659
     3.111
     2.485
     2.612
     2.033
     2.659
     3.129
     2.441
     2.778
     2.834
     3.074
     2.555
     2.042
     2.571
     2.707
     2.252
     2.643
     2.500
     2.985
     2.494
     2.600
     2.389
     2.588
     2.524
     2.696
     2.534
     2.616
     2.843
     2.581
     2.525
     3.054
     3.077
     2.565
     2.383
     2.972
     2.853
     1.278
     2.654
     2.771
     2.649
     2.632
     2.304
     2.637
     2.588
     2.596
     2.486
     2.161
     2.227
     1.837
     2.956
     2.544
     2.833
     3.105
     2.845
     2.374
     2.297
     2.723
     1.659
     2.634
     2.692
     2.822
     2.430
     2.562
     2.656
     2.786
     2.935
     2.594
     2.529
     2.610
     2.585
     2.868
     2.677
     2.992
     2.314
     2.017
     2.413
     2.412
     1.810
     2.684
     2.474
     2.609
     2.591
     2.796
     2.796
     2.559
     2.714
     2.422
     2.280
     2.064
     1.810
     2.383
     2.518
     3.036
     2.176
     2.006
     2.426
     2.650
     2.654
     2.081
     2.920
     1.959
     2.488
     2.798
     2.581
     2.587
     2.815
     3.075
     2.687
     2.643
     2.334
     2.888
     2.570
     2.433
     2.373
     2.595
     2.341
     2.555
     2.767
     1.881
     2.453
     2.796
     2.660
     2.667
     2.672
     2.758
     3.023
     3.096
     2.534
     2.425
     2.561
     1.437
     2.598
     2.301
     2.182
     2.592
     2.848
     3.039
     2.838
     2.498
     2.310
     2.344
     2.803
     2.488
     2.847
     2.367
     2.350
     2.178
     1.456
     2.308
     2.617
     2.591
     2.442
     2.996
     2.820
     2.767
     2.238
     2.515
     2.480
     2.441
     2.827
     2.523
     2.533
     2.701
     2.679
     2.525
     2.994
     2.950
     2.809
     2.409
     2.539
     2.356
     1.978
     2.471
     2.462
     2.727
     2.633
     2.476
     2.623
     2.833
     2.943
     2.270
     2.880
     2.116
     2.019
     2.604
     2.153
     2.446
     2.459
     2.759
     2.783
     1.651
     2.531
     2.527
     2.293
     2.517
     2.517
     2.671
     2.654
     2.519
     2.687
     2.711
     2.821
     2.726
     2.506
     2.700
     2.370
     2.881
     1.869
     2.613
     2.616
     2.524
     2.852
     2.599
     2.683
     2.797
     2.697
     2.679
     2.467
     2.525
     2.183
     1.877
     2.893
     2.926
     2.418
     2.443
     2.905
     2.690
     2.372
     2.042
     2.154
     2.263
     2.775
     2.439
     2.277
     2.262
     2.375
     2.383
     2.379
     3.095
     2.406
     2.555
     2.680
     2.458
     2.465
     2.559
     2.430
     2.418
     3.031
     2.953
     2.788
     2.924
     2.767
     2.504
     2.354
     2.474
     2.211
     2.862
     2.699
     2.506
     2.877
     2.377
     2.626
     2.109
     2.622
     2.495
     2.656
     2.703
     2.725
     2.879
     2.596
     2.492
     2.491
     2.351
     2.565
     2.505
     2.956
     2.520
     2.442
     2.614
     2.506
     2.967
     2.039
     2.659
     2.557
     2.691
     2.576
     2.119
     2.743
     2.613
     2.904
     2.695
     2.691
     2.849
     2.430
     2.533
     2.615
     2.714
     2.445
     2.366
     2.332
     2.853
     2.427
     2.509
     2.991
     2.373
     2.693
     2.291
     2.875
     2.893
     2.779
     2.537
     2.567
     2.297
     2.431
     2.411
     2.644
     2.593
     2.991
     2.537
     2.750
     1.547
     2.941
     3.035
     2.040
     2.585
     2.414
     2.786
     2.676
     2.937
     2.392
     2.738
     3.039
     2.451
     2.626
     2.542
     2.628
     2.729
     2.532
     2.357
     2.569
     3.139
     1.799
     2.199
     2.536
     2.122
     2.606
     2.535
     2.512
     2.858
     2.197
     2.843
     2.331
     2.579
     2.606
     2.306
     1.783
     2.504
     3.015
     2.686
     2.558
     2.679
     2.473
     2.357
     2.491
     2.581
     2.478
     2.465
     2.842
     2.247
     2.301
     2.445
     2.270
     2.797
     2.664
     2.844
     2.579
     2.349
     2.470
     2.576
     2.899
     2.747
     2.160
     1.695
     1.887
     2.454
     2.579
     2.342
     2.315
     2.258
     2.499
     2.077
     2.044
     2.727
     2.332
     2.761
     2.578
     2.167
     2.490
     2.830
     2.660
     2.388
     2.816
     2.786
     2.546
     2.818
     2.576
     2.958
     2.789
     2.735
     2.821
     2.595
     2.519
     2.442
     2.476
     1.830
     2.481
     3.121
     2.581
     3.010
     2.615
     1.785
     2.339
     2.530
     2.793
     2.230
     2.967
     2.733
     2.701
     2.466
     2.483
     2.435
     2.686
     2.154
     2.044
     2.942
     1.886
     1.992
     2.664
     2.688
     2.350
     2.400
     2.334
     2.560
     2.890
     2.694
     2.578
     2.642
     2.515
     2.984
     2.366
     2.397
     2.497
     2.974
     2.952
     2.788
     1.566
     2.616
     2.330
     2.023
     2.589
     2.564
     2.506
     2.690
     2.716
     2.574
     2.656
     2.555
     2.707
     2.368
     3.089
     2.741
     2.539
     2.930
     2.083
     2.534
     2.265
     2.966
     1.860
     2.543
     2.486
     2.264
     2.502
     2.636
     2.640
     2.652
     2.509
     2.535
     2.662
     2.750
     2.696
     2.676
     2.431
     2.702
     2.479
     2.615
     2.629
     2.548
     2.568
     2.501
     2.510
     3.044
     2.822
     3.141
     2.712
     2.673
     2.722
     2.744
     2.352
     2.467
     2.522
     2.631
     2.772
     2.768
     2.627
     1.800
     2.854
     3.199
     1.933
     2.879
     2.806
     3.026
     2.650
     3.059
     2.520
     2.621
     2.578
     2.546
     2.561
     2.347
     2.612
     2.691
     3.043
     2.503
     2.875
     2.808
     2.979
     2.368
     2.070
     2.337
     2.503
     2.438
     2.737
     2.402
     2.853
     2.550
     3.064
     2.848
     2.928
     2.373
     1.967
     1.553
     3.033
     2.676
     2.627
     1.310
     2.751
     2.458
     2.561
     2.394
     2.452
     2.513
     2.809
     2.504
     2.407
     2.272
     2.524
     2.537
     2.540
     2.973
     2.456
     2.816
     3.142
     2.468
     2.531
     2.595
     2.530
     2.380
     2.535
     2.479
     2.454
     1.467
     2.672
     2.415
     2.554
     2.654
     2.772
     2.614
     2.974
     2.684
     3.114
     2.480
     2.497
     2.597
     2.969
     2.145
     2.793
     3.139
     2.793
     2.646
     2.730
     2.290
     1.728
     2.667
     1.847
     2.468
     3.040
     2.805
     2.520
     2.562
     2.558
     2.656
     2.345
     2.354
     2.780
     2.833
     1.876
     2.453
     2.531
     2.808
     2.493
     2.580
     2.516
     2.496
     2.106
     2.555
     2.762
     2.122
     3.038
     2.577
     2.855
     2.674
     2.477
     2.638
     2.682
     2.474
     2.604
     2.446
     2.597
     2.766
     2.105
     1.538
     2.468
     1.997
     2.404
     2.635
     2.724
     2.033
     2.233
     2.531
     2.478
     2.420
     2.380
     2.356
     3.086
     2.957
     2.649
     2.511
     2.617
     1.833
     3.092
     2.815
     2.890
     2.891
     2.848
     2.677
     2.580
     2.770
     2.289
     2.564
     1.910
     2.577
     2.428
     2.726
     1.646
     3.016
     2.793
     2.325
     2.685
     2.897
     2.814
     2.559
     2.473
     1.472
     2.552
     2.508
     2.416
     2.828
     3.059
     2.894
     2.146
     2.504
     2.733
     2.663
     2.513
     2.345
     2.573
     2.513
     2.750
     2.885
     1.930
     2.118
     2.420
     2.819
     2.355
     2.697
     3.055
     2.860
     2.578
     2.817
     2.589
     2.288
     2.894
     2.708
     1.560
     2.680
     2.288
     3.008
     2.253
     2.389
     1.845
     2.539
     2.431
     2.626
     1.359
     2.731
     2.471
     2.760
     1.869
     1.548
     2.455
     2.517
     2.557
     2.210
     3.016
     2.392
     2.751
     1.949
     2.561
     2.688
     2.478
     2.473
     2.419
     2.627
     2.702
     2.380
     2.671
     1.881
     2.329
     3.036
     2.399
     2.558
     2.294
     1.911
     2.701
     2.526
     2.389
     2.580
     2.314
     2.645
     2.670
     2.495
     2.625
     2.836
     2.544
     2.687
     2.422
     2.911
     2.757
     2.651
     2.921
     2.884
     2.743
     2.630
     2.453
     2.586
     2.569
     2.670
     2.692
     2.256
     2.913
     2.284
     2.704
     2.738
     2.442
     1.929
     2.639
     2.570
     2.804
     2.574
     2.051
     2.801
     2.992
     2.460
     2.686
     2.785
     2.731
     2.345
     1.594
     2.773
     2.340
     1.632
     3.116
     2.263
     2.793
     2.157
     3.013
     2.199
     2.633
     2.519
     2.573
     2.472
     3.012
     3.034
     2.683
     2.431
     2.709
     2.808
     2.616
     2.550
     2.694
     2.581
     1.979
     2.846
     2.543
     2.631
     2.719
     2.926
     2.737
     2.732
     1.916
     1.863
     2.784
     2.534
     2.836
     2.470
     2.364
     1.940
     2.644
     2.558
     2.783
     2.664
     2.712
     2.899
     2.663
     2.438
     2.721
     2.423
     2.994
     2.622
     3.121
     1.444
     2.424
     2.190
     2.521
     2.694
     2.266
     2.108
     2.693
     2.723
     2.693
     2.754
     2.574
     2.590
     2.570
     2.412
     2.908
     1.918
     2.808
     2.348
     2.312
     2.545
     2.634
     2.243
     2.794
     2.438
     2.362
     2.724
     2.862
     1.792
     2.706
     2.995
     2.799
     2.428
     1.387
     2.806
     2.488
     2.711
     2.822
     2.921
     2.721
     2.712
     2.195
     2.372
     2.872
     2.554
     2.956
     2.686
     2.535
     2.593
     2.916
     2.481
     2.658
     2.664
     2.897
     2.851
     2.531
     2.416
     2.897
     2.581
     2.761
     1.816
     2.301
     2.552
     2.566
     2.640
     2.319
     2.024
     2.880
     2.870
     2.313
     2.712
     2.446
     2.606
     2.544
     2.868
     2.308
     2.649
     2.835
     2.661
     2.880
     2.746
     2.412
     2.570
     3.190
     2.311
     2.575
     2.517
     2.321
     2.313
     2.079
     2.718
     2.853
     2.455
     2.678
     2.721
     2.450
     3.006
     2.413
     2.782
     2.880
     2.747
     2.098
     2.600
     2.730
     1.951
     2.494
     2.481
     2.937
     2.751
     2.323
     2.322
     2.592
     2.678
     2.507
     2.937
     2.827
     2.581
     2.673
     2.618
     2.633
     2.619
     2.360
     3.093
     2.536
     2.688
     2.691
     2.698
     2.691
     3.045
     2.857
     2.428
     2.668
     2.697
     2.843
     2.532
     2.448
     2.779
     3.002
     2.697
     2.780
     2.734
     2.604
     2.500
     2.945
     2.735
     2.859
     2.547
     2.110
     3.028
     2.014
     1.907
     2.747
     1.503
     2.656
     2.151
     2.800
     2.121
     2.446
     2.600
     2.161
     2.629
     2.653
     2.173
     2.265
     2.573
     2.561
     3.177
     2.472
     3.045
     2.808
     2.528
     2.998
     3.027
     2.087
     2.490
     2.342
     2.553
     2.622
     2.819
     1.999
     1.712
     2.366
     2.508
     2.472
     2.687
     2.423
     2.734
     2.357
     2.666
     2.836
     2.211
     1.426
     2.561
     2.623
     2.552
     2.568
     2.479
     2.772
     2.123
     2.319
     2.442
     2.757
     2.614
     1.933
     2.545
     2.708
     2.885
     2.507
     2.608
     2.315
     3.065
     2.621
     2.890
     2.847
     3.018
     2.893
     2.523
     2.623
     2.013
     2.671
     3.081
     2.636
     2.423
     2.717
     3.050
     2.813
     2.644
     3.004
     2.556
     2.425
     2.525
     2.692
     3.056
     2.651
     2.507
     2.204
     2.830
     2.827
     2.675
     2.684
     2.513
     3.034
     2.918
     2.297
     2.571
     2.532
     2.314
     2.429
     2.369
     2.046
     2.590
     2.732
     2.872
     2.621
     2.519
     2.142
     2.439
     2.856
     2.554
     2.608
     2.742
     2.285
     2.684
     2.253
     2.537
     2.614
     2.074
     2.702
     2.206
     2.057
     2.769
     2.644
     2.638
     2.452
     2.586
     2.656
     2.720
     2.603
     2.897
     2.535
     2.647
     3.065
     2.899
     2.530
     2.442
     2.798
     2.329
     2.804
     2.481
     2.610
     1.844
     1.812
     2.579
     3.035
     2.720
     2.840
     2.462
     2.499
     2.440
     2.628
     2.316
     2.570
     3.139
     2.140
     2.793
     2.809
     1.600
     2.370
     2.559
     2.584
     2.641
     2.444
     2.449
     2.878
     2.625
     2.799
     1.851
     2.578
     2.350
     1.917
     2.401
     2.424
     2.824
     2.527
     2.626
     2.723
     2.495
     2.459
     3.084
     2.839
     2.841
     2.573
     2.331
     2.653
     2.586
     2.277
     3.067
     2.066
     2.949
     2.986
     2.450
     3.098
     2.197
     2.670
     2.631
     2.570
     2.677
     2.637
     2.666
     1.762
     2.034
     2.744
     2.825
     2.431
     2.683
     2.386
     1.935
     2.801
     2.799
     2.558
     2.712
     2.637
     2.643
     2.615
     2.022
     2.682
     1.663
     2.907
     2.732
     2.290
     2.337
     2.777
     1.830
     2.306
     2.646
     2.172
     2.841
     2.660
     2.836
     2.606
     2.410
     2.650
     1.990
     2.464
     2.483
     2.336
     2.497
     2.600
     2.540
     2.032
     2.925
     2.386
     2.488
     2.630
     2.684
     2.340
     2.340
     2.601
     2.878
     2.588
     2.997
     3.164
     2.471
     2.069
     2.462
     2.137
     2.414
     2.208
     2.634
     2.431
     2.678
     1.900
     2.571
     2.788
     2.449
     2.479
     2.819
     2.412
     2.102
     2.453
     3.003
     2.523
     2.644
     2.504
     2.525
     2.663
     2.423
     2.034
     2.726
     2.061
     2.624
     2.785
     2.698
     2.540
     2.660
     2.380
     2.486
     2.363
     2.752
     2.336
     3.036
     2.528
     2.253
     2.242
     3.032
     3.026
     2.487
     2.256
     2.654
     2.613
     2.629
     2.040
     3.020
     2.550
     2.696
     2.797
     2.757
     1.525
     2.691
     2.699
     2.818
     2.541
     2.513
     3.158
     2.730
     2.505
     2.379
     1.736
     2.668
     2.842
     2.620
     2.255
     2.414
     2.795
     2.468
     2.510
     2.685
     2.255
     1.509
     2.641
     2.513
     2.266
     2.683
     2.517
     2.735
     2.671
     2.769
     2.449
     2.023
     2.637
     2.816
     2.507
     2.890
     2.627
     2.631
     3.136
     2.456
     2.633
     1.877
     1.993
     2.816
     3.073
     2.257
     2.311
     2.283
     2.371
     2.500
     2.771
     2.809
     1.543
     2.547
     2.374
     2.692
     2.468
     2.023
     2.059
     2.538
     3.054
     2.472
     2.398
     3.092
     2.634
     2.581
     1.699
     2.564
     2.754
     2.497
     2.002
     2.431
     2.632
     2.871
     2.153
     2.841
     2.862
     2.642
     2.396
     2.346
     2.690
     2.790
     2.491
     2.420
     2.617
     2.770
     2.399
     2.408
     2.944
     2.872
     2.877
     2.512
     1.682
     2.600
     2.480
     2.570
     2.330
     2.862
     2.404
     2.323
     2.002
     2.490
     2.650
     2.916
     2.777
     2.650
     2.592
     2.556
     2.793
     2.115
     2.473
     1.917
     2.494
     2.707
     2.972
     2.459
     2.072
     2.061
     2.081
     2.477
     2.709
     2.608
     2.435
     2.378
     1.530
     2.185
     2.625
     2.621
     2.985
     2.884
     2.339
     2.408
     2.745
     2.556
     2.663
     2.611
     2.797
     2.643
     2.554
     2.666
     2.459
     2.334
     1.824
     2.719
     2.813
     2.533
     2.508
     2.732
     2.770
     2.597
     2.539
     2.870
     1.914
     2.546
     2.788
     2.169
     2.588
     2.387
     2.996
     2.935
     2.695
     2.589
     2.567
     2.530
     2.347
     2.488
     2.373
     2.550
     2.721
     2.364
     1.806
     2.305
     2.410
     2.613
     2.297
     2.393
     2.404
     2.736
     1.848
     2.719
     2.653
     2.439
     2.386
     2.325
     3.020
     2.522
     2.335
     3.004
     3.053
     2.988
     2.947
     2.449
     2.754
     2.609
     2.526
     2.552
     2.492
     2.421
     2.635
     2.295
     2.546
     2.758
     2.399
     2.477
     2.464
     2.251
     2.551
     2.566
     2.658
     2.567
     2.524
     2.734
     2.707
     3.055
     2.529
     2.584
     1.959
     2.598
     1.993
     2.513
     2.705
     2.823
     3.048
     2.645
     2.401
     2.342
     3.034
     2.614
     2.777
     2.950
     2.620
     2.356
     2.776
     2.805
     2.448
     2.655
     2.182
     2.140
     2.402
     2.610
     2.207
     2.440
     2.660
     2.839
     2.837
     2.570
     2.545
     2.594
     2.686
     2.568
     2.594
     2.703
     2.588
     2.422
     2.865
     2.397
     2.427
     2.149
     2.969
     2.449
     2.441
     2.525
     2.723
     2.759
     2.090
     3.044
     2.011
     2.613
     2.562
     2.424
     2.829
     1.741
     2.631
     2.895
     2.997
     2.813
     2.349
     2.568
     2.260
     2.584
     2.099
     2.778
     2.795
     2.819
     2.557
     2.493
     3.038
     3.057
     2.814
     1.733
     2.727
     2.470
     2.598
     2.998
     2.502
     2.268
     2.574
     2.403
     2.560
     2.775
     2.281
     2.863
     2.448
     1.947
     3.075
     2.413
     2.523
     2.171
     2.805
     2.767
     2.722
     2.150
     2.870
     2.301
     2.713
     2.955
     2.485
     2.600
     2.631
     2.067
     2.583
     2.410
     2.633
     2.606
     1.785
     2.952
     2.506
     2.785
     2.514
     2.942
     2.488
     2.738
     1.958
     2.378
     2.989
     1.487
     2.819
     2.479
     2.742
     2.623
     2.559
     2.182
     2.956
     3.082
     2.640
     3.016
     2.500
     2.447
     2.481
     2.469
     3.066
     2.504
     2.142
     2.006
     2.449
     2.878
     2.717
     2.816
     2.545
     2.297
     2.387
     1.931
     1.837
     2.466
     2.284
     2.404
     2.593
     2.529
     1.792
     2.868
     2.834
     2.636
     1.617
     2.239
     2.654
     1.925
     2.828
     2.539
     1.986
     2.466
     2.565
     2.802
     2.478
     2.691
     3.020
     2.479
     3.001
     2.580
     2.489
     2.993
     2.381
     1.744
     2.690
     2.858
     1.508
     2.477
     1.627
     2.636
     2.292
     2.622
     2.602
     2.575
     2.993
     1.792
     2.415
     2.771
     2.191
     2.899
     2.461
     2.523
     2.380
     2.823
     2.815
     2.570
     2.481
     3.123
     3.158
     2.498
     2.495
     2.308
     2.639
     2.355
     2.737
     2.787
     2.810
     2.007
     2.939
     2.646
     2.535
     2.576
     2.611
     2.774
     2.722
     2.637
     2.333
     2.505
     2.562
     2.756
     2.727
     2.532
     2.328
     2.585
     3.071
     2.846
     1.936
     2.382
     2.483
     2.175
     2.373
     2.014
     2.750
     2.548
     1.903
     2.495
     2.221
     2.488
     2.682
     2.576
     2.669
     2.484
     2.582
     2.736
     2.759
     2.537
     2.683
     2.477
     2.296
     2.400
     2.617
     2.202
     2.669
     2.610
     2.937
     2.859
     1.928
     2.220
     2.745
     2.598
     1.741
     2.668
     2.312
     2.586
     1.812
     1.810
     2.884
     2.638
     2.263
     2.485
     2.458
     2.242
     2.864
     2.840
     2.007
     2.266
     2.868
     2.776
     2.253
     1.741
     1.938
     2.677
     2.521
     2.529
     2.681
     2.817
     1.896
     2.689
     3.122
     2.176
     2.470
     2.479
     2.885
     2.375
     2.357
     2.565
     3.013
     3.109
     2.522
     2.750
     2.393
     2.444
     2.374
     2.381
     2.384
     2.765
     2.662
     2.646
     2.588
     2.470
     2.830
     2.778
     2.541
     2.520
     2.818
     2.279
     2.463
     2.509
     1.805
     2.335
     2.517
     2.014
     2.809
     2.498
     2.764
     2.363
     2.890
     2.658
     2.729
     2.525
     2.677
     2.561
     2.584
     2.775
     2.707
     2.476
     2.377
     2.648
     2.526
     2.338
     2.672
     2.794
     2.842
     2.500
     2.550
     2.204
     2.424
     2.624
     2.320
     2.683
     2.362
     2.847
     2.867
     2.865
     2.587
     2.840
     2.813
     2.375
     2.981
     2.678
     2.337
     2.933
     2.499
     2.711
     2.280
     2.440
     2.112
     2.969
     2.971
     2.544
     2.189
     2.015
     2.368
     2.984
     2.622
     2.746
     2.573
     2.771
     2.649
     2.809
     2.087
     2.769
     2.690
     2.572
     2.577
     2.394
     2.351
     2.404
     2.693
     2.175
     2.444
     2.664
     2.563
     2.481
     3.011
     2.418
     2.416
     2.867
     1.677
     2.225
     3.020
     2.073
     2.294
     2.352
     2.500
     2.870
     2.035
     2.399
     2.406
     2.478
     2.585
     2.206
     2.396
     2.279
     2.847
     2.881
     2.826
     2.131
     2.673
     3.119
     2.315
     2.566
     2.551
     2.807
     2.380
     2.576
     2.813
     2.572
     2.445
     2.192
     2.584
     2.322
     2.534
     2.728
     2.191
     2.681
     2.552
     2.527
     1.520
     2.702
     2.493
     2.495
     2.642
     2.679
     2.697
     2.261
     2.350
     3.085
     2.678
     2.046
     2.567
     2.300
     2.121
     2.623
     2.455
     2.669
     2.566
     2.891
     2.774
     2.493
     2.536
     2.303
     2.575
     2.361
     2.912
     2.868
     2.552
     1.899
     2.563
     2.462
     1.853
     2.489
     2.491
     2.902
     2.190
     1.377
     2.743
     2.488
     2.917
     2.652
     1.454
     1.991
     2.528
     2.677
     2.708
     2.440
     1.639
     2.832
     1.592
     2.694
     2.537
     2.371
     2.823
     2.593
     2.560
     2.537
     1.917
     2.287
     2.374
     2.617
     2.547
     2.892
     2.213
     2.468
     1.927
     2.626
     2.935
     2.488
     2.380
     2.432
     2.812
     2.502
     2.261
     2.784
     1.741
     1.501
     1.592
     2.480
     2.792
     1.607
     2.729
     2.098
     2.729
     3.071
     2.608
     2.658
     2.127
     2.455
     2.673
     2.804
     2.414
     2.623
     2.431
     2.825
     2.252
     1.438
     2.475
     3.059
     2.438
     2.898
     2.374
     2.479
     2.659
     2.056
     2.741
     2.579
     2.578
     2.536
     2.169
     2.709
     1.840
     1.968
     2.327
     3.115
     2.438
     2.533
     2.581
     2.306
     1.934
     2.609
     2.842
     2.750
     2.543
     2.270
     2.674
     1.587
     2.495
     2.861
     2.478
     2.488
     1.901
     2.583
     2.555
     2.708
     2.539
     2.479
     2.442
     2.537
     2.119
     2.711
     2.680
     2.941
     2.943
     2.993
     2.480
     2.387
     2.522
     2.613
     2.367
     3.124
     2.875
     2.587
     2.612
     2.909
     2.840
     2.380
     3.034
     2.833
     2.717
     2.717
     2.480
     2.675
     2.529
     2.736
     2.602
     2.596
     2.868
     2.709
     2.707
     3.010
     2.034
     1.427
     2.050
     2.811
     2.494
     2.889
     2.557
     2.716
     2.374
     2.921
     2.533
     2.351
     2.389
     2.950
     2.771
     2.463
     2.887
     2.899
     2.450
     1.631
     2.405
     2.725
     2.468
     3.120
     2.889
     2.741
     2.820
     1.816
     2.478
     1.883
     2.608
     3.051
     2.178
     2.670
     2.592
     2.494
     2.828
     2.591
     2.794
     2.572
     2.865
     2.633
     2.634
     2.746
     2.610
     2.591
     2.604
     2.639
     2.580
     2.540
     2.616
     1.866
     2.297
     2.596
     2.135
     3.067
     2.261
     2.574
     2.268
     2.742
     2.728
     2.006
     2.698
     2.838
     2.310
     2.462
     2.741
     2.484
     2.981
     3.158
     1.971
     2.316
     2.686
     2.914
     2.588
     2.633
     2.598
     2.935
     3.057
     2.336
     2.493
     2.590
     2.550
     2.694
     2.950
     2.207
     2.668
     2.810
     2.706
     1.774
     3.130
     2.708
     2.616
     2.488
     2.406
     1.534
     2.764
     2.532
     1.513
     2.359
     2.745
     2.466
     2.463
     2.688
     2.935
     2.415
     2.760
     2.711
     2.522
     3.017
     1.771
     2.074
     2.707
     2.449
     2.641
     2.857
     2.680
     2.737
     2.457
     2.467
     3.072
     2.524
     2.375
     2.393
     2.543
     2.565
     2.387
     2.452
     2.473
     2.474
     2.588
     2.898
     2.091
     2.170
     3.105
     2.934
     2.490
     2.437
     2.425
     2.725
     2.512
     2.700
     2.809
     2.609
     3.103
     2.703
     2.694
     2.824
     2.542
     2.557
     2.415
     2.481
     2.497
     2.407
     2.349
     2.553
     2.439
     2.994
     2.935
     2.596
     2.629
     2.940
     2.210
     2.494
     1.656
     1.757
     1.613
     3.128
     3.086
     3.102
     2.876
     2.140
     2.001
     2.952
     2.786
     2.592
     2.530
     2.646
     2.718
     2.825
     2.442
     2.265
     2.551
     2.438
     2.175
     2.761
     2.687
     2.697
     2.520
     3.018
     2.112
     2.854
     2.829
     1.770
     2.467
     2.887
     2.646
     1.701
     2.858
     2.555
     2.635
     2.376
     2.208
     2.303
     2.419
     2.352
     2.705
     2.801
     2.938
     2.284
     2.399
     2.590
     2.433
     2.541
     1.868
     2.626
     2.434
     2.449
     2.947
     2.921
     2.540
     2.931
     2.529
     2.373
     2.584
     2.898
     2.704
     2.084
     2.349
     2.648
     2.622
     2.441
     2.307
     2.418
     2.702
     2.526
     2.625
     2.863
     2.249
     2.567
     2.906
     2.448
     2.769
     2.289
     3.000
     2.721
     2.857
     2.405
     2.513
     2.380
     2.925
     2.179
     2.440
     2.585
     2.787
     2.446
     2.642
     2.089
     2.772
     2.900
     2.861
     2.475
     2.691
     2.699
     2.933
     2.489
     3.030
     2.567
     2.318
     2.488
     2.760
     2.182
     2.297
     2.855
     1.775
     2.617
     2.456
     2.295
     1.933
     2.780
     2.696
     2.467
     2.645
     2.565
     2.308
     2.418
     1.991
     2.744
     2.539
     2.330
     2.596
     1.610
     2.614
     2.490
     2.528
     2.544
     2.652
     2.448
     2.702
     2.907
     2.150
     2.710
     2.730
     2.754
     2.606
     2.656
     2.823
     2.681
     2.344
     2.353
     2.672
     2.047
     2.488
     2.429
     2.630
     2.647
     1.946
     2.438
     3.071
     2.711
     2.310
     2.744
     3.063
     2.514
     2.611
     2.050
     2.737
     2.793
     2.082
     2.554
     2.505
     2.660
     2.538
     2.729
     2.849
     2.631
     2.592
     2.369
     2.600
     2.713
     2.597
     2.832
     2.686
     3.000
     2.615
     2.894
     2.593
     2.593
     2.761
     2.229
     2.779
     2.695
     2.769
     2.996
     1.569
     2.926
     2.339
     2.506
     2.881
     1.398
     2.332
     2.845
     2.634
     2.397
     2.649
     2.289
     2.712
     2.913
     2.704
     2.503
     2.516
     2.557
     2.506
     2.693
     2.017
     2.405
     2.348
     2.280
     2.773
     2.563
     2.514
     2.755
     2.773
     2.774
     2.520
     2.027
     2.709
     2.206
     2.520
     2.551
     2.667
     2.588
     2.553
     2.340
     2.544
     2.519
     2.465
     3.020
     2.837
     2.452
     2.157
     2.625
     2.848
     3.142
     2.767
     2.031
     2.221
     2.578
     2.303
     2.648
     2.128
     2.321
     2.759
     2.945
     2.675
     2.490
     2.361
     2.759
     2.323
     2.751
     2.774
     2.644
     2.671
     2.670
     2.263
     2.534
     2.721
     2.906
     2.799
     2.599
     3.066
     1.475
     3.066
     2.814
     2.346
     2.694
     2.199
     2.827
     2.614
     2.376
     2.465
     2.617
     2.609
     2.361
     3.148
     2.952
     2.516
     1.819
     2.545
     2.700
     2.733
     2.470
     2.629
     2.614
     2.688
     2.621
     2.680
     3.047
     2.477
     2.779
     2.812
     2.709
     2.577
     2.778
     3.117
     2.974
     2.731
     2.570
     2.317
     1.816
     2.481
     2.393
     2.526
     2.486
     2.118
     2.519
     2.604
     2.522
     3.015
     2.674
     2.471
     2.412
     2.664
     1.641
     2.495
     3.004
     2.488
     2.805
     2.621
     3.203
     2.871
     2.831
     2.644
     1.326
     2.230
     2.315
     2.506
     2.972
     2.713
     2.523
     2.628
     2.480
     1.915
     2.708
     2.869
     2.213
     2.569
     2.540
     2.523
     3.026
     2.097
     2.516
     2.865
     3.050
     2.270
     2.465
     2.042
     2.587
     2.815
     1.807
     2.022
     3.014
     2.377
     2.485
     2.593
     2.403
     2.742
     2.378
     2.575
     3.123
     2.951
     2.377
     2.377
     2.709
     2.547
     2.502
     2.857
     2.830
     2.659
     2.905
     2.950
     2.633
     1.828
     2.009
     2.669
     2.674
     2.597
     2.926
     2.570
     2.728
     2.220
     2.347
     2.547
     2.589
     1.919
     2.720
     2.439
     2.470
     1.718
     2.463
     2.622
     1.894
     2.582
     2.358
     2.423
     2.782
     2.680
     3.145
     2.608
     2.559
     1.961
     2.721
     2.543
     2.415
     2.657
     2.797
     2.486
     2.555
     2.849
     2.421
     2.829
     2.702
     2.448
     2.793
     2.189
     2.499
     2.594
     3.003
     3.139
     2.908
     2.381
     1.804
     2.598
     2.701
     2.757
     1.990
     2.640
     2.573
     3.033
     2.776
     2.473
     2.240
     2.775
     2.572
     2.834
     2.623
     2.246
     2.774
     2.542
     2.829
     2.255
     2.692
     2.492
     2.563
     2.484
     3.036
     1.963
     2.909
     2.505
     2.243
     2.302
     2.751
     3.054
     2.558
     2.497
     2.783
     2.584
     2.576
     2.637
     2.957
     2.717
     2.665
     2.753
     2.378
     2.701
     2.732
     2.560
     2.606
     2.859
     2.508
     2.487
     2.715
     2.455
     2.654
     2.642
     2.552
     2.071
     2.667
     1.928
     2.523
     2.637
     2.666
     2.618
     2.453
     2.614
     2.977
     2.625
     2.585
     1.834
     2.138
     2.494
     2.787
     2.959
     2.659
     2.576
     2.708
     2.565
     2.334
     2.410
     2.940
     2.007
     2.878
     2.609
     2.550
     2.453
     2.583
     2.490
     2.947
     2.053
     2.980
     2.855
     2.739
     2.880
     2.552
     2.631
     2.629
     2.494
     2.505
     2.518
     2.381
     2.823
     1.972
     2.244
     2.630
     2.545
     2.612
     2.658
     2.607
     2.617
     2.658
     2.707
     1.426
     2.916
     2.670
     2.586
     2.402
     2.456
     2.593
     2.413
     2.671
     2.712
     2.748
     2.421
     2.619
     2.729
     2.956
     2.774
     2.767
     2.424
     2.632
     1.931
     2.449
     2.759
     2.642
     2.477
     2.707
     2.578
     2.742
     1.524
     2.059
     2.071
     2.808
     2.528
     2.671
     2.850
     2.196
     2.826
     2.972
     2.553
     2.248
     2.869
     2.778
     2.543
     2.907
     2.298
     2.338
     2.759
     2.682
     2.714
     2.589
     2.560
     2.914
     2.570
     2.481
     2.619
     2.361
     2.376
     2.256
     2.068
     2.799
     2.232
     2.715
     2.963
     1.655
     2.654
     2.685
     2.902
     3.016
     3.103
     2.785
     2.487
     2.072
     2.562
     2.840
     2.726
     2.879
     2.831
     2.653
     1.871
     2.578
     2.606
     2.441
     2.914
     2.408
     2.129
     2.613
     2.765
     2.957
     1.907
     2.478
     2.250
     2.469
     2.470
     2.747
     2.757
     2.592
     2.622
     2.968
     2.392
     2.741
     2.797
     2.666
     2.632
     2.212
     1.937
     2.391
     1.539
     2.531
     2.549
     2.228
     2.666
     2.613
     2.768
     2.525
     2.957
     2.408
     2.922
     2.305
     2.604
     2.588
     1.921
     2.479
     2.743
     2.645
     2.606
     2.564
     2.657
     2.554
     2.355
     2.637
     2.721
     2.586
     2.613
     2.886
     2.801
     2.581
     2.594
     2.881
     2.927
     2.546
     2.684
     2.564
     2.704
     2.479
     2.544
     2.473
     2.613
     2.278
     2.407
     2.405
     2.491
     1.714
     2.642
     2.293
     2.363
     2.599
     2.845
     2.725
     2.263
     2.838
     2.875
     2.650
     2.717
     2.854
     2.778
     2.194
     2.758
     2.654
     2.520
     2.393
     2.656
     2.298
     2.307
     2.617
     2.775
     2.627
     2.682
     2.846
     2.727
     2.565
     2.558
     2.641
     2.419
     3.082
     2.655
     2.460
     2.412
     2.378
     2.800
     2.711
     2.915
     2.542
     1.881
     2.574
     2.688
     2.810
     2.785
     2.296
     2.601
     2.282
     2.210
     1.902
     3.018
     2.494
     2.746
     2.777
     2.453
     2.370
     2.366
     2.490
     2.448
     2.724
     3.179
     2.041
     2.509
     2.553
     2.370
     2.914
     2.636
     2.778
     3.107
     2.989
     2.723
     2.512
     2.813
     1.544
     2.585
     2.774
     3.175
     3.043
     2.628
     2.517
     2.616
     2.645
     1.729
     2.823
     2.980
     2.455
     2.238
     2.546
     1.874
     2.260
     2.541
     2.631
     3.081
     1.582
     2.554
     2.680
     2.605
     2.346
     2.747
     1.709
     2.635
     1.986
     2.375
     2.606
     2.241
     2.707
     2.755
     3.074
     2.773
     2.066
     2.359
     2.509
     2.555
     3.150
     3.020
     2.952
     2.001
     3.037
     2.228
     2.609
     2.433
     2.829
     2.594
     2.516
     2.554
     2.503
     2.554
     2.761
     2.221
     3.118
     2.674
     2.450
     2.618
     2.610
     2.451
     3.011
     1.750
     2.756
     2.583
     2.607
     2.305
     2.835
     2.428
     2.502
     2.879
     1.635
     2.495
     2.745
     2.722
     2.432
     2.054
     2.275
     1.766
     2.412
     2.688
     2.642
     2.562
     2.471
     3.055
     2.579
     2.496
     2.802
     2.471
     2.137
     2.523
     1.625
     2.257
     2.587
     2.631
     2.652
     2.494
     2.630
     1.716
     2.470
     2.796
     2.489
     2.304
     2.890
     2.504
     2.695
     2.635
     3.097
     2.393
     2.518
     2.581
     2.549
     2.817
     2.665
     2.389
     2.464
     1.803
     2.579
     2.830
     2.611
     2.175
     2.453
     2.854
     2.299
     3.078
     2.265
     2.574
     2.683
     2.738
     2.512
     2.498
     2.668
     2.560
     2.740
     2.361
     2.449
     2.771
     2.274
     2.428
     2.792
     2.454
     1.814
     2.743
     3.119
     2.657
     2.051
     2.472
     2.349
     2.100
     2.479
     2.807
     2.675
     1.718
     2.590
     2.751
     2.462
     2.268
     2.610
     2.576
     2.605
     2.780
     2.424
     2.662
     2.684
     2.340
     2.331
     2.704
     1.951
     2.418
     2.388
     2.274
     2.770
     2.613
     2.788
     2.439
     2.519
     2.711
     2.672
     2.510
     2.521
     2.031
     2.671
     2.577
     2.544
     2.522
     2.217
     2.702
     2.677
     2.738
     2.367
     2.556
     2.966
     2.920
     1.725
     2.548
     2.592
     2.828
     2.708
     2.235
     2.619
     2.210
     2.637
     2.546
     2.238
     2.409
     2.740
     2.602
     2.363
     2.403
     2.702
     2.254
     2.113
     2.491
     2.160
     2.715
     2.589
     2.902
     2.390
     2.587
     2.518
     2.894
     2.857
     2.942
     2.522
     2.955
     2.836
     2.160
     2.566
     3.033
     2.981
     2.690
     2.859
     1.760
     2.258
     2.592
     2.197
     2.618
     2.849
     2.673
     1.859
     2.457
     3.050
     2.768
     3.071
     2.819
     2.617
     2.646
     2.262
     2.573
     2.614
     2.590
     2.907
     2.497
     2.457
     2.746
     2.453
     2.487
     1.576
     2.631
     2.626
     2.816
     2.462
     2.307
     2.289
     3.002
     2.501
     2.690
     2.515
     2.513
     2.587
     3.033
     2.240
     2.628
     2.503
     2.654
     2.575
     2.968
     2.260
     2.594
     2.319
     2.606
     2.745
     2.348
     2.484
     2.684
     1.282
     2.531
     2.111
     2.690
     2.333
     2.541
     2.250
     2.321
     2.460
     1.604
     2.317
     2.715
     2.843
     2.863
     3.104
     2.704
     2.511
     2.522
     2.016
     2.621
     2.451
     2.793
     2.954
     2.383
     2.587
     2.590
     2.949
     3.103
     2.816
     2.535
     2.522
     2.275
     2.481
     2.587
     2.720
     2.902
     2.754
     2.768
     1.970
     2.542
     2.640
     2.731
     2.519
     2.599
     2.510
     2.568
     2.496
     2.401
     2.289
     2.412
     2.588
     2.453
     2.525
     2.764
     2.358
     2.595
     3.086
     2.287
     2.087
     1.960
     2.613
     3.079
     2.515
     2.555
     2.532
     3.107
     2.833
     2.659
     2.515
     2.449
     2.577
     3.085
     2.893
     2.549
     2.607
     2.287
     2.344
     2.753
     2.813
     2.504
     2.480
     2.500
     2.454
     2.684
     2.321
     2.327
     2.455
     2.506
     3.150
     3.194
     2.592
     2.397
     2.409
     1.914
     2.686
     2.799
     3.038
     3.035
     2.353
     2.594
     2.555
     2.455
     2.670
     2.003
     2.320
     2.855
     2.614
     2.928
     2.355
     2.471
     2.611
     1.951
     2.172
     2.563
     2.083
     2.769
     1.774
     2.862
     2.286
     2.468
     2.611
     2.641
     2.414
     2.627
     2.721
     2.553
     2.541
     2.309
     2.613
     2.347
     2.545
     2.376
     2.501
     2.462
     2.212
     2.941
     2.536
     2.668
     2.429
     2.906
     2.667
     2.629
     2.627
     2.632
     3.125
     2.488
     2.010
     2.658
     1.771
     2.086
     2.350
     2.824
     2.633
     2.476
     2.590
     2.811
     2.272
     2.487
     2.428
     2.809
     2.095
     2.607
     2.497
     2.800
     2.257
     2.732
     2.703
     2.499
     2.641
     2.663
     2.689
     2.992
     2.721
     2.490
     2.551
     2.677
     2.587
     2.671
     2.253
     2.649
     2.656
     3.144
     1.568
     2.504
     2.619
     2.526
     2.517
     2.786
     2.160
     2.798
     2.556
     2.703
     2.830
     2.629
     2.344
     2.518
     2.535
     2.228
     2.265
     2.521
     2.785
     2.418
     2.232
     2.476
     1.958
     2.519
     2.742
     2.912
     2.763
     2.699
     2.457
     2.389
     2.441
     2.477
     2.454
     2.532
     2.791
     2.327
     2.515
     2.230
     2.760
     2.494
     2.643
     2.555
     2.415
     2.630
     2.590
     3.115
     3.056
     2.654
     1.921
     2.615
     2.826
     2.395
     2.891
     2.407
     2.875
     2.533
     2.421
     1.663
     2.993
     2.571
     2.820
     2.548
     2.540
     1.970
     2.483
     2.328
     2.284
     2.587
     2.612
     2.301
     2.767
     2.553
     2.833
     2.584
     2.522
     2.920
     2.512
     2.367
     2.641
     1.566
     2.688
     2.430
     2.276
     2.587
     2.164
     2.531
     2.522
     2.584
     2.582
     2.709
     2.325
     2.664
     2.836
     2.508
     2.927
     2.005
     2.209
     2.865
     3.005
     3.034
     2.643
     2.390
     2.636
     3.168
     2.438
     2.591
     2.818
     2.767
     2.454
     2.528
     2.579
     2.582
     2.356
     2.181
     2.996
     2.513
     2.651
     2.517
     2.666
     1.929
     2.544
     2.792
     2.305
     2.673
     2.942
     3.050
     2.613
     2.582
     2.309
     2.933
     2.045
     2.554
     2.383
     2.520
     2.601
     2.861
     2.572
     2.812
     1.994
     2.882
     2.139
     2.532
     2.554
     1.881
     2.962
     2.865
     2.036
     2.551
     2.572
     3.072
     3.100
     2.620
     3.026
     2.417
     2.565
     2.319
     2.699
     2.809
     2.666
     2.842
     2.710
     2.709
     2.854
     2.982
     2.311
     2.172
     2.380
     1.958
     2.538
     2.328
     2.508
     2.573
     2.619
     2.761
     2.499
     2.326
     2.620
     2.554
     2.975
     2.686
     1.689
     2.714
     2.568
     2.785
     2.965
     2.440
     1.710
     2.366
     2.562
     2.672
     3.111
     2.376
     2.015
     2.761
     2.927
     3.090
     2.841
     2.482
     2.452
     2.952
     2.581
     2.597
     2.560
     2.494
     2.801
     3.012
     1.980
     2.330
     2.266
     2.474
