     2.243
     2.429
     2.246
     2.236
     2.211
     2.176
     2.108
     2.047
     2.034
     2.027
     2.018
     2.037
     2.073
     2.083
     2.077
     2.068
     2.045
     2.028
     2.017
     2.024
     2.036
     2.061
     2.093
     2.116
     2.130
     2.138
     2.148
     2.163
     2.189
     2.212
     2.240
     2.256
     2.271
     2.270
     2.282
     2.276
     2.264
     2.239
     2.233
     2.230
     2.277
     2.294
     2.307
     2.334
     2.347
     2.389
     2.405
     2.410
     2.398
     2.378
     2.349
     2.310
     2.289
     2.246
     2.213
     2.169
     2.139
     2.095
     2.057
     2.027
     1.993
     1.969
     1.968
     1.986
     1.995
     2.012
     2.028
     2.041
     2.048
     2.035
     2.017
     2.006
     1.997
     1.984
     1.976
     1.992
     2.008
     2.033
     2.095
     2.152
     2.212
     2.242
     2.227
     2.231
     2.237
     2.232
     2.328
     2.405
     2.563
     2.660
     2.691
     2.691
     2.677
     2.648
     2.602
     2.578
     2.549
     2.522
     2.489
     2.451
     2.314
     2.193
     2.080
     2.019
     1.992
     1.975
     1.994
     2.107
     2.163
     2.247
     2.333
     2.441
     2.490
     2.486
     2.485
     2.507
     2.503
     2.522
     2.489
     2.491
     2.484
     2.475
     2.475
     2.464
     2.445
     2.395
     2.331
     2.279
     2.234
     2.213
     2.275
     2.393
     2.435
     2.447
     2.432
     2.394
     2.372
     2.382
     2.490
     2.529
     2.533
     2.547
     2.612
     2.677
     2.724
     2.762
     2.792
     2.799
     2.794
     2.786
     2.777
     2.755
     2.737
     2.696
     2.658
     2.651
     2.652
     2.657
     2.693
     2.717
     2.690
     2.647
     2.596
     2.529
     2.402
     2.336
     2.252
     2.259
     2.260
     2.259
     2.251
     2.257
     2.276
     2.291
     2.307
     2.322
     2.368
     2.375
     2.384
     2.435
     2.495
     2.579
     2.658
     2.738
     2.788
     2.800
     2.795
     2.782
     2.765
     2.758
     2.741
     2.721
     2.698
     2.674
     2.664
     2.649
     2.652
     2.654
     2.648
     2.628
     2.590
     2.549
     2.503
     2.464
     2.432
     2.391
     2.331
     2.245
     2.213
     2.286
     2.360
     2.404
     2.445
     2.493
     2.566
     2.644
     2.685
     2.703
     2.693
     2.658
     2.600
     2.485
     2.347
     2.105
     1.975
     2.128
     2.220
     2.343
     2.452
     2.543
     2.609
     2.673
     2.690
     2.694
     2.690
     2.686
     2.631
     2.572
     2.497
     2.382
     2.235
     2.102
     2.146
     2.296
     2.329
     2.326
     2.305
     2.301
     2.298
     2.303
     2.329
     2.350
     2.366
     2.366
     2.345
     2.325
     2.288
     2.227
     2.155
     2.087
     2.025
     2.002
     1.980
     1.969
     1.969
     1.964
     1.980
     2.019
     2.055
     2.079
     2.138
     2.178
     2.211
     2.230
     2.965
     2.355
     2.340
     2.719
     2.694
     2.442
     2.395
     2.114
     2.373
     2.441
     2.590
     2.811
     2.657
     2.278
     2.620
     2.653
     2.678
     2.672
     2.174
     2.125
     1.993
     2.622
     2.890
     2.238
     2.698
     2.436
     2.503
     1.949
     2.453
     2.706
     2.308
     2.550
     2.023
     2.143
     2.274
     1.982
     2.312
     2.117
     2.271
     2.598
     2.248
     1.605
     2.360
     2.156
     2.486
     2.571
     2.657
     2.598
     2.341
     2.387
     2.139
     2.363
     2.751
     2.704
     2.408
     2.717
     2.644
     2.603
     2.511
     2.572
     2.626
     2.629
     2.788
     2.739
     2.767
     1.772
     2.412
     2.680
     2.660
     2.228
     2.608
     1.258
     2.782
     2.130
     2.172
     2.727
     2.324
     2.739
     1.829
     2.302
     1.893
     2.078
     2.021
     2.405
     2.800
     2.092
     2.131
     2.986
     2.803
     2.007
     2.310
     2.645
     1.681
     2.193
     2.315
     2.563
     2.119
     2.099
     2.660
     2.393
     2.345
     2.199
     2.004
     2.443
     2.138
     2.150
     2.412
     2.395
     2.046
     2.269
     2.356
     2.589
     2.336
     2.545
     2.642
     2.474
     2.093
     2.040
     2.491
     2.773
     2.374
     2.544
     2.544
     2.559
     2.198
     2.243
     2.381
     2.349
     2.501
     2.147
     2.644
     2.443
     2.560
     2.627
     2.709
     1.950
     2.774
     2.503
     2.429
     2.467
     1.896
     2.725
     2.549
     2.302
     2.432
     2.683
     2.445
     2.044
     2.215
     2.057
     2.677
     2.122
     2.346
     2.409
     2.719
     2.170
     2.546
     2.118
     2.379
     2.775
     2.464
     2.395
     2.193
     2.292
     2.315
     2.333
     2.372
     2.185
     2.349
     2.731
     2.794
     2.631
     2.326
     2.358
     2.590
     2.321
     2.472
     2.129
     2.301
     2.150
     2.604
     2.123
     2.397
     2.797
     2.744
     2.479
     2.115
     2.506
     2.450
     2.190
     2.833
     2.437
     2.605
     2.706
     2.707
     2.561
     2.229
     2.449
     2.106
     2.689
     2.880
     2.603
     2.584
     2.772
     2.141
     2.130
     2.417
     2.850
     2.508
     2.721
     2.121
     2.926
     2.535
     2.434
     2.463
     2.236
     2.245
     2.420
     2.292
     1.776
     2.600
     2.144
     2.176
     2.776
     2.895
     2.370
     2.282
     2.581
     2.112
     2.097
     2.491
     1.889
     2.037
     2.681
     2.604
     2.471
     2.545
     2.672
     1.253
     2.057
     2.620
     2.543
     2.099
     2.580
     2.172
     2.013
     2.824
     2.105
     2.326
     2.553
     2.089
     2.514
     2.190
     2.350
     2.254
     2.738
     2.248
     2.254
     2.385
     2.728
     2.878
     2.446
     2.377
     2.614
     2.466
     1.878
     2.874
     2.568
     2.196
     2.130
     2.583
     2.740
     2.649
     2.522
     2.248
     1.897
     2.478
     2.742
     2.125
     2.603
     2.733
     2.026
     2.406
     2.133
     2.316
     2.564
     2.489
     2.530
     2.208
     2.521
     2.309
     2.713
     2.059
     2.679
     2.472
     2.564
     2.191
     2.421
     2.407
     2.587
     2.967
     2.366
     2.241
     2.712
     2.698
     2.640
     2.694
     2.728
     2.006
     2.441
     2.126
     2.974
     2.207
     2.593
     2.230
     2.305
     1.937
     2.393
     2.373
     2.065
     2.339
     2.613
     1.976
     2.264
     2.561
     2.558
     1.871
     2.141
     2.172
     2.443
     2.094
     2.089
     2.736
     2.389
     2.007
     2.104
     2.683
     2.655
     2.172
     2.550
     1.865
     2.065
     2.299
     2.298
     2.468
     2.664
     2.287
     2.122
     2.373
     2.218
     2.509
     2.807
     2.813
     2.579
     2.647
     2.237
     2.659
     2.310
     2.343
     2.834
     2.524
     2.363
     2.461
     2.123
     2.550
     2.706
     2.291
     2.345
     2.253
     2.418
     2.377
     2.342
     2.036
     2.447
     2.464
     2.698
     2.640
     2.136
     1.728
     2.771
     2.227
     2.489
     1.986
     2.646
     2.609
     2.601
     2.414
     2.420
     2.648
     2.228
     2.469
     2.361
     2.844
     2.806
     2.549
     2.496
     1.436
     2.621
     2.288
     2.492
     2.125
     2.705
     2.183
     1.918
     2.625
     2.390
     1.928
     2.076
     2.115
     1.939
     2.480
     2.084
     2.343
     2.697
     2.284
     2.604
     2.191
     1.979
     1.620
     2.815
     2.702
     2.487
     2.170
     2.391
     2.200
     2.751
     2.360
     2.252
     2.877
     2.418
     2.557
     2.283
     2.596
     2.750
     2.453
     2.137
     2.118
     2.491
     2.632
     2.794
     2.158
     2.434
     2.564
     2.506
     2.360
     2.116
     2.372
     2.555
     2.483
     2.386
     2.018
     2.090
     2.362
     2.484
     2.163
     2.418
     2.321
     2.638
     2.563
     2.434
     2.606
     2.386
     2.224
     2.432
     2.213
     2.294
     2.468
     2.507
     2.486
     2.479
     2.518
     2.122
     2.693
     2.766
     2.295
     2.205
     2.720
     2.484
     2.033
     2.183
     2.411
     1.766
     2.711
     2.290
     2.137
     2.074
     2.413
     2.591
     2.153
     2.726
     2.688
     2.452
     2.497
     2.375
     2.774
     2.363
     2.160
     2.125
     2.223
     2.567
     2.635
     2.726
     2.661
     2.310
     2.775
     2.578
     2.820
     2.437
     2.324
     2.355
     2.653
     2.438
     2.034
     2.217
     1.138
     2.762
     2.325
     2.595
     2.147
     2.261
     2.064
     2.238
     1.881
     2.415
     2.891
     2.084
     2.663
     2.430
     1.875
     2.440
     2.063
     2.099
     2.183
     2.138
     2.441
     2.213
     2.586
     2.722
     2.144
     2.800
     2.955
     2.670
     2.774
     2.224
     2.135
     2.133
     2.228
     2.274
     2.585
     2.129
     2.285
     2.610
     2.281
     2.553
     2.766
     2.528
     1.985
     2.827
     2.650
     2.199
     2.131
     2.623
     2.282
     2.670
     2.752
     2.459
     2.554
     2.568
     2.516
     1.913
     2.688
     1.696
     2.236
     2.416
     2.499
     2.059
     2.323
     2.527
     2.342
     2.430
     2.479
     2.582
     2.088
     2.419
     2.763
     2.782
     2.708
     2.142
     2.817
     2.589
     2.636
     1.993
     2.540
     2.142
     2.106
     2.720
     2.328
     2.546
     2.153
     2.749
     2.757
     2.494
     2.297
     2.555
     2.167
     1.955
     2.427
     2.189
     2.331
     2.328
     2.205
     1.988
     2.650
     2.420
     2.600
     2.157
     2.076
     2.277
     2.591
     2.318
     2.618
     2.783
     2.462
     2.072
     1.860
     2.621
     2.503
     1.967
     2.502
     2.441
     2.198
     2.121
     2.593
     2.590
     2.269
     1.974
     1.983
     2.824
     2.166
     2.473
     2.791
     2.705
     1.927
     2.431
     2.466
     2.886
     2.525
     2.355
     2.289
     2.736
     2.491
     2.787
     2.675
     2.717
     2.073
     2.576
     2.547
     2.469
     1.734
     2.644
     2.177
     2.445
     2.441
     2.631
     2.148
     2.388
     2.326
     2.294
     2.173
     2.691
     2.442
     2.753
     2.835
     2.813
     1.620
     2.779
     2.684
     2.499
     1.809
     2.604
     2.755
     2.482
     2.992
     2.733
     2.661
     2.217
     2.088
     2.217
     2.194
     2.694
     2.619
     2.437
     2.218
     2.706
     2.409
     2.889
     2.314
     2.451
     2.162
     2.202
     2.735
     2.319
     2.785
     2.731
     2.644
     2.554
     2.701
     2.686
     2.242
     2.386
     2.200
     2.485
     2.721
     2.665
     2.492
     2.500
     2.428
     2.424
     2.153
     2.204
     2.621
     2.449
     2.675
     2.189
     2.097
     2.700
     2.476
     2.726
     2.162
     2.623
     2.001
     2.627
     2.640
     2.164
     2.643
     2.260
     2.874
     2.706
     2.062
     2.729
     2.168
     2.183
     2.250
     2.672
     2.488
     2.160
     1.652
     2.640
     2.264
     2.358
     2.589
     2.586
     2.925
     2.606
     2.577
     2.597
     2.702
     2.534
     2.629
     2.295
     2.333
     2.116
     2.825
     2.243
     2.883
     2.563
     2.522
     2.217
     2.726
     2.361
     2.204
     2.418
     2.697
     2.111
     2.479
     2.232
     2.245
     2.232
     2.617
     2.751
     1.359
     2.782
     2.567
     2.076
     2.774
     2.443
     2.732
     2.700
     1.984
     2.562
     2.141
     1.581
     2.400
     1.952
     2.226
     2.343
     2.533
     2.120
     2.768
     2.944
     2.614
     2.228
     1.976
     2.674
     2.766
     2.051
     2.551
     2.201
     2.136
     2.379
     2.746
     2.378
     2.716
     2.272
     1.655
     2.323
     2.368
     2.382
     2.589
     2.407
     2.694
     2.927
     2.472
     1.443
     2.078
     2.233
     2.446
     2.455
     2.169
     2.277
     2.579
     2.455
     2.577
     2.562
     2.438
     2.431
     2.210
     2.841
     2.185
     2.602
     2.451
     2.077
     2.060
     2.451
     2.566
     2.996
     2.421
     2.172
     1.614
     2.553
     2.666
     1.793
     2.614
     2.754
     2.046
     2.617
     2.527
     2.388
     2.656
     2.504
     2.064
     1.943
     2.114
     2.877
     2.388
     2.106
     1.965
     2.159
     2.595
     2.307
     1.801
     2.805
     2.686
     2.239
     2.782
     2.594
     2.134
     2.485
     2.707
     2.515
     2.357
     2.137
     2.388
     2.230
     2.758
     2.587
     2.293
     1.886
     2.373
     2.150
     2.631
     2.630
     2.579
     2.665
     2.316
     2.222
     2.402
     2.114
     2.764
     2.159
     2.283
     2.393
     2.258
     2.248
     2.455
     2.438
     2.585
     2.171
     2.473
     1.964
     2.497
     2.566
     2.678
     2.212
     2.146
     2.088
     2.358
     2.349
     2.537
     2.138
     2.785
     2.458
     2.938
     2.142
     2.029
     2.214
     2.057
     2.281
     2.632
     2.518
     2.756
     2.535
     2.131
     2.109
     2.419
     2.553
     2.421
     2.201
     2.290
     2.693
     2.239
     2.139
     2.169
     2.461
     2.154
     2.545
     2.425
     2.053
     2.206
     2.726
     2.853
     2.239
     2.281
     2.341
     2.245
     2.127
     2.269
     2.699
     2.907
     2.238
     2.032
     2.393
     1.623
     2.493
     2.867
     2.143
     2.060
     2.595
     2.408
     2.655
     2.219
     2.541
     2.505
     2.469
     2.544
     2.663
     1.761
     2.216
     2.651
     2.799
     2.448
     2.317
     2.514
     2.657
     2.132
     1.586
     2.711
     2.270
     2.725
     2.441
     2.376
     2.847
     2.402
     2.428
     1.913
     2.609
     2.598
     2.693
     2.874
     2.592
     2.146
     2.053
     2.584
     2.359
     2.803
     2.586
     2.712
     1.579
     2.554
     2.311
     2.448
     2.353
     2.041
     2.040
     2.397
     2.409
     2.582
     2.656
     2.618
     2.037
     2.439
     2.216
     2.140
     2.987
     2.234
     2.667
     2.664
     2.603
     2.882
     2.681
     2.563
     2.655
     2.804
     2.646
     2.608
     2.263
     2.870
     2.300
     2.646
     2.367
     2.467
     1.972
     2.633
     2.494
     2.077
     2.312
     2.047
     2.526
     2.668
     2.461
     2.451
     2.341
     2.562
     2.478
     2.126
     2.537
     2.719
     2.772
     2.358
     2.160
     2.507
     2.697
     2.530
     2.233
     2.451
     2.433
     2.090
     2.412
     2.611
     2.682
     2.669
     2.061
     2.534
     2.622
     2.128
     2.591
     1.833
     2.583
     2.181
     2.469
     2.452
     2.772
     2.336
     2.585
     2.302
     2.642
     2.227
     2.012
     2.314
     2.013
     2.396
     2.087
     2.417
     2.316
     2.116
     2.744
     2.330
     2.119
     2.079
     2.438
     2.844
     2.609
     2.523
     1.264
     2.530
     2.567
     2.561
     2.471
     2.703
     2.355
     2.457
     2.286
     2.560
     2.033
     2.583
     2.233
     2.720
     1.744
     2.162
     2.615
     2.041
     2.327
     2.187
     2.138
     2.239
     2.503
     2.229
     2.089
     2.617
     2.111
     2.764
     2.119
     2.341
     2.481
     2.644
     1.976
     2.112
     2.207
     2.227
     2.485
     2.646
     2.361
     2.271
     2.241
     2.407
     2.709
     2.339
     1.918
     2.081
     2.405
     2.076
     2.157
     2.346
     2.503
     2.634
     2.814
     2.583
     2.194
     2.769
     2.332
     2.390
     2.123
     2.375
     1.505
     2.600
     2.585
     2.291
     2.494
     2.496
     2.552
     2.060
     2.358
     2.147
     2.919
     2.028
     2.568
     2.141
     2.050
     2.463
     2.481
     2.531
     2.598
     1.537
     2.186
     1.996
     2.013
     2.427
     2.706
     2.431
     2.421
     2.125
     2.508
     2.124
     2.545
     2.020
     2.107
     2.627
     2.467
     2.580
     1.919
     2.202
     2.658
     2.392
     2.141
     2.359
     2.396
     2.288
     2.711
     2.230
     2.612
     2.693
     2.683
     2.673
     2.484
     2.151
     2.443
     2.466
     2.673
     2.434
     2.774
     2.469
     2.714
     2.602
     2.814
     2.324
     2.333
     2.741
     2.701
     2.152
     2.144
     2.214
     1.859
     2.588
     2.023
     2.502
     2.344
     2.379
     2.408
     2.596
     2.471
     2.309
     2.222
     2.226
     2.163
     1.927
     1.980
     2.438
     2.415
     2.515
     2.099
     2.386
     1.459
     2.347
     2.673
     2.429
     2.223
     2.180
     2.954
     2.383
     2.376
     2.643
     2.452
     2.256
     2.083
     1.951
     2.078
     2.953
     2.417
     2.635
     2.453
     2.081
     2.276
     2.456
     2.553
     2.505
     2.131
     2.237
     2.567
     1.899
     2.439
     2.406
     2.334
     2.820
     2.208
     2.593
     1.984
     2.842
     2.525
     2.483
     2.279
     2.719
     2.157
     2.289
     2.913
     2.547
     2.713
     2.362
     2.789
     2.712
     2.629
     2.831
     2.786
     2.316
     2.331
     2.673
     2.421
     1.476
     2.742
     2.228
     2.702
     2.754
     2.117
     1.970
     2.137
     2.754
     2.020
     2.714
     2.397
     2.330
     2.406
     2.791
     2.597
     1.167
     2.295
     2.132
     2.152
     2.247
     2.446
     2.325
     1.995
     2.396
     2.200
     2.257
     2.705
     2.609
     2.272
     2.559
     2.386
     2.082
     2.306
     2.374
     2.008
     2.129
     2.287
     2.572
     2.306
     1.855
     2.230
     1.891
     2.124
     2.430
     2.259
     2.314
     2.290
     2.481
     2.255
     1.913
     2.563
     2.044
     2.092
     2.194
     2.509
     2.647
     2.124
     2.265
     2.402
     2.754
     2.484
     1.764
     2.242
     2.740
     2.524
     2.272
     2.458
     2.119
     2.015
     2.412
     2.266
     2.108
     2.626
     2.384
     2.242
     2.750
     2.015
     2.354
     2.424
     2.814
     2.438
     2.613
     2.340
     2.216
     2.370
     2.412
     2.810
     2.570
     2.093
     2.330
     2.573
     2.235
     2.612
     2.753
     2.299
     2.388
     2.430
     2.605
     2.255
     2.673
     2.495
     2.729
     2.054
     2.118
     1.908
     2.299
     2.690
     2.467
     2.255
     2.611
     2.132
     2.685
     2.435
     2.552
     2.210
     2.332
     2.414
     2.251
     2.716
     2.347
     2.073
     2.835
     2.846
     2.268
     1.736
     2.263
     2.239
     2.589
     2.267
     2.169
     1.670
     2.749
     1.990
     2.440
     2.147
     2.410
     2.806
     2.425
     2.403
     2.245
     2.450
     2.491
     2.630
     2.527
     2.186
     2.453
     2.247
     2.807
     2.407
     2.316
     2.430
     2.473
     2.315
     2.728
     2.308
     2.402
     2.356
     2.454
     2.581
     2.373
     2.874
     2.443
     1.793
     2.449
     2.340
     2.632
     2.202
     2.668
     2.587
     2.120
     2.119
     2.698
     2.142
     2.091
     2.398
     2.490
     2.039
     2.633
     2.855
     2.652
     2.060
     2.019
     2.645
     2.209
     2.724
     2.431
     2.255
     2.684
     2.483
     2.090
     1.744
     2.175
     2.469
     2.583
     2.675
     2.241
     2.461
     1.762
     2.595
     2.758
     2.731
     2.466
     2.420
     2.593
     2.072
     2.207
     2.133
     2.610
     2.785
     2.399
     2.478
     2.801
     2.651
     2.249
     2.730
     2.735
     2.512
     2.448
     2.296
     2.429
     2.146
     2.875
     2.707
     2.130
     2.482
     2.059
     2.374
     2.681
     2.472
     2.756
     2.581
     2.299
     2.527
     2.029
     2.220
     2.690
     2.706
     2.372
     2.343
     2.096
     1.591
     2.294
     2.289
     2.817
     1.983
     2.150
     2.670
     2.444
     2.770
     2.243
     2.458
     2.440
     2.093
     2.608
     2.507
     2.657
     2.648
     2.357
     2.118
     2.323
     2.118
     2.126
     2.171
     2.676
     2.741
     2.372
     2.187
     2.469
     2.129
     2.438
     2.589
     2.722
     2.381
     2.056
     2.651
     2.293
     2.352
     1.611
     2.756
     2.583
     2.068
     2.459
     2.032
     2.087
     2.418
     2.057
     2.799
     2.233
     2.591
     2.055
     2.152
     2.678
     2.120
     2.179
     2.283
     2.666
     2.661
     2.636
     2.796
     1.700
     2.510
     2.163
     1.889
     2.673
     2.368
     2.080
     2.148
     2.723
     2.419
     2.735
     2.490
     2.542
     2.800
     2.589
     2.133
     2.646
     2.782
     2.850
     2.649
     2.452
     2.585
     2.094
     2.253
     1.981
     2.646
     1.520
     2.254
     2.442
     2.471
     2.730
     2.618
     2.348
     2.333
     2.666
     2.622
     2.723
     2.239
     2.325
     2.075
     2.312
     2.506
     2.611
     2.170
     2.704
     2.516
     2.567
     3.013
     2.041
     1.831
     2.762
     2.425
     2.414
     2.489
     1.978
     2.641
     2.106
     2.458
     2.091
     2.796
     2.195
     2.725
     2.479
     2.563
     2.206
     2.374
     2.281
     2.715
     2.093
     2.653
     2.942
     2.278
     2.450
     1.761
     2.435
     2.780
     2.657
     2.120
     2.595
     2.081
     2.419
     2.537
     2.554
     2.190
     2.627
     2.311
     2.747
     2.582
     2.138
     2.659
     2.169
     2.872
     2.418
     1.909
     2.364
     2.506
     2.405
     2.292
     2.216
     2.623
     2.470
     2.347
     2.506
     2.123
     2.333
     2.713
     2.425
     2.498
     2.570
     2.100
     2.528
     2.128
     2.497
     2.579
     2.509
     2.496
     2.116
     2.672
     1.812
     2.366
     1.837
     2.580
     2.287
     2.442
     2.473
     2.485
     2.390
     2.483
     2.751
     2.502
     2.181
     2.689
     2.352
     1.970
     2.513
     2.314
     2.413
     2.593
     2.538
     2.425
     2.732
     2.689
     2.736
     2.811
     2.182
     2.384
     2.604
     2.248
     2.605
     2.527
     2.624
     1.999
     2.626
     2.693
     2.080
     2.479
     2.407
     2.160
     2.394
     2.016
     2.656
     2.738
     2.589
     2.630
     2.338
     2.295
     2.440
     2.712
     2.137
     2.525
     2.369
     2.218
     2.380
     2.540
     2.504
     2.245
     2.525
     2.624
     2.604
     2.401
     1.821
     2.200
     2.183
     2.600
     2.665
     2.225
     2.307
     2.649
     2.560
     2.105
     2.461
     2.674
     1.925
     2.173
     1.972
     2.525
     2.542
     2.037
     2.942
     2.220
     2.667
     2.465
     2.679
     2.505
     2.123
     2.704
     2.622
     2.389
     2.688
     2.051
     2.154
     2.154
     2.221
     2.015
     1.928
     2.405
     1.906
     2.618
     2.422
     2.771
     2.627
     2.234
     2.446
     2.522
     2.473
     2.322
     2.167
     2.972
     2.846
     2.662
     2.182
     2.504
     2.181
     2.134
     2.321
     2.633
     2.477
     2.494
     2.798
     2.304
     2.329
     2.336
     2.697
     2.216
     2.696
     1.541
     2.115
     2.292
     2.734
     2.357
     2.311
     2.466
     2.083
     2.125
     2.160
     1.957
     2.499
     2.574
     2.230
     2.145
     2.026
     2.330
     2.321
     2.121
     2.736
     2.771
     2.787
     2.497
     2.581
     2.339
     2.637
     2.115
     2.131
     2.845
     1.951
     2.113
     2.106
     2.212
     2.608
     2.569
     2.548
     2.117
     2.091
     2.465
     2.115
     2.324
     2.059
     2.571
     2.304
     2.320
     2.538
     2.298
     2.198
     2.115
     2.191
     2.128
     2.696
     2.571
     2.187
     2.576
     2.500
     2.642
     2.747
     2.340
     2.035
     2.234
     2.132
     2.407
     2.487
     2.095
     2.028
     2.498
     2.406
     2.145
     2.272
     2.321
     2.747
     1.950
     2.803
     2.520
     1.793
     2.290
     2.107
     2.761
     2.362
     2.493
     2.373
     2.244
     2.565
     2.546
     2.805
     2.562
     2.871
     2.402
     2.296
     1.662
     2.161
     2.480
     2.439
     2.360
     2.792
     2.633
     2.189
     2.725
     2.620
     2.519
     2.111
     2.906
     2.547
     2.655
     2.090
     2.725
     2.433
     2.713
     2.525
     2.396
     2.450
     2.741
     2.079
     2.853
     2.055
     2.586
     2.004
     2.396
     1.927
     1.961
     2.663
     2.168
     2.677
     2.792
     2.139
     2.807
     2.685
     2.591
     2.764
     2.401
     2.027
     2.383
     2.385
     2.403
     2.979
     2.376
     2.327
     2.800
     2.513
     2.678
     2.264
     2.607
     2.675
     2.720
     2.764
     2.786
     2.586
     2.106
     2.602
     2.675
     2.337
     2.519
     2.677
     2.528
     2.572
     2.303
     2.236
     1.770
     1.365
     2.695
     2.717
     2.937
     2.127
     2.056
     1.965
     2.555
     2.295
     2.184
     2.668
     2.106
     2.334
     2.108
     2.632
     2.505
     2.782
     2.495
     2.653
     2.579
     2.122
     2.779
     2.433
     2.700
     2.668
     2.700
     2.745
     2.047
     2.531
     2.582
     2.545
     2.817
     2.203
     2.748
     2.629
     2.692
     2.338
     2.636
     2.413
     2.573
     2.658
     2.192
     2.446
     2.464
     2.149
     2.530
     2.636
     2.850
     2.476
     2.685
     2.321
     2.277
     2.844
     2.167
     2.745
     2.625
     2.424
     2.600
     2.145
     2.550
     2.544
     2.463
     2.370
     2.634
     2.526
     2.135
     2.678
     2.133
     2.156
     2.587
     2.608
     1.983
     2.356
     2.318
     2.485
     2.779
     2.311
     2.422
     2.751
     2.775
     2.531
     2.466
     2.839
     2.745
     2.224
     2.290
     2.354
     2.690
     2.291
     2.118
     2.116
     2.317
     2.289
     2.515
     2.263
     2.735
     2.735
     2.605
     2.516
     2.191
     2.435
     2.205
     2.361
     2.751
     2.444
     2.643
     2.126
     2.608
     2.652
     2.585
     2.678
     2.390
     2.241
     2.246
     1.255
     2.702
     2.447
     2.602
     1.869
     2.305
     2.448
     2.460
     2.869
     2.320
     2.520
     2.473
     2.246
     2.332
     2.290
     2.745
     2.256
     2.770
     2.467
     2.425
     2.212
     2.091
     2.635
     2.537
     2.543
     0.982
     1.977
     2.463
     2.649
     1.778
     2.479
     2.678
     2.858
     2.889
     2.853
     2.239
     2.785
     1.951
     2.258
     2.343
     2.401
     2.509
     2.640
     2.648
     2.798
     2.251
     2.593
     2.219
     2.500
     2.360
     2.547
     2.391
     2.742
     2.392
     2.723
     1.984
     2.525
     2.743
     2.832
     2.535
     2.253
     1.987
     2.299
     2.097
     2.742
     2.133
     2.545
     2.593
     2.286
     2.341
     2.212
     1.911
     2.380
     2.080
     2.123
     1.948
     2.263
     2.458
     2.702
     2.506
     2.107
     2.732
     2.666
     2.660
     2.106
     2.055
     2.773
     2.576
     2.310
     2.493
     2.160
     1.959
     2.398
     2.068
     2.145
     2.332
     2.667
     2.558
     2.135
     2.703
     2.194
     2.511
     2.735
     1.911
     2.860
     2.530
     2.217
     2.321
     2.241
     2.141
     2.447
     2.230
     2.655
     2.717
     2.318
     2.367
     2.159
     2.322
     2.549
     2.531
     2.740
     2.464
     2.245
     2.385
     2.625
     2.641
     2.039
     2.694
     2.060
     2.395
     2.883
     2.079
     2.039
     2.265
     2.446
     2.693
     2.182
     2.373
     2.369
     2.437
     2.251
     2.509
     2.666
     2.783
     2.530
     2.080
     2.399
     2.135
     2.672
     2.800
     2.504
     2.014
     2.766
     2.287
     2.745
     2.336
     2.240
     2.700
     2.256
     2.589
     2.260
     2.113
     1.658
     1.824
     2.151
     2.308
     2.447
     2.735
     2.324
     2.706
     1.638
     2.508
     2.238
     2.758
     2.069
     2.563
     2.070
     2.473
     2.675
     1.893
     2.261
     2.258
     2.476
     2.346
     2.013
     2.313
     2.109
     2.243
     1.448
     2.759
     2.257
     2.487
     2.246
     2.605
     2.657
     2.658
     1.961
     2.325
     1.961
     2.731
     2.651
     2.746
     2.294
     2.416
     2.571
     2.570
     2.405
     1.931
     2.354
     2.425
     2.444
     2.981
     2.777
     2.707
     2.944
     2.089
     2.422
     2.436
     2.497
     2.559
     2.220
     2.785
     2.008
     2.781
     2.277
     2.669
     2.411
     2.713
     2.504
     2.604
     2.669
     2.284
     2.454
     2.592
     2.079
     2.467
     2.109
     2.892
     2.577
     1.960
     2.249
     2.860
     2.634
     2.220
     2.477
     1.977
     2.492
     2.330
     2.566
     2.657
     2.298
     2.397
     2.632
     2.575
     2.545
     1.761
     2.636
     2.422
     2.243
     2.357
     2.081
     2.558
     2.634
     2.521
     2.535
     2.793
     2.135
     2.403
     2.586
     2.323
     1.625
     2.207
     2.469
     2.572
     2.159
     2.611
     1.576
     2.210
     2.212
     2.641
     2.862
     2.652
     2.281
     2.737
     2.636
     2.598
     2.415
     1.967
     2.864
     2.744
     2.132
     2.746
     2.105
     2.695
     2.103
     2.294
     2.509
     2.611
     2.719
     2.429
     2.098
     2.370
     2.473
     2.459
     2.916
     2.128
     2.655
     2.480
     2.531
     2.679
     2.197
     1.903
     2.872
     2.173
     2.566
     2.710
     2.519
     2.333
     2.577
     2.619
     2.240
     2.490
     2.584
     2.127
     2.597
     2.378
     2.098
     2.769
     2.055
     2.758
     2.201
     2.397
     2.730
     2.048
     2.619
     2.449
     2.746
     2.569
     2.233
     2.275
     2.317
     2.759
     2.231
     2.516
     2.509
     2.497
     2.553
     2.485
     2.801
     2.272
     2.394
     1.786
     2.265
     2.525
     2.790
     2.153
     2.259
     2.011
     2.750
     2.344
     2.359
     2.416
     2.846
     2.108
     2.326
     2.496
     2.112
     1.908
     2.017
     2.102
     2.501
     2.409
     1.830
     2.107
     2.628
     2.124
     2.670
     2.939
     2.661
     2.707
     2.867
     2.507
     2.454
     2.251
     2.430
     1.911
     2.124
     2.515
     2.237
     2.250
     2.219
     2.224
     2.468
     2.675
     2.208
     2.304
     2.713
     2.564
     2.520
     2.751
     2.178
     2.579
     2.092
     2.213
     1.942
     2.036
     2.728
     2.520
     2.639
     2.528
     1.357
     2.433
     2.425
     2.695
     2.110
     2.742
     2.644
     2.601
     2.136
     2.562
     2.529
     2.454
     2.514
     2.255
     2.277
     2.070
     1.892
     2.633
     2.534
     2.484
     2.842
     2.462
     2.456
     2.521
     2.754
     2.083
     2.479
     2.693
     2.163
     2.277
     2.592
     1.296
     2.591
     1.993
     2.468
     2.807
     2.267
     2.044
     2.495
     2.463
     2.537
     2.649
     2.369
     2.552
     2.209
     2.811
     1.082
     2.485
     2.426
     2.046
     2.777
     2.582
     2.219
     2.656
     2.335
     2.443
     2.260
     2.345
     2.207
     2.391
     2.284
     2.878
     2.491
     2.681
     2.830
     1.970
     2.710
     2.548
     2.755
     2.078
     2.257
     2.488
     2.449
     2.696
     2.367
     2.214
     2.689
     2.291
     2.089
     2.357
     2.751
     2.204
     2.045
     2.531
     2.737
     2.078
     2.289
     2.421
     2.468
     2.616
     2.511
     2.162
     2.218
     2.875
     2.558
     2.668
     2.417
     1.768
     1.777
     2.302
     2.602
     2.134
     2.221
     2.115
     3.001
     2.086
     2.286
     2.041
     2.541
     2.373
     1.732
     2.122
     2.436
     1.928
     2.760
     2.151
     2.132
     2.476
     2.558
     2.600
     2.582
     2.075
     2.731
     2.543
     2.174
     2.241
     1.870
     2.293
     2.831
     2.235
     2.516
     2.479
     2.275
     2.129
     1.841
     2.899
     2.567
     2.417
     2.754
     2.738
     2.112
     2.133
     2.346
     2.498
     2.402
     2.470
     2.040
     2.744
     2.381
     2.115
     2.896
     2.003
     1.891
     2.286
     2.158
     2.206
     2.700
     2.170
     2.401
     2.858
     2.736
     2.903
     2.509
     2.427
     2.082
     2.739
     2.706
     2.640
     2.586
     2.696
     2.419
     2.174
     2.185
     2.492
     2.558
     2.110
     2.699
     2.733
     2.568
     2.576
     2.737
     2.470
     2.340
     2.537
     1.905
     1.989
     1.831
     2.197
     2.161
     2.029
     2.753
     2.587
     1.946
     2.694
     2.150
     2.461
     1.860
     2.678
     2.531
     2.969
     2.664
     2.774
     2.569
     2.127
     2.409
     2.021
     2.443
     2.055
     2.118
     2.168
     2.406
     2.590
     2.615
     2.109
     2.641
     2.417
     2.107
     2.343
     1.719
     2.131
     2.210
     2.255
     2.715
     2.691
     2.694
     2.405
     2.584
     2.190
     2.496
     2.780
     2.626
     2.437
     2.315
     2.155
     2.693
     2.565
     2.298
     2.149
     2.166
     2.623
     2.956
     2.682
     2.498
     2.309
     2.634
     2.526
     2.135
     2.099
     2.054
     2.550
     2.482
     2.799
     2.440
     2.787
     2.954
     2.807
     2.645
     2.504
     2.613
     2.358
     2.152
     2.306
     2.390
     2.408
     2.643
     2.683
     2.798
     2.126
     2.355
     2.131
     2.140
     2.054
     2.457
     2.125
     2.243
     2.142
     2.264
     2.203
     2.541
     2.645
     2.165
     2.626
     2.573
     2.488
     2.499
     2.398
     2.748
     2.834
     2.175
     2.682
     2.049
     2.687
     2.468
     2.581
     2.744
     2.187
     2.249
     2.152
     2.188
     2.402
     2.550
     2.632
     2.394
     2.098
     2.508
     2.491
     2.743
     2.422
     2.239
     2.314
     2.813
     2.106
     2.619
     2.425
     2.277
     2.378
     2.369
     2.355
     2.036
     2.387
     2.476
     2.144
     2.408
     2.161
     2.888
     2.518
     2.360
     1.930
     2.724
     2.329
     2.298
     2.132
     2.277
     2.726
     2.259
     2.493
     2.473
     2.481
     2.178
     2.758
     2.430
     2.918
     2.531
     2.275
     2.244
     2.160
     2.448
     2.160
     2.675
     2.634
     2.704
     2.262
     2.260
     2.416
     2.934
     2.080
     2.696
     2.439
     2.272
     2.666
     2.444
     2.299
     2.113
     2.068
     2.807
     1.909
     2.903
     2.646
     2.012
     2.582
     2.156
     2.650
     2.206
     2.140
     2.392
     2.162
     2.220
     2.248
     1.739
     2.105
     2.892
     2.281
     2.617
     2.659
     1.917
     2.439
     2.135
     2.147
     2.653
     2.138
     2.223
     2.524
     2.145
     2.358
     2.277
     2.152
     2.464
     2.844
     2.247
     2.059
     2.638
     2.394
     2.652
     2.787
     2.413
     2.416
     2.631
     2.593
     2.115
     2.335
     2.521
     2.357
     2.598
     2.189
     2.734
     1.892
     2.695
     2.736
     2.343
     2.447
     2.616
     2.607
     2.510
     2.734
     2.723
     2.506
     1.966
     2.027
     2.098
     2.328
     2.203
     2.418
     2.196
     1.676
     2.097
     2.651
     2.636
     2.355
     2.628
     2.420
     2.092
     2.433
     2.684
     2.190
     2.231
     2.718
     2.102
     2.114
     2.661
     2.673
     2.533
     2.340
     2.158
     2.487
     2.376
     2.378
     2.604
     2.682
     2.591
     2.359
     2.517
     2.700
     2.450
     2.470
     2.641
     2.270
     2.467
     2.397
     2.299
     2.457
     2.890
     2.289
     2.425
     2.612
     2.749
     2.541
     2.751
     2.177
     2.071
     1.958
     2.263
     2.366
     2.801
     2.192
     2.214
     2.255
     2.754
     2.674
     2.511
     2.583
     2.709
     1.353
     1.643
     2.594
     2.117
     2.832
     2.481
     2.391
     2.793
     2.695
     2.147
     2.860
     2.494
     2.289
     2.371
     2.660
     1.918
     2.859
     2.143
     2.585
     2.600
     2.129
     1.374
     2.479
     2.129
     2.426
     2.121
     2.067
     2.781
     2.360
     1.492
     2.624
     2.602
     2.617
     2.636
     2.042
     2.642
     2.666
     1.934
     2.327
     1.765
     2.642
     2.676
     2.627
     2.103
     2.081
     2.189
     2.385
     2.600
     2.619
     2.378
     2.750
     2.990
     2.770
     2.493
     2.368
     2.659
     2.583
     2.593
     2.603
     1.877
     2.302
     2.107
     2.269
     2.390
     2.741
     2.596
     2.729
     2.329
     2.251
     2.307
     2.351
     2.404
     2.858
     2.383
     2.310
     1.967
     2.604
     2.567
     2.339
     2.609
     2.449
     2.554
     1.647
     2.244
     2.104
     2.471
     2.588
     2.438
     2.346
     2.353
     2.075
     2.151
     2.225
     2.430
     2.318
     2.085
     2.777
     2.606
     2.154
     2.794
     2.138
     2.309
     2.693
     2.434
     2.661
     2.229
     2.390
     2.343
     2.361
     2.401
     2.810
     2.651
     2.547
     2.273
     2.296
     2.165
     2.328
     2.426
     2.139
     2.685
     2.535
     2.397
     2.130
     1.970
     1.567
     1.814
     2.446
     2.461
     1.957
     2.269
     2.632
     2.475
     2.467
     2.106
     2.244
     2.678
     2.291
     2.132
     2.391
     2.225
     2.235
     2.154
     2.306
     2.092
     2.775
     2.239
     2.454
     2.479
     1.973
     2.138
     2.418
     2.781
     2.535
     2.970
     2.156
     2.385
     2.655
     2.938
     2.426
     2.959
     2.029
     2.100
     2.168
     2.341
     2.411
     2.499
     2.681
     2.351
     2.068
     2.390
     2.375
     2.201
     2.554
     2.351
     2.750
     2.526
     2.203
     2.563
     2.115
     1.957
     2.756
     2.818
     2.737
     2.377
     2.533
     1.885
     2.448
     2.688
     2.077
     2.353
     2.057
     2.302
     2.324
     2.471
     1.381
     2.016
     1.573
     2.080
     2.551
     1.475
     2.123
     2.366
     2.210
     2.122
     2.692
     2.441
     2.466
     2.375
     2.700
     2.556
     2.582
     2.465
     2.078
     2.365
     2.349
     2.209
     2.532
     2.465
     2.983
     2.300
     2.137
     2.612
     2.463
     2.499
     2.069
     2.234
     2.455
     2.736
     2.597
     2.317
     2.039
     2.419
     2.628
     2.271
     2.050
     2.027
     2.534
     2.446
     2.402
     2.014
     2.031
     2.061
     2.411
     2.452
     2.658
     2.257
     2.454
     2.435
     2.503
     2.559
     2.183
     2.298
     2.236
     2.203
     2.508
     2.303
     2.599
     2.175
     2.505
     2.607
     2.447
     2.654
     2.491
     2.459
     2.304
     2.627
     2.738
     2.059
     2.664
     2.515
     2.415
     2.419
     2.424
     2.431
     2.703
     2.540
     1.971
     1.992
     2.373
     2.204
     2.645
     2.635
     2.132
     2.672
     2.818
     2.134
     2.814
     2.214
     2.881
     2.756
     2.445
     2.325
     2.230
     2.549
     2.337
     2.440
     2.728
     2.415
     2.324
     1.728
     2.597
     2.774
     2.370
     2.120
     2.351
     1.967
     2.573
     2.701
     2.254
     2.530
     2.540
     2.334
     1.476
     2.454
     2.225
     2.414
     2.607
     2.060
     2.250
     2.778
     2.298
     2.130
     2.426
     2.247
     2.810
     2.356
     2.346
     2.442
     2.678
     2.116
     2.780
     2.302
     2.330
     2.695
     2.638
     2.923
     2.679
     2.698
     2.610
     2.328
     2.842
     2.120
     2.241
     2.863
     2.824
     2.118
     2.618
     2.459
     2.340
     2.482
     2.540
     2.247
     2.683
     1.786
     1.945
     2.563
     2.738
     2.085
     2.113
     2.015
     2.642
     2.311
     2.162
     2.446
     2.691
     2.704
     2.384
     2.184
     2.752
     2.449
     2.935
     2.142
     2.098
     2.364
     2.128
     2.601
     2.579
     2.621
     2.769
     1.494
     2.118
     2.077
     2.464
     2.229
     2.228
     2.720
     2.270
     2.780
     2.871
     2.925
     2.025
     2.543
     2.463
     1.933
     2.133
     1.391
     2.793
     2.720
     1.871
     2.027
     2.594
     2.145
     2.139
     2.156
     2.186
     2.606
     2.408
     1.876
     2.117
     2.755
     2.121
     2.540
     2.301
     2.606
     2.305
     2.133
     2.719
     2.558
     2.990
     2.283
     2.192
     2.861
     2.592
     2.342
     2.415
     2.655
     2.228
     2.133
     2.119
     2.028
     2.197
     2.825
     2.411
     2.557
     2.262
     2.573
     2.622
     2.658
     2.250
     2.624
     2.022
     2.591
     2.625
     2.266
     2.651
     2.671
     2.449
     2.046
     2.220
     2.377
     2.424
     2.684
     2.227
     2.520
     2.407
     2.697
     2.348
     2.512
     2.600
     2.742
     2.275
     2.511
     2.360
     2.039
     2.512
     2.618
     2.594
     2.178
     2.625
     2.618
     2.136
     2.139
     1.941
     2.361
     2.366
     2.275
     2.123
     2.430
     2.234
     2.796
     1.891
     2.138
     2.479
     2.475
     2.633
     2.559
     2.270
     2.278
     2.591
     2.609
     2.711
     2.711
     2.388
     2.368
     2.661
     2.062
     2.443
     2.010
     2.568
     2.539
     2.583
     2.828
     2.642
     2.023
     2.469
     2.336
     2.980
     2.119
     2.073
     2.516
     2.426
     2.608
     2.883
     2.139
     1.639
     2.687
     2.154
     2.312
     2.527
     2.335
     2.464
     2.164
     2.128
     2.262
     2.248
     2.202
     2.443
     2.351
     2.260
     2.131
     2.524
     2.519
     2.435
     2.235
     2.090
     2.495
     2.158
     2.068
     2.696
     2.420
     2.275
     2.706
     2.296
     2.077
     2.222
     2.556
     2.411
     2.160
     2.330
     2.234
     2.570
     2.724
     2.206
     2.339
     2.754
     2.622
     1.903
     2.207
     2.600
     2.137
     2.550
     2.619
     2.453
     2.117
     2.679
     2.189
     2.672
     2.693
     2.103
     2.712
     2.439
     1.969
     2.308
     2.640
     2.074
     2.272
     2.893
     2.639
     2.408
     2.629
     2.062
     2.213
     2.476
     2.444
     2.442
     2.801
     2.574
     2.121
     2.483
     1.911
     2.688
     2.349
     2.817
     2.150
     2.885
     2.543
     2.170
     2.759
     2.879
     2.572
     2.497
     2.285
     2.006
     2.314
     2.275
     2.505
     2.066
     2.310
     2.461
     2.609
     1.931
     2.483
     2.393
     2.410
     2.676
     2.263
     2.382
     2.074
     2.287
     2.973
     2.019
     2.684
     2.901
     2.629
     2.255
     2.463
     2.872
     2.646
     2.901
     1.960
     2.134
     2.420
     1.384
     2.831
     2.201
     2.175
     2.114
     2.606
     2.214
     2.706
     2.457
     2.646
     2.437
     2.169
     2.525
     2.128
     2.237
     1.845
     2.142
     2.486
     1.716
     2.288
     2.132
     2.272
     2.695
     2.250
     2.111
     2.135
     2.254
     2.272
     2.420
     2.726
     2.197
     2.424
     2.298
     2.256
     2.648
     2.453
     2.059
     2.143
     2.461
     2.774
     2.475
     2.644
     2.400
     2.517
     1.953
     2.597
     2.494
     2.485
     2.102
     2.385
     2.570
     2.429
     2.138
     2.631
     2.320
     2.430
     2.700
     2.040
     2.099
     2.054
     2.302
     2.603
     2.720
     2.683
     2.469
     2.638
     2.622
     2.630
     2.391
     2.702
     2.296
     2.623
     2.498
     2.167
     2.340
     2.463
     2.345
     1.945
     2.542
     2.429
     2.425
     2.759
     2.395
     2.447
     1.952
     2.300
     2.120
     2.125
     2.275
     2.149
     2.685
     2.023
     2.513
     2.781
     2.471
     2.634
     2.469
     2.375
     2.354
     2.659
     2.628
     2.468
     2.555
     2.762
     2.691
     2.196
     2.226
     2.092
     2.037
     2.714
     2.067
     2.891
     1.639
     2.031
     2.811
     2.652
     2.055
     2.644
     2.373
     2.333
     2.379
     2.274
     2.516
     2.436
     2.542
     2.518
     2.159
     1.781
     2.591
     2.378
     2.164
     1.967
     2.508
     2.341
     2.501
     2.157
     2.869
     2.378
     2.681
     2.613
     1.261
     1.757
     2.111
     2.068
     2.318
     2.103
     2.322
     2.115
     2.418
     2.240
     2.492
     2.809
     2.345
     2.962
     2.839
     2.593
     2.002
     2.731
     2.105
     2.053
     2.194
     2.545
     2.229
     2.437
     1.982
     2.063
     1.698
     2.669
     2.695
     2.704
     2.400
     2.383
     2.742
     2.508
     2.098
     2.781
     2.808
     2.474
     2.261
     2.240
     1.744
     1.946
     2.589
     2.735
     2.196
     2.283
     2.562
     2.064
     2.170
     2.549
     2.435
     1.619
     2.517
     2.716
     2.623
     2.110
     2.023
     2.477
     2.294
     2.369
     2.254
     2.425
     2.694
     2.098
     2.211
     2.507
     2.246
     2.677
     2.680
     2.748
     2.043
     1.975
     2.378
     2.146
     2.350
     2.710
     2.348
     2.567
     2.668
     2.504
     2.119
     2.624
     2.804
     2.821
     2.519
     2.486
     2.562
     2.919
     2.219
     2.626
     2.576
     2.325
     2.262
     2.536
     2.220
     2.416
     2.392
     2.634
     2.591
     2.326
     2.176
     2.779
     2.417
     2.395
     2.474
     2.766
     2.573
     2.406
     2.729
     2.261
     2.683
     1.914
     2.469
     2.429
     2.529
     2.256
     2.030
     2.190
     2.077
     2.402
     1.517
     2.116
     2.718
     2.071
     2.756
     2.199
     2.100
     2.095
     2.326
     2.652
     2.952
     2.621
     2.477
     2.439
     2.662
     2.420
     2.570
     2.129
     2.637
     2.412
     2.012
     2.692
     2.550
     2.241
     2.504
     2.801
     2.322
     2.600
     2.033
     2.020
     2.679
     2.513
     2.797
     2.322
     2.832
     2.769
     2.083
     2.400
     2.399
     1.985
     2.204
     2.666
     2.094
     2.405
     2.718
     2.269
     2.664
     2.648
     2.436
     2.110
     2.500
     2.448
     2.145
     2.555
     2.774
     2.557
     2.287
     1.911
     2.442
     2.677
     2.130
     1.905
     2.520
     2.565
     2.139
     1.766
     2.783
     2.147
     2.548
     2.094
     2.549
     2.265
     1.127
     2.914
     2.295
     2.578
     2.624
     2.583
     2.663
     2.081
     1.730
     2.253
     2.229
     2.435
     2.318
     1.943
     2.660
     2.123
     2.689
     2.077
     2.531
     2.420
     1.951
     2.090
     2.527
     2.265
     2.425
     2.366
     2.471
     2.749
     2.139
     2.636
     2.297
     2.650
     2.735
     2.615
     2.312
     2.522
     2.273
     2.351
     2.089
     2.202
     2.422
     2.131
     2.097
     2.436
     2.385
     2.674
     2.193
     2.151
     2.428
     2.580
     2.803
     2.145
     2.610
     1.972
     2.604
     2.445
     2.545
     2.696
     2.797
     2.264
     2.466
     2.150
     2.124
     1.879
     2.756
     2.045
     2.790
     2.595
     2.792
     2.427
     2.884
     2.099
     2.151
     1.943
     2.814
     2.342
     2.294
     2.059
     2.601
     2.599
     2.336
     2.525
     2.731
     1.430
     2.363
     2.300
     2.586
     2.336
     2.573
     2.752
     2.784
     2.454
     2.496
     2.580
     2.534
     2.517
     2.383
     2.395
     2.612
     2.372
     2.140
     2.135
     2.187
     2.570
     2.286
     2.382
     2.661
     2.601
     1.913
     2.727
     2.285
     2.106
     2.710
     2.134
     2.269
     2.608
     2.268
     2.776
     2.400
     2.014
     2.106
     2.187
     2.402
     2.378
     2.458
     2.104
     2.550
     2.228
     2.572
     2.379
     2.552
     2.599
     1.960
     2.505
     2.159
     2.437
     2.129
     2.212
     2.037
     2.307
     2.318
     2.527
     1.997
     2.585
     1.860
     2.688
     1.852
     2.376
     2.851
     2.603
     2.091
     2.316
     2.640
     2.628
     2.207
     2.632
     2.537
     2.497
     2.546
     2.408
     2.049
     2.370
     2.643
     2.088
     2.494
     2.668
     2.443
     2.116
     2.503
     2.402
     2.356
     1.465
     2.625
     2.496
     2.557
     1.967
     2.780
     2.587
     2.538
     2.251
     2.648
     2.334
     2.148
     2.387
     2.781
     2.052
     2.442
     2.619
     2.458
     2.762
     2.998
     2.300
     1.822
     2.549
     2.241
     2.852
     2.324
     2.087
     2.097
     1.889
     2.481
     2.514
     2.493
     2.721
     2.095
     2.305
     2.343
     2.610
     2.666
     2.017
     2.413
     2.418
     2.697
     2.524
     2.504
     2.637
     2.391
     2.664
     2.373
     2.253
     2.857
     2.883
     2.227
     2.600
     2.112
     2.351
     2.597
     2.286
     2.064
     2.126
     2.680
     2.665
     2.807
     2.763
     2.792
     2.352
     2.567
     2.209
     2.447
     2.440
     2.208
     2.252
     2.469
     1.713
     2.249
     2.762
     2.534
     2.680
     2.643
     2.579
     2.491
     2.340
     2.140
     2.196
     1.859
     2.371
     2.632
     2.337
     2.583
     1.956
     2.709
     2.477
     2.721
     2.063
     2.089
     2.081
     2.711
     2.084
     2.642
     2.114
     2.118
     2.385
     1.844
     2.480
     2.529
     2.225
     2.539
     2.399
     2.695
     2.886
     2.733
     1.908
     1.963
     1.977
     2.070
     2.363
     2.445
     2.334
     2.314
     2.577
     2.774
     2.524
     2.726
     2.292
     2.576
     2.325
     1.904
     2.145
     1.984
     2.515
     2.676
     2.134
     2.417
     2.718
     2.611
     1.915
     2.722
     1.759
     1.571
     2.271
     1.644
     2.139
     2.607
     2.835
     2.674
     2.285
     2.169
     2.537
     2.341
     2.157
     2.327
     2.126
     2.257
     2.449
     2.733
     2.719
     2.768
     2.262
     2.656
     2.475
     2.131
     2.657
     2.385
     2.538
     2.382
     2.423
     2.926
     2.282
     2.596
     2.637
     2.418
     2.236
     2.117
     1.954
     2.709
     2.328
     2.732
     2.452
     2.416
     2.313
     2.026
     2.467
     2.182
     2.489
     1.554
     2.343
     2.447
     2.598
     2.184
     2.269
     2.707
     2.152
     2.139
     2.227
     2.577
     2.127
     2.331
     2.215
     2.163
     2.038
     2.190
     2.298
     2.282
     2.774
     2.489
     2.656
     1.978
     2.646
     2.378
     2.407
     2.633
     2.844
     2.494
     2.327
     2.418
     2.655
     2.315
     2.347
     2.730
     2.465
     2.229
     2.271
     2.012
     2.449
     2.196
     1.893
     2.020
     2.530
     2.451
     2.359
     2.089
     2.119
     2.118
     2.269
     2.437
     2.438
     1.958
     2.585
     2.540
     2.295
     2.394
     1.699
     2.443
     2.768
     2.259
     2.420
     2.260
     2.351
     2.299
     2.433
     2.346
     2.573
     2.169
     2.164
     2.442
     2.759
     2.345
     2.201
     2.616
     2.337
     2.481
     2.745
     2.762
     2.764
     2.786
     2.163
     2.690
     2.701
     2.249
     2.203
     2.245
     2.539
     2.590
     2.698
     2.351
     2.168
     2.644
     2.878
     2.114
     2.324
     2.108
     2.721
     2.577
     2.480
     2.723
     2.371
     2.612
     2.002
     2.307
     2.253
     2.425
     2.653
     2.095
     2.246
     2.031
     2.578
     2.453
     2.397
     1.765
     1.811
     2.690
     2.115
     2.257
     2.455
     1.985
     2.650
     2.712
     2.082
     2.216
     2.138
     2.416
     2.122
     2.144
     2.387
     2.638
     2.813
     2.626
     2.415
     2.408
     2.219
     2.800
     2.519
     2.802
     2.178
     2.511
     2.175
     2.600
     2.882
     2.546
     2.525
     2.189
     2.402
     2.538
     2.286
     2.208
     2.417
     2.549
     2.077
     2.531
     2.341
     2.479
     2.728
     2.293
     2.266
     2.074
     2.336
     2.446
     2.893
     2.541
     2.814
     2.477
     1.731
     2.054
     2.699
     2.068
     2.253
     2.334
     2.421
     2.690
     2.578
     2.131
     2.330
     2.286
     2.601
     2.195
     2.164
     2.138
     2.415
     2.423
     2.163
     2.165
     2.690
     2.089
     2.725
     2.194
     2.264
     2.608
     2.172
     2.701
     2.539
     2.439
     2.730
     2.619
     2.341
     2.040
     2.323
     2.431
     2.597
     1.599
     2.674
     2.380
     2.387
     2.242
     2.340
     2.082
     2.577
     2.592
     2.176
     2.736
     2.146
     2.669
     2.203
     2.099
     2.434
     2.069
     2.158
     2.174
     2.543
     2.516
     2.700
     1.983
     2.303
     2.599
     2.254
     2.145
     2.134
     2.499
     2.295
     2.453
     2.012
     2.487
     2.530
     2.561
     2.610
     2.191
     2.609
     2.327
     2.288
     2.617
     2.748
     2.366
     2.615
     1.822
     2.415
     2.325
     2.439
     2.063
     2.227
     1.856
     2.582
     2.705
     2.140
     2.599
     2.547
     2.589
     2.429
     2.383
     2.591
     2.068
     2.586
     2.197
     2.113
     2.103
     2.263
     2.258
     2.451
     2.652
     2.540
     2.711
     2.583
     2.457
     2.089
     2.088
     2.428
     2.710
     2.748
     2.904
     2.715
     1.985
     2.343
     2.494
     2.816
     2.153
     2.741
     2.758
     2.580
     2.284
     2.310
     2.734
     2.391
     2.457
     2.199
     2.745
     2.567
     1.981
     2.687
     2.391
     2.340
     2.557
     2.709
     2.199
     2.036
     2.213
     2.625
     2.124
     2.339
     2.573
     2.204
     2.287
     2.818
     2.462
     2.454
     2.659
     2.352
     2.316
     2.290
     2.122
     2.316
     2.321
     2.353
     2.499
     2.857
     2.028
     2.117
     2.452
     2.227
     2.716
     2.451
     2.354
     2.362
     2.148
     2.443
     2.113
     2.694
     2.569
     2.655
     2.711
     2.641
     2.708
     2.794
     2.671
     2.122
     2.752
     2.005
     2.449
     2.439
     2.613
     2.760
     2.040
     2.687
     2.822
     1.933
     2.079
     2.267
     2.669
     2.390
     2.173
     2.061
     2.558
     2.304
     2.611
     2.403
     2.153
     2.185
     2.598
     2.456
     2.370
     2.284
     2.310
     2.662
     2.654
     2.723
     2.396
     2.655
     2.720
     2.500
     2.149
     2.803
     2.594
     2.676
     2.399
     2.124
     2.687
     2.719
     2.504
     2.027
     2.517
     2.061
     1.889
     2.072
     2.756
     1.950
     2.359
     2.152
     2.719
     2.445
     2.194
     2.584
     2.433
     2.568
     2.650
     2.119
     2.092
     2.390
     2.295
     2.278
     2.410
     2.240
     2.731
     2.251
     2.422
     2.364
     2.560
     2.235
     2.124
     2.746
     2.188
     2.081
     2.595
     2.230
     2.254
     2.471
     2.617
     1.646
     2.623
     2.464
     2.710
     2.699
     2.594
     2.407
     2.164
     2.670
     2.460
     2.453
     2.521
     2.136
     2.056
     2.382
     2.007
     2.366
     2.688
     2.567
     2.371
     2.397
     2.778
     2.235
     2.014
     2.264
     2.337
     2.015
     2.277
     2.734
     2.579
     2.424
     2.563
     2.405
     2.594
     2.306
     2.190
     2.766
     1.941
     2.083
     2.734
     2.398
     1.776
     1.646
     2.591
     2.576
     1.887
     2.508
     2.537
     2.652
     2.566
     2.901
     2.140
     2.766
     2.802
     2.585
     2.345
     2.476
     2.507
     2.517
     1.501
     2.455
     2.463
     2.338
     2.378
     2.378
     2.361
     2.844
     2.490
     2.518
     2.446
     2.347
     2.444
     2.258
     2.693
     1.509
     2.564
     2.648
     2.335
     2.432
     2.149
     2.459
     2.248
     2.289
     2.101
     2.497
     2.507
     2.112
     2.540
     2.358
     2.376
     2.322
     2.237
     2.561
     2.601
     2.426
     2.678
     2.299
     2.099
     2.449
     2.762
     2.324
     2.583
     2.409
     2.117
     2.858
     1.465
     2.371
     2.069
     2.676
     2.701
     2.561
     2.922
     2.065
     2.815
     2.319
     2.277
     2.698
     2.147
     2.395
     2.429
     2.106
     2.085
     2.266
     2.393
     2.668
     2.082
     2.299
     2.270
     2.709
     2.710
     2.470
     2.570
     2.553
     2.512
     2.525
     2.301
     2.693
     2.713
     2.144
     2.126
     2.006
     2.316
     2.357
     2.583
     2.104
     2.738
     2.321
     2.635
     1.943
     2.058
     2.150
     2.356
     2.167
     2.204
     2.094
     2.617
     2.056
     2.579
     2.759
     2.781
     2.598
     2.799
     2.270
     2.044
     2.438
     2.171
     2.273
     2.783
     2.461
     2.489
     2.698
     2.490
     1.895
     2.694
     2.415
     2.700
     2.449
     2.577
     2.470
     2.616
     2.303
     2.818
     2.573
     2.287
     2.947
     2.397
     2.046
     2.253
     2.078
     2.668
     2.140
     2.731
     2.356
     2.062
     2.520
     2.037
     2.316
     2.409
     2.306
     2.752
     2.481
     2.195
     2.600
     2.432
     2.258
     2.286
     2.212
     2.499
     2.374
     2.649
     2.097
     2.299
     2.501
     2.194
     1.212
     2.760
     2.114
     2.779
     2.754
     2.421
     2.396
     2.712
     2.480
     2.727
     2.163
     2.249
     2.858
     2.207
     2.297
     2.484
     2.183
     2.582
     2.687
     2.365
     2.582
     2.115
     2.119
     2.187
     2.759
     2.204
     2.211
     2.092
     2.748
     2.831
     2.045
     2.969
     2.274
     2.582
     2.220
     2.730
     2.049
     2.051
     1.771
     2.137
     2.699
     2.425
     2.194
     2.538
     2.596
     1.894
     2.093
     2.403
     2.442
     2.090
     2.640
     2.038
     2.385
     2.255
     2.571
     2.679
     2.097
     2.304
     2.577
     2.009
     1.848
     2.855
     2.434
     2.183
     2.301
     2.151
     2.393
     2.006
     2.291
     2.808
     2.379
     2.334
     2.404
     2.481
     2.730
     2.259
     2.690
     2.759
     2.744
     2.260
     1.972
     2.676
     2.314
     2.246
     2.150
     2.389
     2.242
     2.597
     2.503
     2.552
     2.351
     2.066
     2.751
     2.173
     2.168
     2.364
     2.740
     2.455
     2.046
     2.046
     2.656
     1.942
     2.301
     2.882
     2.289
     2.271
     2.330
     2.054
     2.001
     2.585
     2.263
     2.486
     2.197
     2.180
     2.312
     2.527
     2.397
     2.374
     2.426
     2.207
     2.007
     3.002
     2.438
     2.957
     2.178
     1.504
     2.314
     2.481
     2.112
     2.595
     2.347
     2.175
     2.363
     2.359
     2.213
     2.743
     2.247
     2.413
     2.421
     2.265
     2.731
     2.440
     2.577
     2.359
     2.813
     2.145
     2.596
     2.744
     2.669
     2.709
     2.165
     2.420
     2.266
     2.300
     2.738
     2.367
     2.441
     2.494
     2.100
     2.319
     2.267
     2.578
     2.362
     2.521
     2.605
     1.962
     2.151
     2.346
     1.341
     2.442
     2.749
     2.153
     2.216
     2.171
     2.130
     2.491
     2.208
     2.328
     2.444
     2.479
     2.135
     1.963
     2.247
     2.508
     2.958
     2.425
     2.414
     2.125
     2.099
     2.720
     2.716
     2.499
     2.500
     2.120
     2.602
     2.620
     2.592
     2.577
     2.744
     2.689
     2.374
     2.728
     2.446
     2.408
     2.694
     2.182
     2.300
     2.614
     1.981
     2.354
     2.341
     2.386
     2.166
     1.745
     2.733
     2.390
     2.786
     2.330
     2.063
     2.109
     2.370
     2.326
     2.668
     2.595
     2.360
     2.615
     2.381
     2.434
     2.681
     2.596
     2.841
     2.711
     2.226
     2.080
     2.522
     2.380
     2.197
     2.362
     2.527
     2.410
     2.188
     2.286
     2.603
     2.699
     2.510
     2.604
     2.562
     2.250
     2.586
     2.343
     2.283
     2.824
     2.402
     2.234
     2.778
     2.373
     2.670
     2.120
     2.509
     2.667
     2.710
     2.108
     2.220
     2.711
     2.311
     1.908
     2.682
     2.278
     2.480
     2.460
     2.110
     2.760
     2.345
     2.528
     1.942
     2.302
     2.285
     2.202
     2.401
     2.255
     2.507
     1.161
     2.598
     2.463
     2.367
     2.108
     2.649
     2.347
     2.453
     2.798
     2.295
     2.607
     2.747
     2.605
     2.282
     2.142
     2.265
     2.504
     2.153
     2.617
     2.908
     2.411
     2.541
     2.587
     2.416
     2.122
     2.608
     2.717
     2.745
     2.025
     2.100
     1.955
     2.428
     2.354
     2.731
     2.196
     2.131
     2.064
     2.776
     2.566
     2.062
     2.675
     2.261
     2.115
     1.747
     2.327
     2.482
     1.846
     2.296
     2.792
     2.375
     2.198
     2.627
     2.067
     2.487
     2.461
     2.453
     2.136
     2.685
     2.665
     2.560
     2.729
     1.809
     2.581
     2.318
     1.982
     2.389
     2.098
     2.222
     2.631
     2.216
     2.593
     2.125
     1.744
     2.714
     2.317
     2.393
     2.514
     2.082
     2.468
     2.491
     1.932
     2.395
     2.699
     2.131
     2.455
     2.876
     2.439
     2.542
     2.712
     2.427
     2.298
     2.264
     2.664
     2.408
     2.608
     2.302
     2.779
     2.389
     2.750
     2.371
     2.613
     2.641
     1.403
     2.101
     2.301
     2.328
     2.714
     2.586
     2.364
     2.213
     2.820
     2.460
     2.143
     2.669
     2.235
     2.412
     2.155
     2.572
     2.089
     2.445
     2.612
     2.158
     2.255
     2.730
     2.276
     2.849
     2.169
     2.725
     2.430
     2.386
     1.864
     2.552
     2.603
     2.094
     2.134
     2.436
     2.652
     2.635
     2.111
     1.597
     2.363
     2.090
     2.611
     2.165
     2.686
     2.300
     2.762
     2.131
     2.202
     2.235
     2.376
     2.060
     2.676
     2.625
     2.300
     2.644
     2.512
     2.444
     2.003
     2.404
     2.853
     2.762
     2.826
     2.825
     2.231
     2.650
     2.383
     2.495
     2.484
     2.510
     2.551
     2.201
     2.307
     2.288
     2.354
     2.001
     2.435
     2.473
     1.132
     2.027
     2.626
     2.680
     2.765
     2.670
     2.666
     2.153
     2.580
     2.715
     1.905
     2.402
     2.333
     2.759
     2.724
     2.783
     2.137
     2.460
     2.501
     2.707
     2.503
     2.292
     2.326
     2.462
     2.243
     2.050
     2.860
     2.295
     2.226
     2.060
     2.610
     2.445
     2.265
     2.385
     1.690
     2.214
     2.180
     2.832
     2.416
     2.686
     2.257
     2.877
     2.265
     2.405
     2.549
     2.163
     2.292
     2.510
     2.186
     2.468
     1.665
     2.782
     2.821
     2.777
     2.195
     2.531
     2.754
     2.376
     2.190
     2.210
     2.474
     2.725
     2.578
     2.237
     2.317
     2.357
     2.376
     2.718
     2.329
     2.917
     2.332
     2.207
     2.648
     2.195
     2.073
     2.297
     2.183
     2.105
     2.632
     2.227
     1.949
     2.620
     2.113
     2.273
     1.993
     2.155
     2.222
     2.273
     2.746
     1.928
     2.288
     2.446
     1.475
     1.828
     1.419
     2.600
     2.574
     2.341
     2.144
     2.289
     2.341
     2.502
     2.682
     2.390
     2.523
     2.462
     1.457
     2.740
     2.446
     2.358
     2.402
     2.378
     2.782
     2.497
     2.695
     2.172
     2.565
     1.734
     2.451
     2.546
     2.795
     2.207
     2.172
     2.741
     2.689
     2.704
     2.584
     2.944
     2.448
     2.425
     2.389
     2.522
     2.131
     2.332
     2.621
     2.683
     2.642
     2.625
     2.079
     2.044
     1.536
     2.140
     2.841
     2.530
     2.604
     2.256
     1.901
     2.540
     2.552
     2.153
     2.294
     2.788
     2.130
     2.639
     2.344
     2.291
     2.172
     2.105
     2.140
     2.501
     2.688
     2.148
     2.644
     2.636
     2.589
     2.439
     2.675
     2.108
     2.839
     2.357
     1.996
     2.627
     2.110
     2.160
     2.711
     2.495
     2.279
     2.265
     2.472
     2.119
     2.422
     2.055
     2.270
     2.259
     2.431
     2.621
     2.081
     2.655
     2.805
     2.813
     2.296
     2.045
     2.375
     2.523
     2.207
     2.526
     2.439
     2.692
     2.490
     2.578
     2.213
     2.362
     2.770
     2.706
     2.812
     2.683
     2.213
     2.487
     2.577
     2.453
     2.275
     2.526
     2.267
     2.411
     2.659
     2.289
     2.490
     2.704
     2.124
     2.785
     2.461
     2.150
     2.745
     2.630
     2.714
     2.726
     2.664
     2.655
     2.136
     2.160
     2.956
     2.073
     2.767
     2.347
     2.554
     2.691
     2.699
     2.591
     2.290
     2.746
     2.250
     2.492
     1.800
     2.508
     2.084
     2.187
     2.820
     2.478
     2.453
     2.261
     2.373
     2.673
     2.219
     2.895
     2.465
     2.522
     2.012
     2.945
     2.749
     2.762
     1.938
     2.116
     2.483
     2.714
     2.530
     2.447
     2.422
     2.712
     2.291
     2.657
     2.484
     2.581
     2.725
     2.304
     1.920
     2.579
     1.210
     2.753
     2.015
     1.994
     2.644
     2.403
     1.571
     2.636
     2.410
     2.464
     2.389
     2.448
     2.880
     1.778
     2.636
     2.511
     2.245
     2.608
     2.263
     1.979
     2.718
     2.654
     2.402
     2.633
     2.432
     2.763
     2.659
     2.508
     2.278
     2.513
     2.461
     2.543
     2.076
     2.215
     2.679
     1.976
     2.865
     2.459
     2.739
     2.396
     2.732
     1.437
     2.610
     2.599
     2.449
     2.586
     2.236
     2.622
     2.635
     2.862
     2.354
     2.359
     2.708
     2.526
     2.344
     2.510
     2.612
     2.647
     2.610
     2.492
     2.674
     2.405
     2.422
     2.594
     2.594
     2.368
     2.170
     2.071
     2.348
     2.651
     2.641
     2.253
     2.101
     1.955
     2.632
     2.391
     1.977
     2.445
     2.535
     2.094
     2.877
     2.979
     2.058
     2.463
     2.646
     2.340
     2.660
     2.132
     2.234
     2.668
     2.621
     2.342
     2.435
     2.726
     1.979
     2.005
     2.402
     2.535
     2.277
     2.620
     2.204
     2.443
     2.153
     2.421
     2.441
     2.670
     1.815
     2.022
     1.981
     2.683
     2.518
     2.776
     2.807
     2.652
     2.635
     2.693
     2.840
     2.517
     2.011
     2.127
     2.693
     2.422
     2.434
     1.887
     2.808
     1.949
     2.643
     2.279
     2.365
     2.669
     2.735
     2.456
     2.941
     2.443
     1.837
     2.446
     2.179
     2.788
     2.693
     2.221
     2.142
     2.279
     2.610
     2.796
     2.582
     2.121
     2.172
     2.035
     2.504
     2.540
     2.453
     2.189
     2.524
     1.995
     2.631
     2.112
     2.329
     2.461
     2.289
     2.330
     2.371
     2.954
     2.568
     2.168
     2.107
     2.492
     2.525
     2.139
     2.616
     1.884
     2.172
     2.127
     3.013
     2.779
     2.245
     2.089
     2.605
     2.170
     2.322
     2.580
     2.464
     2.337
     2.351
     2.273
     2.853
     2.119
     2.382
     2.010
     2.094
     2.791
     2.494
     2.719
     1.838
     2.514
     2.862
     2.495
     1.692
     1.877
     2.200
     2.551
     2.143
     2.713
     2.124
     2.717
     2.466
     2.578
     2.612
     2.580
     2.544
     2.172
     2.750
     2.437
     2.561
     2.689
     2.679
     2.511
     2.573
     2.419
     2.377
     2.061
     2.610
     2.815
     2.075
     2.455
     2.559
     2.558
     2.294
     2.114
     2.636
     2.552
     1.979
     2.135
     2.721
     2.141
     2.881
     2.574
     2.406
     2.395
     2.316
     2.433
     2.684
     2.421
     2.721
     2.604
     2.456
     2.474
     2.783
     2.648
     2.743
     2.749
     2.160
     2.666
     2.387
     2.704
     2.093
     2.559
     2.491
     2.742
     2.798
     2.690
     2.556
     2.684
     2.144
     2.417
     2.879
     2.252
     2.537
     2.486
     2.504
     2.811
     2.828
     2.836
     2.543
     2.773
     2.751
     2.127
     2.609
     2.741
     2.554
     2.752
     2.712
     2.602
     1.889
     2.728
     1.981
     2.651
     2.669
     2.619
     2.337
     2.235
     2.520
     2.470
     2.523
     2.879
     2.689
     2.650
     2.497
     2.786
     2.153
     2.824
     2.427
     2.509
     2.156
     2.609
     2.573
     2.563
     2.623
     2.480
     2.521
     2.119
     2.689
     2.551
     2.647
     2.026
     2.654
     2.323
     2.450
     2.496
     2.636
     2.485
     2.306
     2.601
     2.139
     2.655
     2.554
     2.732
     2.205
     2.269
     2.633
     2.555
     2.313
     2.386
     2.483
     1.953
     2.285
     1.552
     2.773
     2.745
     2.671
     2.015
     2.788
     2.552
     2.530
     1.956
     2.385
     2.653
     2.185
     2.331
     2.576
     2.796
     2.665
     2.226
     2.167
     2.348
     2.526
     2.125
     2.250
     2.416
     2.538
     2.132
     2.653
     2.290
     2.614
     2.132
     2.365
     2.754
     2.626
     2.631
     2.042
     1.995
     2.611
     2.211
     2.509
     2.238
     2.637
     2.557
     2.816
     2.217
     2.665
     1.987
     2.099
     2.162
     2.201
     2.129
     2.023
     2.446
     2.647
     2.404
     1.977
     2.651
     2.047
     2.163
     1.682
     2.374
     2.602
     2.070
     2.995
     2.480
     2.299
     2.459
     2.204
     2.784
     2.490
     2.351
     1.833
     2.771
     2.355
     2.267
     2.232
     2.120
     2.689
     2.656
     2.257
     2.741
     2.422
     2.333
     2.396
     2.581
     1.797
     2.871
     1.582
     1.968
     2.041
     2.229
     2.155
     2.694
     2.519
     2.503
     2.825
     2.141
     2.536
     2.753
     2.359
     2.359
     2.419
     2.114
     2.790
     2.399
     2.529
     2.490
     2.026
     2.643
     2.124
     2.224
     2.353
     2.242
     2.745
     2.706
     2.528
     2.163
     2.583
     2.789
     2.753
     2.357
     2.352
     2.675
     2.036
     2.495
     2.106
     2.174
     2.623
     2.399
     2.609
     2.433
     2.736
     2.313
     1.444
     2.237
     2.394
     2.388
     2.279
     2.523
     2.438
     2.065
     2.079
     2.496
     2.533
     2.749
     2.734
     2.743
     2.095
     2.743
     2.290
     1.836
     1.907
     2.798
     2.160
     1.962
     2.396
     2.182
     2.077
     2.272
     2.537
     2.789
     2.075
     2.741
     2.562
     2.453
     2.470
     2.531
     2.670
     2.557
     2.741
     2.127
     2.060
     2.555
     2.176
     2.561
     2.868
     2.486
     2.672
     2.501
     2.493
     2.185
     2.240
     2.765
     2.457
     2.790
     2.669
     2.333
     2.701
     2.441
     2.106
     2.664
     2.814
     2.476
     2.160
     2.605
     2.260
     2.327
     2.488
     1.969
     2.501
     2.646
     2.126
     2.789
     2.826
     2.369
     2.064
     2.616
     2.624
     2.708
     2.700
     2.595
     2.236
     2.367
     1.510
     2.471
     2.279
     2.691
     2.471
     2.533
     2.991
     2.348
     2.514
     2.473
     2.135
     2.559
     2.584
     2.525
     1.932
     2.408
     2.705
     2.597
     2.644
     1.833
     2.745
     2.674
     2.364
     2.741
     2.773
     2.440
     2.263
     2.193
     2.237
     2.702
     2.198
     2.599
     2.673
     2.311
     2.101
     2.221
     2.393
     2.603
     2.040
     2.197
     2.497
     2.439
     2.609
     2.519
     2.253
     2.850
     2.309
     2.779
     2.762
     1.900
     2.660
     2.575
     2.302
     2.303
     2.837
     1.941
     2.682
     2.202
     2.160
     2.747
     2.077
     2.678
     2.479
     2.048
     1.984
     2.233
     3.006
     2.791
     2.664
     2.769
     2.304
     1.739
     2.666
     2.742
     2.006
     2.066
     2.752
     1.835
     2.188
     2.314
     2.030
     2.262
     2.623
     2.078
     2.749
     2.364
     2.261
     2.297
     1.888
     2.351
     2.088
     2.448
     1.775
     2.345
     2.427
     2.546
     2.740
     2.884
     2.291
     2.635
     2.230
     2.401
     2.503
     2.721
     2.099
     2.598
     1.970
     2.449
     2.437
     2.407
     2.692
     2.382
     2.211
     2.910
     2.585
     2.430
     2.672
     2.610
     2.617
     2.501
     2.593
     2.625
     1.877
     2.814
     2.707
     2.551
     2.399
     2.367
     2.310
     2.665
     2.562
     2.107
     2.547
     2.293
     2.147
     2.483
     2.601
     2.022
     2.309
     2.394
     2.569
     2.670
     2.624
     2.384
     2.470
     1.926
     2.349
     2.495
     2.362
     2.432
     2.465
     2.512
     2.730
     2.148
     1.995
     2.474
     2.656
     2.128
     2.191
     2.337
     2.774
     2.757
     2.327
     1.878
     2.454
     2.718
     2.447
     2.035
     2.480
     2.306
     2.267
     2.175
     2.394
     2.752
     2.742
     2.232
     2.640
     2.463
     2.175
     2.469
     2.023
     1.995
     2.745
     2.168
     1.749
     2.004
     2.505
     2.430
     2.785
     2.669
     2.414
     2.013
     2.401
     2.066
     2.579
     2.275
     1.928
     2.706
     2.306
     2.230
     2.574
     2.174
     2.121
     2.950
     2.546
     2.207
     2.219
     2.454
     2.656
     2.444
     2.279
     2.097
     2.130
     2.245
     2.597
     2.428
     2.110
     1.902
     2.199
     2.854
     2.237
     2.418
     2.462
     2.463
     2.660
     2.600
     2.570
     2.714
     2.690
     2.439
     2.598
     2.220
     2.998
     2.653
     2.425
     2.337
     2.861
     2.487
     2.715
     2.404
     2.387
     2.017
     2.719
     2.132
     2.675
     2.328
     2.979
     2.159
     2.496
     2.131
     2.180
     2.191
     2.833
     2.496
     1.611
     2.803
     2.307
     2.100
     1.955
     2.288
     1.823
     2.800
     2.296
     2.170
     2.550
     2.705
     2.294
     2.104
     2.509
     2.605
     2.223
     2.578
     2.535
     2.269
     2.384
     2.090
     2.749
     2.204
     2.292
     1.345
     2.784
     2.952
     2.543
     2.547
     2.740
     2.628
     2.448
     2.571
     2.780
     2.768
     2.153
     2.158
     2.801
     2.446
     2.016
     2.061
     2.155
     2.283
     2.370
     2.243
     2.155
     2.263
     2.075
     2.303
     2.128
     2.534
     2.119
     2.221
     2.607
     2.342
     2.592
     2.121
     2.654
     2.534
     2.618
     2.414
     2.085
     2.611
     2.584
     2.479
     2.057
     2.410
     2.136
     2.796
     2.754
     2.542
     2.864
     2.443
     2.698
     2.179
     2.724
     1.543
     2.674
     2.724
     2.770
     2.642
     2.331
     2.831
     2.368
     2.107
     2.873
     2.384
     2.135
     2.790
     2.133
     2.634
     2.166
     2.479
     2.525
     2.041
     2.406
     2.654
     2.558
     1.985
     1.914
     2.353
     1.651
     2.247
     2.669
     2.498
     2.710
     2.006
     2.140
     2.583
     2.601
     2.594
     2.076
     2.533
     1.762
     2.574
     2.169
     2.183
     2.520
     2.055
     2.140
     2.222
     2.146
     1.938
     2.074
     2.461
     2.609
     2.277
     2.279
     2.594
     2.792
     2.618
     2.626
     1.635
     2.027
     1.936
     2.536
     2.271
     1.434
     2.449
     2.676
     2.467
     2.316
     2.760
     2.260
     2.712
     2.651
     2.718
     2.487
     2.264
     2.365
     2.499
     2.550
     2.369
     2.467
     2.944
     2.607
     2.451
     2.294
     2.430
     2.657
     2.655
     2.078
     2.443
     2.134
     2.869
     2.369
     2.536
     2.109
     2.192
     2.157
     2.436
     2.767
     2.613
     2.094
     2.333
     2.370
     2.753
     2.605
     2.468
     2.694
     2.715
     2.607
     2.462
     2.321
     2.130
     2.677
     2.876
     2.949
     2.531
     2.353
     2.675
     2.330
     2.701
     2.606
     2.167
     2.548
     2.371
     2.248
     1.393
     2.100
     2.685
     2.518
     2.176
     2.201
     2.180
     2.539
     2.249
     2.697
     1.804
     2.408
     2.177
     1.915
     2.639
     2.104
     2.663
     2.274
     2.849
     2.848
     2.343
     2.800
     2.359
     1.445
     2.340
     2.561
     2.477
     2.563
     2.527
     2.125
     2.481
     2.477
     2.556
     2.459
     2.349
     2.564
     2.590
     2.373
     2.204
     2.479
     2.410
     2.694
     2.618
     2.240
     2.079
     2.472
     2.370
     2.484
     1.590
     2.079
     2.612
     2.282
     2.548
     2.107
     2.564
     2.707
     2.520
     2.110
     2.309
     2.586
     2.091
     2.096
     2.410
     1.947
     2.504
     2.613
     2.813
     2.790
     2.887
     2.448
     2.339
     2.316
     2.247
     2.570
     2.669
     2.233
     2.782
     2.033
     2.433
     2.243
     2.313
     1.947
     2.235
     2.385
     2.523
     2.617
     2.139
     1.898
     2.243
     2.571
     2.456
     2.565
     2.580
     2.493
     2.428
     2.484
     2.754
     2.712
     2.713
     2.313
     2.916
     2.760
     2.489
     2.568
     2.688
     2.640
     2.215
     2.885
     2.060
     2.652
     2.704
     2.050
     2.618
     2.476
     2.339
     2.679
     2.655
     2.422
     2.755
     2.456
     2.383
     2.076
     2.496
     2.599
     2.439
     2.141
     2.729
     2.236
     2.674
     2.048
     2.769
     1.951
     2.641
     2.588
     2.435
     2.721
     2.657
     2.256
     2.472
     2.275
     2.624
     2.516
     2.693
     2.129
     2.550
     2.002
     2.678
     2.653
     1.871
     2.220
     2.128
     2.060
     2.804
     2.618
     2.660
     2.557
     2.611
     2.709
     2.484
     2.763
     2.615
     2.763
     2.222
     2.565
     2.450
     2.741
     2.196
     2.660
     2.131
     2.454
     2.553
     1.369
     2.705
     2.713
     2.145
     2.073
     2.266
     2.482
     2.240
     2.153
     2.449
     2.181
     2.171
     2.593
     2.649
     2.817
     2.327
     2.333
     2.074
     2.438
     2.687
     2.723
     2.415
     1.979
     2.566
     2.121
     2.420
     2.717
     2.980
     2.231
     2.394
     2.348
     2.410
     2.412
     2.672
     2.663
     2.765
     2.317
     2.731
     2.966
     2.310
     2.136
     2.132
     2.171
     2.203
     2.147
     2.710
     2.691
     2.094
     2.903
     2.034
     1.339
     2.707
     2.108
     2.650
     2.602
     2.638
     2.337
     2.730
     2.356
     2.283
     2.006
     2.259
     2.439
     2.787
     2.226
     2.175
     2.106
     2.503
     2.849
     2.492
     2.290
     2.431
     2.553
     2.668
     2.681
     2.647
     2.501
     2.235
     2.537
     2.196
     2.101
     2.430
     2.279
     2.328
     2.035
     2.642
     2.334
     2.587
     2.591
     2.698
     2.871
     2.118
     2.679
     2.516
     2.336
     2.601
     2.145
     2.739
     2.594
     2.443
     2.127
     2.431
     2.187
     2.404
     2.760
     2.036
     2.421
     2.271
     2.129
     2.658
     2.529
     2.524
     2.254
     2.376
     2.087
     2.441
     2.226
     2.470
     2.563
     2.678
     2.736
     2.327
     1.943
     2.334
     2.971
     2.537
     2.681
     2.850
     2.544
     2.302
     2.678
     2.825
     2.861
     2.404
     2.713
     2.329
     2.423
     2.397
     2.393
     2.470
     2.975
     2.184
     2.328
     2.560
     2.467
     2.093
     2.429
     1.665
     2.756
     2.667
     2.153
     2.523
     2.563
     2.163
     2.539
     2.542
     2.805
     2.303
     2.870
     2.757
     2.133
     2.536
     1.606
     2.274
     2.013
     2.146
     1.925
     2.354
     2.213
     2.719
     2.320
     2.692
     2.493
     2.063
     2.617
     2.515
     2.403
     2.131
     1.674
     2.455
     2.487
     2.427
     1.747
     2.244
     2.095
     2.152
     2.131
     2.198
     2.462
     2.706
     2.211
     2.737
     1.819
     1.997
     2.469
     2.697
     2.231
     2.410
     2.404
     2.141
     2.591
     2.327
     2.586
     2.598
     2.781
     2.028
     2.353
     2.755
     2.100
     2.162
     2.604
     2.707
     2.650
     2.066
     2.515
     2.433
     2.315
     2.354
     2.361
     2.610
     2.467
     2.497
     2.718
     2.516
     2.653
     2.578
     2.235
     2.400
     2.364
     2.584
     2.742
     2.178
     2.872
     2.205
     2.463
     2.488
     2.676
     2.698
     2.086
     2.778
     2.039
     2.692
     2.362
     2.425
     2.608
     2.579
     2.708
     2.022
     2.477
     2.095
     2.283
     2.077
     2.286
     2.411
     2.622
     2.466
     2.414
     2.653
     1.966
     1.809
     2.583
     2.128
     2.334
     2.761
     2.075
     2.647
     2.668
     2.121
     2.590
     2.776
     2.809
     1.675
     2.095
     2.625
     1.823
     2.974
     2.485
     2.399
     2.562
     2.637
     2.471
     2.135
     2.651
     2.275
     2.341
     2.670
     2.781
     2.148
     2.704
     2.152
     2.639
     2.283
     2.345
     2.730
     2.310
     2.543
     2.558
     2.626
     2.260
     2.551
     2.498
     2.272
     2.429
     2.099
     2.215
     2.624
     2.825
     2.465
     2.766
     2.485
     2.700
     2.508
     1.967
     2.367
     2.483
     2.777
     1.984
     2.448
     2.782
     1.560
     2.591
     1.970
     2.257
     2.526
     2.588
     2.388
     2.364
     2.559
     2.317
     2.893
     1.983
     2.925
     2.661
     2.095
     2.836
     1.983
     2.630
     2.369
     2.150
     2.570
     2.685
     2.231
     2.165
     2.723
     2.272
     2.431
     2.335
     2.721
     2.615
     2.283
     2.091
     2.727
     2.228
     2.284
     2.020
     2.368
     2.551
     2.222
     2.422
     2.334
     2.547
     2.199
     2.250
     2.127
     2.111
     2.106
     2.494
     2.214
     2.517
     2.017
     1.950
     2.456
     2.114
     2.040
     2.061
     1.874
     2.393
     2.628
     2.617
     2.755
     2.133
     2.236
     1.831
     2.214
     2.268
     2.034
     2.131
     2.634
     2.542
     2.639
     2.703
     2.533
     2.103
     2.898
     2.415
     2.138
     2.733
     2.215
     2.353
     2.144
     2.429
     2.505
     2.763
     2.130
     1.610
     2.629
     2.550
     2.216
     2.679
     2.327
     2.753
     2.510
     2.613
     2.664
     2.533
     2.774
     2.465
     2.537
     2.292
     2.532
     2.772
     2.655
     2.140
     2.638
     2.666
     2.221
     2.349
     2.569
     2.242
     2.287
     2.717
     2.836
     2.281
     2.041
     2.812
     2.751
     2.318
     2.175
     2.601
     2.208
     2.770
     2.747
     2.204
     2.356
     2.407
     2.683
     2.355
     2.160
     2.328
     2.240
     2.472
     2.587
     2.161
     1.967
     2.211
     2.142
     2.447
     2.471
     2.148
     2.088
     2.526
     2.332
     2.641
     2.484
     1.824
     2.593
     2.497
     2.664
     2.151
     2.494
     2.347
     2.424
     2.228
     2.533
     2.737
     2.567
     2.697
     2.064
     2.068
     2.205
     2.615
     2.459
     1.216
     2.479
     1.410
     2.175
     2.148
     2.342
     2.658
     2.466
     2.613
     2.258
     2.136
     2.654
     2.443
     1.708
     2.236
     1.044
     2.598
     2.671
     2.674
     2.369
     2.080
     2.146
     2.680
     2.622
     2.530
     2.106
     2.644
     2.732
     2.539
     2.173
     2.552
     2.388
     2.588
     2.377
     2.526
     2.755
     2.132
     1.618
     2.026
     2.889
     2.419
     2.477
     2.736
     2.166
     2.602
     2.206
     2.670
     2.394
     2.189
     1.737
     2.835
     2.739
     2.128
     2.389
     2.441
     2.691
     2.420
     2.878
     2.619
     2.294
     2.214
     2.444
     2.746
     2.293
     2.284
     2.285
     2.250
     2.282
     2.637
     2.072
     2.060
     2.248
     2.132
     1.732
     2.367
     2.251
     2.274
     2.149
     2.469
     2.545
     2.077
     2.657
     2.431
     2.679
     2.133
     2.685
     2.413
     2.366
     2.164
     2.358
     2.487
     2.553
     2.440
     2.099
     2.199
     1.905
     2.381
     2.759
     2.278
     2.802
     2.804
     2.527
     2.484
     2.159
     2.467
     2.518
     2.575
     2.394
     2.410
     2.365
     2.063
     2.194
     1.936
     2.382
     2.510
     2.357
     2.043
     2.028
     2.244
     2.412
     2.264
     2.777
     2.316
     2.714
     2.451
     2.449
     1.963
     2.667
     2.120
     2.155
     2.711
     2.417
     2.326
     2.730
     2.688
     2.364
     2.351
     2.250
     2.105
     2.236
     2.446
     1.852
     2.378
     2.171
     2.561
     2.308
     2.309
     2.231
     2.618
     2.198
     2.151
     2.158
     2.250
     2.934
     2.138
     2.074
     1.923
     2.123
     2.578
     2.647
     2.485
     2.238
     2.413
     2.840
     2.566
     2.810
     2.293
     2.315
     2.540
     2.113
     2.605
     2.622
     2.492
     2.125
     2.182
     2.681
     2.800
     2.049
     2.441
     2.080
     2.389
     2.285
     2.671
     2.615
     2.593
     2.126
     2.541
     1.993
     2.420
     2.293
     2.166
     2.079
     2.794
     2.519
     2.578
     2.695
     2.021
     2.631
     2.263
     2.006
     2.119
     2.206
     2.616
     2.514
     2.721
     2.802
     2.260
     2.072
     2.248
     2.718
     2.429
     2.641
     2.006
     2.057
     2.549
     2.051
     2.394
     2.152
     2.246
     2.581
     2.121
     1.643
     2.550
     2.662
     2.524
     2.294
     2.657
     2.577
     2.631
     2.405
     2.437
     2.396
     2.830
     2.394
     2.290
     1.820
     2.365
     2.170
     2.693
     2.357
     2.579
     2.230
     2.914
     2.675
     2.233
     2.132
     2.509
     2.573
     2.708
     1.962
     2.059
     0.950
     2.389
     2.383
     2.752
     2.222
     2.158
     2.630
     2.492
     2.666
     2.388
     2.471
     2.739
     2.722
     2.126
     2.507
     2.765
     2.346
     2.891
     2.049
     2.553
     2.745
     2.424
     2.112
     2.471
     2.688
     2.911
     2.568
     2.328
     2.799
     2.271
     2.132
     2.107
     2.139
     2.382
     2.498
     2.685
     2.811
     2.528
     1.991
     2.265
     2.042
     2.743
     2.464
     2.041
     2.429
     2.301
     2.510
     2.406
     2.128
     2.025
     2.532
     2.184
     2.132
     2.694
     2.092
     2.786
     2.605
     2.359
     2.362
     2.118
     2.287
     2.758
     2.258
     2.603
     2.612
     1.733
     2.464
     2.132
     2.746
     2.176
     2.898
     2.168
     2.337
     2.181
     2.461
     2.430
     2.559
     2.151
     2.689
     2.627
     2.124
     2.366
     2.517
     2.684
     2.614
     2.283
     2.180
     2.234
     2.513
     2.053
     2.743
     2.230
     2.891
     2.936
     1.998
     2.187
     2.462
     1.880
     2.731
     2.460
     2.733
     2.498
     1.996
     2.161
     2.350
     2.219
     2.470
     2.738
     2.448
     2.083
     2.328
     2.221
     2.434
     2.462
     2.710
     2.366
     2.661
     2.222
     2.776
     2.752
     2.115
     2.776
     2.722
     2.140
     2.476
     2.803
     2.394
     2.168
     2.298
     2.173
     2.227
     2.571
     2.608
     2.611
     2.714
     2.564
     2.122
     2.340
     2.645
     2.822
     2.782
     2.283
     2.142
     2.605
     2.122
     2.416
     2.205
     2.245
     2.183
     2.875
     2.214
     2.024
     2.216
     2.507
     2.220
     2.749
     2.302
     2.508
     2.504
     2.010
     2.039
     2.408
     2.598
     2.976
     1.774
     2.673
     2.323
     2.559
     2.566
     2.113
     2.556
     2.590
     2.241
     2.284
     2.482
     2.775
     2.523
     2.011
     2.393
     2.863
     2.913
     2.146
     2.743
     1.953
     2.285
     2.519
     2.264
     1.837
     2.214
     2.200
     2.266
     2.453
     2.350
     2.302
     2.400
     2.679
     2.432
     2.110
     2.199
     2.821
     2.166
     2.685
     2.616
     1.944
     2.105
     2.346
     2.013
     2.545
     2.679
     2.761
     2.000
     2.768
     2.326
     2.188
     2.454
     2.249
     2.660
     2.799
     2.573
     2.225
     1.999
     2.729
     2.621
     2.634
     2.341
     2.069
     2.482
     2.131
