     3.361
     3.656
     3.381
     3.386
     3.372
     3.347
     3.266
     3.190
     3.167
     3.150
     3.134
     3.159
     3.206
     3.227
     3.233
     3.243
     3.245
     3.250
     3.259
     3.257
     3.251
     3.248
     3.236
     3.206
     3.163
     3.123
     3.098
     3.102
     3.123
     3.138
     3.155
     3.150
     3.135
     3.106
     3.103
     3.086
     3.068
     3.039
     3.053
     3.082
     3.193
     3.252
     3.303
     3.377
     3.431
     3.534
     3.600
     3.641
     3.650
     3.638
     3.601
     3.547
     3.522
     3.467
     3.431
     3.387
     3.372
     3.344
     3.330
     3.326
     3.316
     3.320
     3.357
     3.411
     3.438
     3.472
     3.503
     3.529
     3.550
     3.538
     3.523
     3.526
     3.530
     3.527
     3.533
     3.585
     3.646
     3.736
     3.884
     4.012
     4.105
     4.136
     4.091
     4.063
     4.028
     3.976
     4.057
     4.119
     4.292
     4.404
     4.440
     4.438
     4.419
     4.381
     4.323
     4.295
     4.267
     4.256
     4.244
     4.232
     4.129
     4.038
     3.940
     3.878
     3.843
     3.820
     3.806
     3.858
     3.849
     3.867
     3.891
     3.966
     3.989
     3.962
     3.932
     3.926
     3.880
     3.869
     3.793
     3.783
     3.781
     3.787
     3.809
     3.801
     3.773
     3.685
     3.519
     3.303
     3.093
     2.985
     3.159
     3.405
     3.452
     3.506
     3.548
     3.564
     3.591
     3.613
     3.690
     3.725
     3.735
     3.799
     3.962
     4.121
     4.243
     4.346
     4.424
     4.457
     4.462
     4.464
     4.444
     4.389
     4.330
     4.237
     4.162
     4.140
     4.132
     4.132
     4.211
     4.282
     4.272
     4.217
     4.133
     3.977
     3.681
     3.502
     3.262
     3.257
     3.263
     3.325
     3.379
     3.454
     3.521
     3.561
     3.576
     3.591
     3.664
     3.668
     3.673
     3.748
     3.826
     3.954
     4.090
     4.259
     4.382
     4.445
     4.463
     4.463
     4.454
     4.453
     4.432
     4.405
     4.363
     4.310
     4.270
     4.215
     4.189
     4.172
     4.149
     4.116
     4.060
     4.002
     3.936
     3.875
     3.822
     3.750
     3.653
     3.517
     3.457
     3.567
     3.661
     3.695
     3.724
     3.768
     3.870
     3.987
     4.052
     4.089
     4.083
     4.028
     3.933
     3.732
     3.497
     3.070
     2.838
     3.074
     3.208
     3.399
     3.572
     3.713
     3.817
     3.922
     3.944
     3.960
     3.962
     3.967
     3.897
     3.829
     3.743
     3.618
     3.456
     3.322
     3.381
     3.567
     3.599
     3.599
     3.588
     3.590
     3.589
     3.586
     3.619
     3.645
     3.665
     3.661
     3.627
     3.609
     3.572
     3.505
     3.434
     3.356
     3.279
     3.234
     3.183
     3.142
     3.135
     3.124
     3.156
     3.206
     3.242
     3.243
     3.299
     3.325
     3.346
     3.354
     4.646
     3.299
     3.465
     4.267
     3.834
     3.741
     3.507
     3.117
     3.153
     3.837
     4.149
     3.922
     3.917
     3.516
     4.098
     3.660
     3.901
     4.224
     3.459
     2.978
     2.427
     4.034
     4.401
     3.363
     4.499
     3.935
     3.756
     3.029
     3.718
     4.288
     3.732
     3.614
     3.146
     2.912
     3.281
     2.523
     3.855
     3.354
     3.368
     4.060
     3.379
     1.919
     3.538
     3.567
     3.938
     4.031
     3.867
     3.876
     3.682
     3.797
     3.318
     3.660
     4.653
     4.154
     3.551
     4.128
     4.119
     4.138
     3.434
     4.293
     4.192
     4.171
     4.310
     4.280
     4.436
     2.317
     3.569
     3.975
     4.011
     3.390
     3.653
     1.592
     4.298
     3.105
     3.560
     4.415
     3.352
     4.333
     3.488
     3.718
     3.109
     3.100
     2.348
     3.737
     4.187
     2.788
     3.298
     4.657
     3.979
     2.601
     3.654
     4.007
     2.031
     3.321
     3.262
     3.856
     2.932
     3.244
     4.334
     3.735
     3.406
     3.595
     2.301
     3.914
     3.456
     3.201
     3.774
     3.237
     3.329
     3.591
     3.663
     3.832
     3.583
     4.142
     4.081
     4.199
     2.994
     3.124
     3.590
     4.501
     3.703
     4.006
     3.297
     3.459
     3.501
     3.460
     3.727
     3.430
     4.188
     3.434
     4.081
     3.744
     3.846
     4.175
     4.380
     2.668
     4.081
     3.697
     3.863
     3.495
     2.766
     4.324
     3.851
     2.946
     3.528
     3.831
     3.839
     3.185
     3.104
     2.801
     4.280
     2.743
     3.234
     3.594
     4.113
     3.290
     3.679
     3.328
     3.875
     4.459
     3.966
     3.620
     3.500
     3.387
     3.089
     4.205
     3.878
     4.094
     3.305
     4.278
     4.241
     4.073
     3.395
     3.611
     3.933
     3.468
     3.621
     2.869
     3.444
     3.350
     3.990
     3.155
     3.781
     4.121
     4.572
     4.123
     3.250
     3.694
     3.771
     2.726
     4.446
     3.794
     3.874
     4.377
     4.170
     4.004
     3.454
     3.802
     3.471
     3.919
     4.489
     4.173
     3.992
     4.582
     3.260
     3.038
     3.491
     4.481
     3.875
     4.130
     3.469
     4.569
     3.797
     3.926
     3.963
     3.427
     3.572
     3.547
     3.545
     1.902
     4.049
     3.111
     2.937
     4.362
     4.321
     3.191
     3.368
     3.497
     3.018
     2.980
     3.284
     2.569
     3.200
     4.337
     4.114
     3.814
     3.751
     4.416
     2.301
     2.404
     3.777
     3.885
     2.932
     4.253
     3.261
     3.174
     4.413
     3.458
     3.681
     3.959
     2.938
     3.732
     3.364
     3.252
     3.643
     4.019
     3.160
     3.584
     4.168
     4.467
     4.424
     3.725
     3.373
     3.861
     3.779
     2.890
     4.535
     3.934
     3.261
     3.353
     3.621
     4.314
     4.318
     3.845
     2.913
     2.383
     3.973
     3.949
     3.380
     3.929
     3.871
     3.249
     3.469
     3.408
     3.923
     3.571
     4.130
     4.206
     3.316
     3.759
     3.390
     4.223
     3.329
     3.898
     3.889
     3.676
     2.638
     3.564
     3.847
     3.887
     4.612
     3.458
     3.343
     4.020
     4.175
     4.238
     4.032
     3.956
     2.986
     3.818
     3.410
     4.656
     3.422
     4.340
     3.365
     3.099
     3.284
     3.719
     3.650
     2.897
     3.499
     3.978
     3.234
     3.342
     3.952
     3.922
     2.229
     3.373
     4.178
     3.781
     3.349
     3.451
     4.327
     3.236
     3.218
     2.858
     4.307
     4.475
     3.763
     4.123
     2.842
     2.997
     3.373
     3.334
     3.809
     3.818
     3.264
     2.891
     3.560
     3.428
     3.287
     4.085
     4.555
     4.021
     4.129
     3.361
     3.989
     3.668
     3.550
     4.498
     3.981
     3.325
     3.906
     3.246
     4.143
     4.119
     3.550
     3.942
     3.375
     3.918
     3.802
     3.427
     3.282
     3.711
     3.398
     4.492
     4.016
     3.271
     2.069
     3.989
     2.897
     3.860
     2.841
     4.028
     3.833
     4.013
     3.542
     3.716
     4.217
     3.566
     3.871
     3.613
     4.428
     4.652
     4.044
     3.775
     2.066
     3.600
     4.072
     4.328
     3.314
     3.971
     3.063
     3.076
     3.842
     3.124
     2.194
     3.326
     3.427
     2.871
     3.899
     3.478
     3.523
     4.312
     3.511
     4.067
     3.395
     2.539
     2.037
     4.076
     4.099
     3.316
     3.604
     3.898
     3.208
     4.276
     3.299
     3.652
     4.569
     3.713
     3.848
     3.405
     4.177
     4.178
     3.729
     3.191
     2.846
     3.761
     3.961
     4.339
     3.517
     3.694
     3.692
     3.529
     3.932
     2.903
     3.714
     4.232
     4.119
     3.018
     4.088
     3.106
     3.814
     3.720
     3.346
     3.736
     3.499
     4.056
     3.690
     3.326
     4.361
     3.869
     3.366
     3.229
     3.002
     3.701
     3.660
     3.579
     3.520
     3.538
     3.818
     3.163
     3.986
     4.303
     3.714
     3.417
     3.976
     3.991
     3.089
     2.977
     3.818
     2.640
     4.149
     3.602
     3.542
     3.143
     3.916
     3.788
     3.455
     4.538
     4.277
     3.744
     4.101
     3.451
     4.010
     3.816
     3.029
     3.157
     3.037
     3.595
     4.123
     4.189
     4.103
     3.614
     4.322
     4.211
     4.649
     3.865
     3.384
     3.238
     4.140
     3.551
     2.611
     3.624
     1.153
     4.282
     2.961
     3.626
     2.831
     3.424
     3.373
     3.498
     2.904
     3.579
     4.446
     3.266
     4.008
     3.252
     2.318
     3.736
     2.949
     3.726
     3.177
     3.021
     3.611
     3.417
     3.754
     4.180
     2.616
     4.308
     4.586
     4.209
     4.274
     3.262
     2.871
     2.882
     3.505
     3.608
     3.965
     3.376
     3.391
     3.916
     3.547
     3.914
     4.426
     3.618
     3.041
     4.418
     4.462
     3.013
     3.308
     4.326
     3.436
     3.907
     4.409
     3.845
     4.020
     3.789
     4.111
     2.487
     4.048
     1.937
     3.383
     3.758
     3.935
     3.343
     3.148
     3.767
     3.436
     3.930
     3.594
     3.660
     3.020
     3.487
     4.345
     4.364
     4.329
     3.353
     4.395
     4.159
     4.086
     3.219
     3.997
     2.901
     3.473
     3.901
     3.415
     3.918
     3.180
     4.491
     4.062
     3.730
     3.067
     3.807
     3.108
     2.390
     3.142
     3.503
     3.035
     3.242
     3.326
     2.954
     4.127
     3.910
     4.123
     3.489
     3.258
     3.232
     3.879
     2.916
     4.078
     4.465
     3.792
     3.249
     2.823
     3.872
     3.895
     3.226
     3.860
     3.667
     3.344
     2.887
     3.982
     3.769
     3.529
     2.942
     3.161
     4.436
     3.403
     3.734
     3.905
     3.909
     3.152
     3.534
     3.375
     4.539
     4.030
     3.634
     3.458
     4.099
     3.459
     4.356
     4.312
     4.038
     3.434
     4.006
     3.957
     3.732
     1.975
     4.201
     3.370
     3.888
     3.679
     4.103
     2.981
     4.302
     3.358
     3.401
     3.355
     4.274
     3.439
     4.408
     4.425
     4.541
     1.895
     4.221
     4.377
     3.573
     2.212
     4.013
     4.429
     3.936
     4.673
     4.280
     3.731
     3.574
     3.032
     3.960
     3.364
     3.904
     4.040
     3.615
     3.194
     3.990
     3.802
     4.515
     3.981
     4.160
     2.915
     3.515
     3.923
     3.653
     4.259
     4.382
     4.226
     3.715
     4.199
     4.143
     3.348
     4.107
     2.739
     3.872
     4.218
     4.339
     3.872
     3.770
     3.801
     3.754
     3.032
     2.984
     4.031
     3.572
     4.256
     3.009
     2.983
     4.230
     3.932
     4.522
     3.040
     3.981
     3.926
     4.136
     4.009
     3.005
     4.398
     3.377
     4.204
     3.994
     4.016
     4.438
     3.367
     3.346
     3.406
     4.097
     3.880
     3.407
     2.075
     3.956
     3.394
     3.483
     3.847
     3.662
     4.575
     3.956
     3.972
     4.214
     4.070
     3.874
     4.233
     3.417
     3.452
     3.268
     4.374
     3.712
     4.431
     4.023
     3.754
     3.614
     4.189
     3.591
     3.553
     3.741
     3.795
     3.334
     3.716
     3.438
     3.449
     3.466
     3.785
     4.549
     2.217
     4.660
     3.516
     3.290
     4.037
     3.964
     4.316
     3.941
     2.727
     3.989
     3.308
     1.978
     3.902
     3.103
     3.055
     3.672
     4.297
     3.157
     4.311
     4.577
     4.077
     3.677
     3.050
     4.197
     4.343
     3.430
     3.714
     3.372
     3.050
     3.490
     4.374
     3.506
     4.536
     3.624
     1.680
     3.449
     3.411
     3.480
     4.222
     3.906
     3.972
     4.525
     3.960
     1.355
     3.393
     3.407
     3.629
     3.881
     3.562
     3.332
     3.943
     3.711
     4.094
     3.886
     3.749
     3.889
     3.523
     4.338
     3.379
     4.048
     3.808
     3.379
     3.454
     3.929
     3.439
     4.699
     3.116
     3.107
     3.011
     3.759
     3.774
     1.876
     4.194
     4.609
     3.444
     4.175
     3.886
     4.162
     4.275
     3.771
     3.307
     3.160
     3.384
     4.531
     3.782
     3.042
     3.140
     2.909
     3.978
     3.699
     1.986
     4.273
     3.886
     3.621
     4.488
     3.961
     3.395
     3.472
     4.205
     3.282
     3.628
     3.174
     3.222
     3.252
     4.041
     3.752
     3.648
     2.887
     3.670
     3.241
     3.955
     3.931
     4.260
     4.276
     3.690
     2.705
     3.706
     3.413
     4.183
     3.265
     3.741
     3.699
     3.483
     4.029
     3.962
     3.933
     3.944
     3.373
     3.799
     2.930
     4.352
     3.727
     4.320
     2.977
     3.440
     2.911
     3.570
     3.957
     3.763
     3.486
     4.322
     3.390
     4.611
     3.489
     3.057
     3.220
     3.327
     2.924
     4.043
     4.074
     4.393
     3.746
     3.345
     2.636
     3.426
     3.606
     3.777
     3.290
     3.441
     4.325
     3.556
     3.402
     3.354
     3.842
     2.940
     4.275
     3.274
     3.209
     3.599
     4.447
     4.405
     3.327
     3.398
     3.374
     3.154
     3.521
     3.213
     3.837
     4.491
     3.067
     3.196
     3.843
     1.624
     3.435
     4.225
     3.238
     2.883
     3.554
     3.701
     4.058
     3.432
     4.285
     3.652
     3.690
     4.108
     3.906
     2.375
     2.876
     4.015
     3.924
     3.543
     3.548
     3.823
     4.474
     3.316
     2.061
     3.951
     2.870
     4.484
     4.013
     3.577
     4.077
     3.588
     3.735
     2.815
     4.067
     4.178
     4.006
     4.584
     3.842
     3.332
     3.219
     3.938
     3.729
     4.475
     4.207
     4.381
     1.834
     3.774
     3.203
     3.819
     3.722
     3.901
     3.277
     3.789
     3.472
     4.290
     3.697
     3.742
     3.451
     3.604
     3.363
     2.897
     4.687
     3.395
     4.054
     3.971
     4.087
     4.307
     4.136
     3.770
     3.900
     4.167
     3.875
     4.008
     3.566
     4.471
     3.562
     4.010
     3.427
     3.989
     2.782
     3.908
     3.886
     3.226
     3.424
     3.077
     3.788
     4.125
     3.836
     3.644
     3.223
     3.978
     4.235
     2.652
     3.784
     4.406
     4.431
     3.706
     2.962
     3.971
     4.222
     3.484
     4.224
     3.788
     3.255
     2.934
     3.841
     4.040
     3.753
     4.289
     3.343
     3.807
     4.410
     3.015
     3.911
     2.777
     4.086
     3.463
     3.872
     3.718
     4.601
     3.247
     3.704
     3.244
     4.442
     2.757
     3.237
     3.378
     2.624
     3.442
     2.912
     3.398
     3.394
     3.269
     4.271
     3.549
     3.507
     3.290
     3.309
     4.470
     3.722
     3.936
     2.376
     3.742
     3.970
     3.643
     4.078
     4.015
     3.601
     3.583
     3.618
     3.820
     3.139
     4.021
     2.841
     4.234
     2.506
     2.840
     4.313
     2.836
     3.432
     3.152
     2.942
     3.400
     3.981
     3.329
     3.108
     4.080
     3.025
     4.344
     3.295
     4.042
     3.433
     3.888
     3.206
     3.181
     3.025
     3.603
     4.079
     4.373
     3.444
     3.611
     3.171
     3.529
     4.353
     3.524
     2.904
     3.455
     3.616
     3.139
     3.435
     4.108
     3.769
     4.228
     4.391
     3.942
     3.279
     4.208
     3.414
     3.642
     3.190
     3.603
     1.581
     4.029
     4.052
     3.803
     3.800
     3.922
     4.053
     2.982
     3.194
     3.103
     4.546
     3.092
     4.100
     3.347
     3.412
     3.708
     3.725
     3.879
     3.844
     1.469
     2.918
     3.256
     2.684
     3.899
     3.930
     3.745
     3.720
     3.412
     3.866
     3.365
     3.891
     3.154
     3.409
     4.077
     3.372
     3.736
     2.429
     3.202
     3.910
     3.840
     3.521
     3.680
     3.780
     3.644
     3.944
     3.380
     3.984
     4.060
     4.235
     4.038
     3.272
     2.864
     3.424
     3.899
     4.239
     3.636
     4.052
     4.013
     4.353
     3.938
     3.992
     3.688
     3.370
     4.328
     3.768
     3.934
     2.883
     3.423
     2.842
     3.753
     2.867
     3.831
     3.387
     3.710
     3.587
     4.044
     3.529
     3.455
     3.452
     2.958
     3.347
     3.176
     3.193
     3.551
     3.582
     3.779
     3.367
     3.162
     1.505
     4.287
     4.141
     3.944
     3.409
     3.391
     4.614
     3.726
     3.819
     4.332
     3.817
     3.378
     3.303
     3.979
     3.313
     4.604
     3.792
     4.129
     3.977
     2.802
     3.629
     3.358
     3.853
     3.512
     3.266
     3.209
     3.942
     2.472
     3.770
     3.991
     3.465
     4.132
     3.599
     3.993
     3.242
     4.506
     4.308
     3.798
     3.403
     4.218
     3.504
     3.359
     4.526
     3.438
     4.209
     3.819
     4.179
     4.200
     4.158
     4.569
     4.451
     3.258
     3.729
     4.138
     4.110
     1.449
     4.239
     3.104
     4.230
     4.407
     3.487
     3.023
     3.337
     4.063
     3.315
     4.045
     3.646
     3.803
     3.170
     4.580
     3.903
     1.445
     3.382
     3.517
     3.190
     3.697
     3.646
     3.489
     3.975
     3.534
     3.334
     3.980
     4.356
     3.899
     3.374
     4.041
     3.881
     3.311
     3.373
     3.699
     3.186
     2.918
     3.710
     4.194
     3.706
     3.247
     3.113
     2.276
     3.011
     3.228
     4.191
     3.364
     3.151
     3.801
     3.401
     2.740
     3.935
     2.823
     2.639
     2.810
     3.601
     3.811
     3.219
     3.131
     3.629
     4.224
     3.523
     2.103
     3.493
     4.445
     3.946
     3.337
     3.541
     2.847
     3.163
     3.694
     2.747
     3.383
     3.965
     3.664
     3.292
     3.972
     3.254
     3.787
     3.906
     4.212
     3.791
     3.984
     3.734
     3.478
     3.481
     3.487
     4.318
     3.836
     2.527
     3.008
     3.867
     3.356
     3.888
     4.241
     3.549
     3.664
     4.010
     4.061
     3.605
     4.047
     3.853
     3.882
     3.290
     3.235
     2.622
     3.456
     4.119
     3.982
     3.312
     3.763
     3.185
     4.201
     3.020
     3.731
     3.401
     3.744
     3.895
     3.005
     4.587
     3.704
     3.033
     4.500
     4.181
     3.469
     1.994
     3.326
     3.439
     3.866
     3.466
     3.340
     1.750
     4.111
     2.432
     3.893
     3.509
     3.872
     3.883
     4.062
     4.062
     3.504
     3.540
     4.045
     4.161
     3.894
     3.076
     3.550
     2.913
     4.548
     3.641
     3.359
     3.718
     3.811
     3.771
     3.959
     3.536
     3.829
     3.686
     3.598
     4.394
     3.595
     4.477
     3.553
     3.044
     3.830
     3.578
     3.585
     3.551
     4.206
     3.838
     2.922
     3.356
     4.377
     3.987
     3.490
     3.785
     3.697
     3.465
     4.101
     4.493
     3.870
     3.131
     2.828
     4.167
     3.516
     4.172
     3.834
     3.395
     3.992
     3.432
     3.366
     2.733
     3.333
     3.830
     3.824
     3.914
     3.366
     3.604
     2.429
     3.813
     4.050
     4.523
     3.623
     4.137
     3.893
     3.265
     3.119
     3.265
     4.063
     4.634
     3.616
     3.450
     4.583
     3.991
     4.078
     4.424
     4.276
     3.673
     3.844
     3.599
     3.584
     2.725
     4.539
     4.271
     3.333
     3.620
     3.485
     3.548
     3.878
     3.943
     4.267
     4.395
     3.407
     4.050
     2.795
     3.442
     3.871
     4.230
     3.614
     3.959
     3.412
     2.360
     3.651
     3.524
     3.982
     2.237
     2.981
     4.106
     3.285
     4.435
     3.418
     3.844
     3.602
     3.405
     4.218
     3.750
     4.017
     3.923
     3.802
     3.120
     3.409
     2.901
     2.837
     3.840
     4.478
     4.617
     3.110
     2.960
     4.176
     2.859
     3.095
     4.008
     3.871
     3.719
     3.106
     4.077
     3.576
     3.733
     1.999
     4.586
     4.010
     3.048
     3.336
     3.449
     3.224
     3.402
     3.028
     4.136
     3.337
     3.933
     3.207
     3.267
     3.946
     3.313
     3.383
     3.356
     3.861
     4.156
     3.883
     4.189
     2.401
     3.918
     3.262
     3.601
     4.048
     3.685
     2.920
     3.474
     4.035
     4.292
     4.295
     3.845
     3.526
     4.466
     4.011
     3.409
     4.362
     4.287
     4.531
     4.084
     3.882
     3.912
     3.208
     3.139
     3.034
     3.709
     1.753
     3.043
     3.813
     3.797
     3.928
     4.172
     3.460
     3.423
     4.189
     4.143
     4.225
     3.035
     3.532
     3.214
     3.419
     3.662
     4.049
     3.467
     4.043
     3.768
     3.909
     4.710
     2.405
     2.225
     4.261
     3.679
     3.461
     3.536
     3.013
     4.068
     3.332
     3.413
     4.109
     4.363
     3.037
     4.143
     3.923
     3.842
     3.413
     3.151
     3.588
     4.274
     3.079
     3.797
     4.555
     3.389
     3.513
     2.177
     3.759
     4.338
     4.134
     3.404
     3.814
     3.012
     4.136
     3.906
     3.743
     3.446
     4.074
     3.859
     4.020
     4.357
     3.410
     3.883
     2.930
     4.481
     3.872
     2.240
     3.758
     3.681
     3.662
     3.077
     3.267
     3.673
     3.586
     3.431
     3.880
     3.461
     3.205
     4.359
     3.319
     3.961
     3.808
     2.808
     3.603
     3.096
     4.024
     3.735
     3.889
     3.871
     3.160
     4.098
     2.694
     3.873
     2.491
     3.968
     3.110
     4.045
     3.629
     3.827
     3.676
     4.018
     4.032
     3.945
     3.206
     4.070
     3.872
     3.073
     3.269
     3.779
     3.797
     3.618
     3.418
     3.518
     4.511
     4.415
     4.284
     4.637
     3.406
     3.189
     3.816
     3.381
     4.008
     3.828
     3.660
     2.667
     3.691
     4.038
     3.442
     3.575
     3.805
     3.501
     3.449
     2.834
     4.216
     4.572
     4.139
     4.285
     3.566
     3.367
     3.883
     4.262
     3.448
     3.740
     3.718
     3.500
     3.716
     3.894
     3.696
     3.316
     3.880
     4.390
     4.358
     3.674
     2.051
     3.523
     3.571
     4.183
     3.959
     3.670
     3.404
     4.155
     3.821
     3.108
     3.931
     4.050
     2.267
     3.549
     2.215
     3.480
     4.207
     3.444
     4.582
     3.437
     4.150
     3.610
     3.756
     4.059
     3.224
     4.427
     4.074
     3.858
     4.203
     3.135
     3.234
     3.209
     2.994
     3.163
     2.877
     3.775
     2.927
     4.084
     3.625
     4.344
     3.909
     3.615
     3.764
     3.829
     4.111
     3.499
     3.379
     4.612
     4.329
     3.832
     3.388
     4.112
     3.526
     3.502
     3.468
     4.094
     3.777
     3.721
     4.304
     3.393
     3.454
     3.396
     4.310
     3.504
     4.149
     1.901
     2.883
     3.730
     4.292
     3.388
     3.564
     3.711
     2.970
     3.232
     2.962
     2.461
     3.883
     4.218
     3.256
     3.363
     3.148
     3.659
     2.929
     3.012
     4.290
     4.352
     4.375
     3.675
     3.769
     3.179
     4.079
     3.287
     3.284
     4.343
     2.748
     2.827
     3.185
     2.993
     3.541
     3.741
     3.470
     3.132
     3.488
     4.174
     3.317
     3.395
     4.061
     3.970
     3.072
     3.716
     4.276
     3.541
     3.410
     2.955
     3.168
     3.357
     3.923
     3.999
     4.007
     3.446
     3.718
     4.157
     4.205
     3.621
     2.837
     2.959
     3.370
     3.218
     3.519
     4.167
     3.228
     3.688
     4.135
     3.122
     3.349
     3.094
     4.318
     2.886
     4.387
     4.064
     1.967
     3.444
     3.273
     4.293
     3.784
     3.887
     3.477
     4.012
     4.142
     3.646
     4.417
     3.650
     4.512
     3.746
     3.255
     1.935
     3.430
     3.705
     3.722
     3.050
     4.499
     4.010
     3.584
     4.384
     4.245
     3.755
     2.798
     4.560
     4.024
     4.100
     3.233
     4.188
     3.844
     4.024
     4.029
     3.664
     3.792
     4.201
     2.448
     4.491
     3.589
     4.124
     3.305
     3.501
     2.953
     3.211
     4.078
     2.955
     4.297
     4.151
     3.167
     4.074
     4.235
     4.296
     4.185
     4.095
     2.581
     3.465
     3.490
     3.491
     4.660
     3.613
     3.276
     4.678
     3.802
     3.752
     3.312
     4.143
     3.874
     4.214
     4.097
     4.456
     4.174
     3.278
     4.038
     4.293
     3.793
     3.604
     3.837
     4.095
     3.843
     3.442
     3.326
     1.834
     1.540
     4.289
     4.061
     4.568
     3.300
     3.488
     2.656
     4.076
     3.376
     3.206
     4.359
     3.450
     3.412
     2.843
     4.058
     3.887
     4.333
     3.774
     3.996
     4.003
     2.900
     4.371
     3.940
     4.208
     4.219
     4.135
     4.265
     3.292
     3.815
     3.995
     3.976
     4.676
     3.603
     3.912
     3.898
     4.228
     2.867
     4.075
     3.753
     3.924
     3.859
     2.965
     3.951
     3.739
     3.357
     4.202
     3.669
     4.437
     3.525
     4.082
     3.630
     3.544
     4.441
     3.594
     4.593
     4.090
     3.707
     4.014
     3.136
     3.945
     3.927
     4.145
     3.520
     4.058
     3.678
     3.404
     3.922
     3.142
     3.264
     3.787
     4.170
     2.704
     3.492
     3.526
     3.857
     4.224
     3.163
     3.891
     4.479
     4.561
     3.686
     3.780
     4.399
     4.254
     3.357
     3.266
     3.487
     3.762
     3.503
     3.284
     2.982
     3.586
     4.095
     4.349
     3.296
     4.228
     4.317
     4.159
     3.770
     2.955
     3.910
     3.358
     3.235
     4.121
     3.878
     4.141
     3.342
     4.227
     3.982
     4.078
     4.436
     3.521
     3.274
     3.541
     2.282
     4.228
     3.359
     3.914
     2.132
     3.720
     3.959
     3.845
     4.498
     2.973
     3.792
     3.755
     3.424
     3.545
     3.384
     4.355
     4.040
     4.447
     3.940
     3.908
     3.380
     3.450
     4.254
     3.979
     4.134
     1.334
     3.151
     3.824
     4.208
     2.044
     3.644
     4.120
     4.430
     4.502
     4.458
     3.378
     4.473
     2.945
     3.419
     3.715
     3.807
     3.980
     4.126
     4.137
     4.530
     3.414
     4.259
     3.438
     3.915
     3.604
     3.717
     3.524
     3.925
     3.381
     4.302
     2.744
     3.959
     4.191
     4.429
     3.851
     3.435
     2.949
     3.399
     3.323
     4.309
     3.210
     3.892
     3.872
     3.366
     3.439
     3.518
     3.134
     3.463
     3.207
     2.921
     3.063
     3.603
     3.170
     4.118
     4.013
     3.500
     4.249
     4.171
     3.861
     3.053
     3.431
     4.389
     4.188
     3.598
     3.917
     3.081
     2.594
     3.621
     3.233
     3.142
     3.818
     4.247
     3.975
     2.864
     4.202
     3.084
     3.967
     4.292
     3.116
     4.233
     3.756
     3.489
     3.500
     3.291
     2.980
     3.737
     2.969
     3.914
     4.354
     3.627
     3.185
     3.333
     3.812
     3.808
     3.784
     3.922
     3.423
     3.093
     4.301
     3.732
     3.942
     3.180
     4.099
     3.247
     3.451
     4.511
     2.533
     3.331
     3.580
     3.581
     4.316
     3.020
     3.571
     3.730
     3.589
     3.474
     3.856
     4.101
     4.426
     4.111
     3.326
     3.358
     3.402
     4.324
     4.584
     3.835
     3.199
     4.357
     3.372
     4.438
     3.546
     3.438
     4.013
     3.475
     3.872
     3.524
     3.085
     2.955
     2.789
     3.435
     3.616
     3.950
     4.510
     3.790
     4.394
     2.407
     3.893
     2.824
     4.055
     3.135
     4.298
     2.811
     3.817
     4.235
     2.288
     3.223
     3.507
     3.179
     3.672
     2.874
     3.616
     2.932
     3.788
     1.455
     4.283
     3.396
     3.312
     3.706
     4.047
     4.223
     4.265
     3.140
     3.105
     3.186
     4.051
     4.328
     4.339
     3.101
     3.906
     4.006
     4.086
     3.563
     2.848
     3.619
     3.332
     3.867
     4.662
     4.361
     4.091
     4.622
     3.375
     3.757
     3.504
     3.867
     3.822
     3.390
     4.261
     3.249
     4.129
     3.447
     4.281
     3.724
     4.348
     3.841
     4.094
     4.263
     3.096
     3.742
     3.627
     2.993
     3.329
     2.970
     4.365
     3.919
     2.670
     3.118
     4.175
     3.904
     3.618
     3.826
     3.076
     3.621
     4.101
     3.804
     3.885
     3.326
     3.651
     4.096
     3.631
     3.975
     2.246
     4.322
     3.226
     3.253
     3.697
     2.879
     3.994
     4.039
     3.790
     3.489
     4.118
     3.241
     3.906
     4.047
     3.616
     1.789
     3.397
     3.923
     3.760
     3.551
     4.243
     2.941
     3.430
     3.191
     3.949
     4.545
     4.046
     3.410
     4.265
     3.941
     4.092
     3.760
     3.129
     4.483
     4.165
     2.911
     3.997
     3.380
     3.965
     3.319
     3.245
     4.198
     3.953
     4.056
     3.562
     2.847
     3.690
     3.707
     3.671
     4.576
     3.279
     3.808
     4.288
     3.943
     3.983
     2.736
     2.419
     4.410
     3.461
     3.693
     4.215
     4.058
     3.307
     4.088
     4.074
     3.420
     3.670
     3.926
     3.391
     4.099
     3.658
     3.459
     4.385
     3.271
     4.366
     3.451
     3.493
     4.397
     3.215
     3.569
     3.862
     4.311
     4.060
     3.386
     2.949
     3.129
     4.394
     3.916
     4.115
     3.853
     3.467
     3.962
     3.563
     4.237
     3.012
     3.569
     2.102
     3.365
     4.102
     4.395
     2.912
     3.398
     3.354
     4.401
     3.535
     3.541
     3.834
     4.564
     3.300
     3.077
     3.358
     3.309
     2.910
     3.244
     2.977
     3.818
     3.388
     2.701
     2.694
     3.975
     3.339
     4.253
     4.603
     4.095
     4.286
     4.356
     3.720
     3.746
     3.574
     4.136
     3.553
     3.435
     3.473
     3.420
     3.319
     3.004
     3.522
     3.979
     4.170
     3.585
     4.067
     4.138
     3.869
     3.839
     4.611
     3.490
     3.699
     3.381
     3.540
     3.036
     2.337
     4.376
     3.924
     4.137
     3.660
     1.760
     3.818
     3.230
     3.937
     3.500
     3.829
     3.652
     3.691
     2.956
     3.887
     3.975
     3.673
     3.633
     3.371
     3.952
     2.776
     2.849
     4.278
     3.678
     3.944
     3.978
     3.566
     3.958
     4.022
     4.232
     3.267
     3.829
     4.498
     3.322
     3.686
     3.499
     1.274
     4.102
     3.244
     3.812
     4.421
     3.761
     3.333
     3.870
     3.960
     3.919
     4.320
     3.518
     3.771
     3.582
     4.216
     1.731
     3.711
     3.719
     3.056
     4.074
     4.104
     3.320
     4.395
     3.402
     3.681
     3.119
     4.156
     3.359
     4.120
     3.418
     4.441
     3.714
     4.110
     4.275
     2.996
     3.922
     3.816
     4.408
     3.425
     3.376
     3.868
     3.810
     3.895
     3.643
     3.329
     4.353
     3.289
     3.194
     3.376
     4.382
     2.736
     3.301
     3.680
     4.459
     2.906
     3.606
     3.507
     3.948
     3.866
     3.666
     3.346
     3.348
     4.452
     3.998
     4.440
     3.931
     2.440
     2.328
     3.433
     3.614
     3.256
     3.150
     3.310
     4.706
     3.466
     3.677
     3.214
     3.458
     3.837
     1.960
     3.384
     3.964
     3.112
     3.946
     3.179
     4.105
     3.444
     3.486
     3.980
     3.522
     3.225
     3.977
     4.330
     3.456
     3.662
     2.851
     3.395
     4.366
     3.989
     3.378
     3.840
     3.647
     3.371
     2.273
     4.474
     4.120
     3.252
     4.329
     4.399
     3.333
     3.356
     3.325
     3.552
     3.191
     3.652
     3.500
     4.405
     3.652
     2.911
     4.498
     2.614
     3.125
     3.670
     3.099
     3.375
     4.342
     3.536
     3.457
     4.143
     4.093
     4.471
     3.919
     3.482
     3.016
     4.619
     4.375
     4.355
     3.900
     4.513
     3.663
     3.449
     3.103
     3.721
     3.397
     3.110
     3.804
     4.498
     3.925
     4.170
     4.005
     3.919
     3.466
     3.505
     2.943
     4.039
     2.267
     3.579
     3.081
     2.660
     4.075
     4.363
     3.896
     4.012
     2.909
     3.727
     2.017
     4.090
     3.859
     4.623
     3.874
     4.614
     3.783
     3.420
     3.776
     3.354
     4.216
     2.698
     2.773
     3.512
     3.715
     3.973
     3.888
     3.054
     3.872
     3.682
     3.366
     3.615
     1.854
     3.178
     3.619
     3.284
     3.925
     4.285
     4.291
     3.585
     3.992
     3.374
     4.179
     4.460
     4.034
     3.747
     3.409
     3.352
     4.512
     3.878
     3.315
     3.349
     2.937
     3.995
     4.641
     3.962
     3.848
     4.273
     4.419
     3.519
     3.302
     3.314
     3.312
     3.868
     3.968
     4.446
     3.868
     4.380
     4.603
     4.416
     3.961
     3.964
     4.178
     4.000
     2.950
     3.403
     3.541
     3.295
     3.970
     4.338
     4.482
     3.338
     3.730
     3.426
     3.314
     2.915
     3.645
     3.319
     3.397
     3.315
     3.400
     4.101
     4.287
     3.960
     3.404
     4.398
     3.846
     3.839
     3.903
     3.862
     4.462
     4.617
     3.436
     4.371
     3.202
     4.184
     3.917
     3.869
     3.982
     3.504
     4.024
     3.390
     3.450
     3.683
     3.728
     4.451
     3.237
     3.440
     3.920
     3.614
     4.364
     3.828
     3.596
     3.239
     4.244
     2.985
     3.956
     3.724
     3.333
     3.443
     3.422
     3.676
     3.267
     3.533
     3.885
     3.302
     3.640
     2.621
     4.532
     4.144
     3.806
     3.800
     4.221
     3.659
     3.432
     3.253
     3.679
     3.844
     3.396
     3.886
     3.845
     3.773
     3.375
     4.591
     3.947
     4.503
     3.961
     3.425
     3.047
     2.572
     3.274
     3.339
     3.748
     3.872
     4.341
     3.478
     3.504
     3.628
     4.536
     3.476
     4.019
     3.676
     3.314
     4.359
     3.938
     3.670
     3.348
     3.051
     4.483
     2.611
     4.550
     3.803
     2.992
     3.753
     3.120
     4.125
     3.341
     3.418
     3.474
     3.461
     3.296
     3.262
     2.032
     2.698
     4.283
     3.592
     3.991
     4.334
     3.481
     3.807
     3.102
     3.017
     3.995
     3.285
     3.556
     3.548
     3.207
     3.925
     3.067
     3.323
     3.848
     4.502
     3.669
     2.505
     4.114
     3.925
     4.117
     4.354
     3.262
     4.028
     3.988
     4.254
     3.222
     3.562
     4.082
     3.476
     3.856
     3.115
     4.574
     2.836
     4.499
     4.175
     3.737
     3.756
     3.791
     4.093
     3.855
     4.280
     4.048
     3.822
     2.985
     3.293
     3.474
     3.678
     3.551
     3.559
     3.296
     1.797
     2.930
     4.363
     4.139
     3.662
     3.808
     3.924
     3.327
     3.627
     4.025
     4.058
     3.682
     4.450
     2.850
     3.184
     4.261
     4.289
     3.423
     3.639
     3.507
     3.866
     3.814
     3.831
     3.672
     4.126
     4.025
     3.247
     3.925
     4.187
     3.969
     3.570
     3.885
     3.371
     3.821
     3.485
     3.320
     3.226
     4.536
     3.420
     3.082
     3.937
     4.022
     3.841
     3.989
     2.912
     2.975
     2.265
     3.389
     3.732
     4.473
     3.472
     3.298
     3.601
     4.003
     4.031
     3.885
     4.262
     3.955
     1.843
     2.619
     3.797
     3.398
     4.362
     3.885
     3.733
     4.181
     4.173
     3.502
     4.215
     3.782
     3.438
     4.254
     3.802
     3.143
     4.517
     2.712
     3.883
     3.979
     3.145
     2.620
     3.398
     3.343
     3.753
     3.414
     3.441
     4.606
     3.433
     1.365
     4.039
     4.116
     4.074
     3.835
     3.483
     4.019
     3.831
     2.655
     4.123
     2.549
     4.425
     3.914
     3.979
     2.980
     3.367
     2.962
     3.964
     3.915
     3.982
     3.491
     3.948
     4.678
     4.266
     3.721
     3.789
     4.314
     4.382
     3.981
     4.006
     2.069
     3.664
     2.644
     3.648
     3.721
     4.265
     3.945
     4.301
     3.351
     3.295
     3.458
     3.658
     3.721
     4.136
     3.449
     3.343
     3.177
     3.957
     3.921
     3.610
     3.766
     3.573
     3.742
     2.351
     2.924
     3.033
     3.769
     3.962
     3.913
     3.786
     3.599
     3.063
     3.442
     3.314
     3.979
     3.185
     2.890
     4.136
     4.365
     2.871
     4.093
     2.907
     3.661
     4.131
     3.693
     4.124
     3.424
     3.729
     3.677
     3.492
     3.730
     4.471
     4.098
     3.529
     3.380
     3.360
     3.072
     3.504
     3.773
     2.896
     3.912
     3.895
     3.643
     2.838
     3.159
     1.844
     2.776
     3.779
     3.409
     3.164
     3.180
     4.042
     3.735
     3.642
     3.312
     3.284
     4.191
     3.477
     3.381
     3.436
     3.914
     3.051
     2.933
     3.494
     3.119
     4.521
     3.372
     3.354
     4.163
     2.928
     3.327
     3.415
     4.242
     3.747
     4.661
     2.996
     3.521
     4.237
     4.553
     3.535
     4.634
     3.275
     3.472
     3.327
     3.705
     3.553
     3.726
     4.337
     4.077
     3.352
     3.713
     3.447
     3.400
     4.043
     3.157
     4.375
     4.204
     3.255
     3.886
     3.433
     3.019
     4.278
     4.490
     4.555
     3.512
     3.940
     2.120
     3.863
     3.819
     2.937
     3.444
     3.198
     3.654
     3.137
     3.877
     1.600
     3.009
     1.611
     3.488
     3.977
     1.536
     3.274
     3.177
     2.802
     2.868
     4.110
     4.282
     3.449
     3.210
     4.215
     4.232
     4.018
     3.924
     3.329
     3.931
     3.693
     3.632
     3.923
     3.211
     4.664
     3.651
     3.113
     4.112
     4.190
     3.779
     3.024
     3.603
     3.809
     4.434
     3.747
     3.571
     3.472
     3.706
     4.150
     3.382
     2.540
     3.923
     3.831
     3.831
     3.796
     3.289
     3.078
     3.008
     3.784
     3.369
     4.258
     3.367
     3.587
     3.317
     3.798
     3.892
     3.262
     3.340
     3.307
     3.451
     4.184
     3.429
     4.165
     3.251
     4.056
     3.767
     3.695
     3.950
     3.916
     3.443
     3.519
     3.909
     4.303
     3.329
     4.071
     3.813
     3.794
     3.813
     3.866
     3.882
     4.142
     3.890
     3.009
     2.906
     3.539
     3.235
     3.860
     4.074
     2.512
     3.925
     4.370
     2.859
     4.308
     3.530
     4.433
     4.296
     3.746
     3.418
     3.129
     3.766
     3.394
     3.764
     4.585
     3.327
     3.442
     1.790
     4.007
     4.438
     3.659
     3.430
     3.215
     3.821
     3.600
     4.147
     2.845
     3.683
     3.298
     3.612
     1.678
     3.135
     3.353
     3.715
     4.086
     2.946
     3.666
     4.000
     3.404
     3.284
     3.517
     3.004
     4.336
     3.646
     3.453
     3.951
     3.930
     3.178
     4.487
     3.388
     3.910
     4.352
     3.926
     4.580
     3.908
     4.315
     3.917
     3.244
     4.046
     2.512
     3.451
     4.451
     4.540
     2.988
     3.891
     3.783
     3.674
     3.615
     3.645
     3.387
     4.125
     2.420
     3.171
     3.870
     3.892
     3.378
     2.961
     2.513
     3.896
     3.260
     3.354
     3.627
     4.412
     4.250
     3.447
     3.652
     4.631
     3.853
     4.560
     3.513
     2.905
     3.460
     3.348
     4.038
     3.947
     4.322
     4.268
     2.120
     3.072
     3.475
     3.545
     3.013
     3.459
     4.434
     2.995
     4.307
     4.637
     4.554
     3.519
     3.797
     3.378
     2.976
     3.467
     1.813
     4.110
     4.238
     2.888
     3.115
     4.052
     3.263
     3.256
     3.445
     3.100
     4.090
     3.757
     2.410
     3.444
     4.391
     3.186
     4.181
     3.391
     4.395
     3.661
     3.420
     4.169
     3.408
     4.682
     3.080
     2.969
     4.281
     3.972
     3.731
     3.864
     4.446
     3.377
     2.810
     3.254
     3.274
     3.408
     4.024
     3.781
     4.189
     3.113
     3.928
     4.175
     4.296
     3.531
     4.009
     3.200
     3.933
     3.984
     3.460
     3.968
     4.012
     3.748
     2.994
     3.217
     3.412
     3.669
     3.754
     3.444
     3.745
     3.861
     3.960
     3.824
     4.068
     4.115
     4.414
     3.775
     3.712
     4.085
     3.328
     3.342
     3.939
     4.371
     3.612
     3.981
     4.061
     3.511
     3.111
     2.924
     3.634
     3.496
     2.840
     2.941
     3.854
     3.415
     4.380
     2.410
     2.887
     3.944
     3.452
     3.882
     4.288
     3.615
     3.506
     3.740
     3.537
     3.890
     3.895
     3.492
     3.663
     3.857
     3.249
     3.926
     3.263
     3.834
     4.006
     4.035
     4.495
     3.722
     3.154
     3.935
     3.330
     4.658
     2.838
     3.089
     3.420
     3.393
     4.090
     4.023
     3.188
     1.665
     4.118
     3.505
     3.581
     3.776
     3.406
     3.744
     3.081
     3.416
     3.479
     3.154
     3.344
     3.524
     3.771
     4.253
     3.281
     3.753
     3.772
     4.069
     3.409
     3.241
     3.824
     2.826
     2.935
     4.347
     3.545
     3.120
     4.243
     3.376
     3.179
     3.085
     3.765
     3.621
     3.190
     3.666
     3.137
     3.749
     4.194
     3.392
     2.996
     4.062
     4.081
     2.859
     3.383
     3.786
     3.357
     3.813
     4.119
     3.888
     2.834
     4.105
     3.283
     4.172
     4.317
     2.944
     4.040
     3.823
     3.015
     3.020
     3.873
     3.188
     3.426
     4.402
     4.325
     3.693
     3.639
     3.441
     3.128
     3.542
     3.650
     3.569
     4.282
     3.852
     3.488
     3.672
     2.897
     3.963
     3.387
     4.256
     3.348
     4.329
     4.019
     3.393
     4.261
     4.533
     4.388
     3.648
     3.422
     2.869
     3.283
     3.733
     4.357
     3.287
     3.521
     3.555
     4.001
     2.968
     3.899
     3.441
     3.706
     3.719
     2.964
     3.744
     2.983
     3.183
     4.618
     3.308
     4.014
     4.471
     4.058
     3.302
     3.949
     4.473
     4.062
     4.529
     2.980
     2.606
     3.669
     1.971
     4.028
     3.478
     4.122
     3.333
     4.139
     3.330
     3.913
     3.739
     4.280
     3.476
     3.102
     3.408
     2.823
     3.680
     2.292
     3.323
     3.832
     3.002
     3.552
     3.184
     3.996
     4.154
     3.369
     3.409
     3.325
     3.239
     2.974
     3.754
     4.213
     3.601
     3.287
     3.797
     3.489
     4.090
     3.082
     3.226
     3.334
     3.718
     4.530
     4.004
     4.194
     3.508
     3.642
     3.103
     3.847
     3.829
     3.803
     3.316
     3.864
     3.820
     3.872
     2.598
     4.255
     3.613
     3.893
     4.076
     3.383
     3.133
     2.999
     3.563
     3.912
     4.448
     4.038
     3.665
     3.866
     3.778
     3.725
     3.704
     3.869
     3.370
     3.583
     3.688
     2.977
     3.470
     3.774
     3.685
     3.182
     3.979
     3.867
     3.508
     4.390
     3.885
     3.812
     3.944
     3.094
     3.281
     3.263
     3.173
     2.903
     3.992
     3.302
     4.110
     4.343
     3.574
     4.209
     3.560
     3.473
     3.132
     4.480
     3.946
     3.793
     3.951
     4.588
     4.135
     3.404
     3.393
     3.433
     2.841
     3.931
     3.358
     4.312
     1.770
     3.253
     4.624
     4.450
     3.071
     3.764
     3.739
     3.375
     3.525
     3.500
     3.816
     3.580
     4.237
     4.034
     3.431
     2.961
     4.043
     3.510
     2.985
     2.698
     3.876
     3.348
     3.895
     3.022
     4.541
     3.056
     4.240
     3.957
     1.753
     2.391
     2.862
     3.242
     3.751
     3.133
     3.603
     2.900
     3.928
     3.187
     3.898
     4.454
     3.392
     4.613
     4.550
     3.583
     2.798
     4.473
     2.812
     3.011
     3.242
     3.924
     3.440
     3.620
     3.228
     3.228
     2.545
     4.093
     4.177
     4.116
     3.499
     3.910
     4.299
     3.792
     3.318
     4.506
     4.476
     3.325
     3.551
     2.846
     2.547
     2.794
     4.333
     3.922
     3.014
     3.508
     3.926
     3.364
     3.170
     4.146
     3.736
     1.743
     3.853
     4.320
     4.078
     3.335
     3.582
     4.150
     3.534
     3.797
     3.055
     4.004
     3.765
     2.705
     3.368
     3.728
     3.462
     4.101
     4.254
     3.928
     3.207
     3.453
     3.429
     3.218
     3.590
     4.523
     3.384
     3.553
     3.933
     3.495
     3.104
     4.026
     4.487
     4.184
     3.683
     3.653
     3.528
     4.506
     3.336
     4.157
     3.882
     3.788
     3.639
     3.437
     3.047
     3.773
     3.706
     4.047
     4.034
     3.446
     3.485
     4.569
     3.805
     3.764
     3.748
     4.105
     4.055
     3.893
     3.906
     3.420
     3.927
     2.886
     3.957
     3.789
     3.413
     3.011
     3.477
     3.397
     3.363
     4.021
     1.650
     3.221
     4.297
     3.378
     4.274
     3.574
     3.345
     3.310
     3.702
     4.127
     4.616
     4.020
     3.665
     3.367
     3.804
     3.190
     4.061
     3.365
     4.036
     3.669
     3.196
     4.330
     3.589
     3.149
     3.504
     4.345
     3.681
     4.132
     2.798
     3.427
     4.141
     3.748
     4.584
     3.393
     4.437
     4.646
     3.235
     3.545
     3.630
     3.101
     4.137
     4.110
     3.476
     3.833
     4.181
     3.730
     3.976
     3.988
     3.884
     2.898
     3.905
     3.713
     2.906
     3.837
     4.446
     3.895
     3.406
     2.330
     4.100
     3.895
     2.975
     2.508
     3.736
     3.862
     2.944
     1.989
     4.465
     3.470
     4.081
     3.435
     4.117
     3.398
     2.155
     4.516
     3.590
     4.251
     3.988
     3.918
     4.300
     3.317
     3.265
     3.409
     3.332
     3.923
     3.706
     2.722
     3.999
     3.222
     4.206
     2.933
     4.142
     3.418
     3.207
     3.097
     3.793
     3.022
     4.105
     3.491
     3.961
     4.377
     2.885
     3.800
     3.852
     3.679
     4.487
     4.069
     3.284
     3.783
     3.461
     3.767
     3.049
     3.354
     3.587
     3.384
     3.295
     3.586
     3.458
     3.927
     3.537
     2.768
     3.889
     3.820
     4.317
     2.910
     3.892
     3.217
     4.110
     3.546
     4.352
     3.952
     4.554
     3.623
     3.632
     2.789
     3.325
     2.841
     4.297
     2.873
     3.998
     4.286
     4.523
     3.689
     4.527
     3.471
     2.936
     3.075
     4.370
     3.609
     3.406
     3.267
     4.059
     3.976
     3.406
     3.519
     3.991
     1.276
     3.749
     3.414
     3.717
     3.828
     4.100
     4.393
     4.225
     3.936
     3.798
     4.004
     3.597
     3.321
     3.650
     3.357
     4.064
     3.848
     3.510
     3.287
     3.314
     4.074
     4.101
     3.670
     3.883
     4.192
     2.867
     4.538
     3.565
     3.193
     4.007
     3.157
     3.436
     3.613
     3.562
     4.107
     3.887
     2.812
     3.049
     3.147
     3.930
     3.957
     3.737
     3.357
     4.248
     3.686
     3.996
     3.103
     3.803
     4.337
     3.139
     3.819
     3.552
     4.026
     3.269
     3.318
     3.206
     3.651
     3.886
     3.664
     3.180
     4.033
     2.828
     3.788
     2.210
     3.692
     4.254
     4.060
     3.480
     3.363
     4.026
     4.011
     3.592
     4.369
     3.828
     3.743
     3.823
     4.144
     4.049
     3.183
     3.691
     3.178
     3.701
     4.098
     3.924
     3.300
     3.783
     3.726
     3.581
     1.594
     4.272
     3.902
     4.291
     3.192
     4.203
     4.023
     3.945
     3.624
     4.189
     3.650
     2.698
     3.477
     4.674
     3.780
     3.719
     4.068
     3.253
     4.609
     4.672
     3.331
     2.760
     3.954
     3.385
     4.467
     3.739
     3.356
     2.837
     2.223
     3.424
     4.022
     3.384
     4.343
     3.331
     3.714
     3.390
     3.777
     3.852
     3.327
     3.913
     3.784
     4.471
     3.513
     3.407
     4.161
     3.896
     4.446
     3.153
     2.854
     4.209
     4.438
     3.362
     4.053
     3.259
     2.907
     4.056
     2.952
     3.374
     3.427
     3.907
     4.350
     4.537
     4.167
     4.040
     3.776
     3.723
     3.003
     3.553
     3.806
     3.599
     3.486
     3.853
     1.988
     3.279
     4.339
     3.817
     4.454
     3.679
     3.904
     3.835
     3.608
     3.133
     3.123
     2.775
     3.227
     4.248
     3.430
     3.883
     2.914
     4.366
     4.292
     4.091
     3.147
     2.958
     3.105
     4.160
     3.282
     3.930
     2.967
     2.919
     3.469
     2.348
     3.436
     3.801
     3.443
     3.531
     3.502
     4.181
     4.554
     3.897
     2.852
     3.208
     3.089
     4.122
     3.684
     3.741
     3.423
     3.416
     3.943
     4.063
     3.887
     3.777
     3.256
     3.892
     3.547
     2.260
     3.530
     3.198
     3.918
     4.291
     2.886
     3.537
     4.342
     3.971
     2.784
     4.334
     2.075
     1.983
     3.238
     1.698
     2.840
     3.913
     4.554
     4.202
     3.075
     3.265
     3.991
     3.442
     3.361
     3.667
     3.387
     3.000
     4.249
     4.258
     4.297
     4.288
     3.454
     4.231
     3.801
     2.848
     4.011
     3.369
     4.076
     3.772
     3.568
     4.530
     3.367
     4.412
     4.044
     3.711
     3.358
     3.258
     3.004
     3.754
     3.923
     4.169
     4.286
     3.574
     3.508
     4.075
     3.578
     3.006
     3.360
     1.984
     3.241
     3.941
     3.773
     3.335
     3.416
     4.219
     3.328
     2.855
     3.438
     4.125
     3.065
     3.407
     2.998
     3.574
     3.280
     2.949
     3.442
     3.525
     4.562
     3.819
     4.241
     4.042
     4.031
     3.412
     3.746
     3.723
     4.443
     3.600
     3.622
     3.891
     3.666
     3.497
     3.505
     4.367
     3.870
     3.913
     3.413
     3.459
     3.849
     3.380
     3.118
     3.512
     3.794
     4.179
     3.698
     3.987
     3.281
     3.150
     3.386
     3.522
     4.156
     2.256
     4.014
     3.907
     3.388
     3.726
     1.914
     3.958
     4.332
     4.034
     3.912
     3.378
     3.653
     3.329
     3.709
     3.478
     3.759
     3.290
     3.031
     3.745
     4.234
     3.711
     3.089
     4.255
     3.868
     3.889
     3.888
     4.022
     4.047
     4.222
     3.233
     4.193
     4.056
     3.365
     3.293
     3.419
     3.736
     4.318
     3.846
     3.724
     2.874
     4.208
     4.507
     3.002
     3.373
     3.141
     4.535
     4.033
     3.894
     4.371
     3.470
     4.163
     3.054
     3.476
     3.128
     3.832
     3.923
     3.398
     3.285
     2.930
     3.889
     3.838
     3.307
     3.072
     1.976
     4.218
     3.256
     3.055
     3.804
     2.674
     4.356
     4.223
     3.767
     3.536
     2.879
     3.183
     3.303
     3.363
     3.450
     3.787
     4.376
     3.938
     3.851
     3.717
     3.547
     4.415
     3.997
     4.467
     2.676
     3.273
     3.117
     4.322
     3.997
     3.561
     3.938
     3.527
     3.484
     3.705
     3.590
     3.589
     3.896
     4.112
     2.635
     3.321
     3.797
     3.803
     4.247
     3.346
     4.059
     2.887
     3.083
     3.359
     4.506
     3.586
     4.277
     3.701
     2.075
     3.214
     4.189
     3.482
     3.069
     3.652
     3.780
     4.127
     3.928
     3.323
     4.241
     3.529
     3.962
     3.824
     3.413
     3.072
     3.617
     3.654
     2.620
     3.224
     4.359
     3.366
     4.042
     3.375
     3.511
     4.089
     3.572
     3.926
     4.018
     4.334
     4.491
     4.003
     3.562
     3.245
     3.411
     3.526
     3.488
     1.935
     4.088
     3.729
     3.293
     3.399
     3.640
     3.045
     3.773
     3.678
     3.380
     4.167
     3.230
     4.050
     3.430
     3.496
     4.175
     2.660
     3.108
     3.141
     4.028
     4.019
     4.234
     2.249
     3.360
     4.035
     3.349
     3.341
     3.189
     3.762
     3.371
     3.893
     3.264
     3.641
     3.744
     3.728
     4.221
     3.452
     4.055
     3.654
     4.102
     3.748
     4.382
     3.320
     4.220
     2.209
     3.730
     3.452
     3.381
     3.373
     3.391
     2.832
     3.773
     4.101
     3.530
     4.043
     3.803
     4.030
     3.642
     3.548
     3.754
     3.042
     3.655
     3.505
     3.192
     3.236
     3.122
     3.157
     3.715
     4.178
     3.908
     4.359
     4.006
     3.858
     3.215
     2.988
     3.649
     4.486
     4.087
     4.516
     4.164
     3.353
     3.029
     3.928
     4.485
     2.936
     4.223
     4.336
     4.168
     3.398
     4.094
     3.965
     3.768
     3.971
     3.411
     4.261
     4.096
     3.103
     3.949
     3.913
     3.500
     4.024
     3.937
     3.396
     3.170
     2.935
     3.968
     3.201
     3.643
     3.805
     3.051
     3.533
     4.481
     4.139
     3.846
     4.239
     3.606
     3.490
     3.076
     3.391
     3.451
     3.312
     3.073
     4.202
     4.187
     3.180
     2.935
     3.589
     3.439
     4.264
     3.712
     3.449
     3.395
     3.097
     3.771
     3.255
     4.482
     3.726
     3.864
     4.045
     4.137
     4.218
     4.370
     4.392
     2.939
     4.078
     2.807
     3.613
     3.305
     4.073
     4.357
     3.330
     4.064
     4.518
     2.687
     3.318
     3.307
     4.019
     3.644
     3.385
     3.278
     4.347
     3.567
     3.989
     3.638
     3.556
     3.453
     3.747
     4.102
     3.675
     3.367
     3.542
     3.877
     4.332
     3.973
     3.635
     4.036
     3.904
     3.632
     2.909
     4.067
     3.876
     4.035
     3.648
     3.147
     4.248
     4.344
     4.083
     3.244
     3.911
     2.837
     2.505
     3.319
     3.978
     2.351
     3.696
     3.039
     3.936
     3.909
     3.370
     3.846
     3.796
     3.844
     3.946
     3.284
     3.392
     3.809
     3.225
     3.037
     3.749
     3.290
     3.934
     3.665
     3.919
     2.907
     3.845
     3.509
     3.483
     4.572
     2.976
     3.338
     3.976
     3.588
     3.366
     3.760
     3.879
     1.957
     4.395
     3.931
     4.105
     4.109
     4.042
     3.898
     3.339
     4.270
     3.975
     3.781
     3.913
     3.320
     2.787
     3.717
     2.278
     4.104
     4.215
     4.156
     3.824
     3.674
     4.316
     3.397
     3.264
     3.482
     3.186
     3.229
     3.482
     4.334
     4.162
     3.727
     3.938
     3.549
     4.026
     3.403
     3.343
     4.377
     2.193
     3.119
     4.525
     3.598
     2.482
     1.869
     3.683
     4.011
     2.522
     3.786
     4.248
     3.920
     3.877
     4.572
     3.276
     4.607
     4.627
     3.838
     3.531
     3.588
     4.136
     3.875
     1.832
     4.064
     3.879
     3.529
     3.456
     3.415
     3.025
     4.551
     3.704
     3.865
     3.908
     3.803
     3.721
     3.077
     4.041
     1.968
     4.114
     4.047
     3.662
     3.866
     3.519
     3.543
     3.593
     3.307
     2.734
     3.903
     3.702
     2.856
     3.567
     3.586
     3.314
     3.640
     3.635
     3.961
     4.132
     3.253
     4.182
     3.564
     2.782
     3.762
     4.069
     3.749
     4.016
     3.634
     3.363
     4.433
     2.402
     3.835
     3.167
     3.939
     4.231
     3.823
     4.591
     3.194
     4.082
     3.738
     3.327
     4.097
     3.249
     3.526
     3.542
     2.540
     4.054
     3.345
     3.244
     4.182
     3.239
     2.939
     3.440
     4.197
     4.373
     3.825
     3.555
     3.954
     4.036
     3.707
     3.453
     3.916
     4.242
     2.931
     2.698
     3.390
     3.446
     3.260
     4.344
     2.770
     4.275
     3.175
     3.984
     2.477
     3.513
     3.210
     3.744
     3.255
     4.057
     3.326
     3.864
     3.173
     3.968
     4.594
     3.956
     3.980
     4.176
     3.471
     2.885
     3.308
     3.514
     3.382
     4.529
     4.118
     3.673
     4.283
     4.047
     2.538
     3.909
     3.737
     4.342
     3.669
     3.879
     3.585
     4.071
     3.612
     4.675
     3.851
     3.406
     4.598
     3.847
     3.122
     3.619
     3.196
     4.439
     3.325
     4.378
     3.180
     2.694
     3.472
     3.119
     3.429
     3.879
     3.027
     4.620
     3.637
     3.540
     4.027
     3.687
     3.387
     3.336
     3.262
     3.906
     3.763
     4.156
     2.912
     3.541
     3.730
     3.530
     1.084
     4.320
     3.224
     4.333
     4.347
     3.759
     3.643
     4.125
     4.125
     4.278
     2.863
     2.998
     4.379
     3.051
     3.447
     3.936
     4.081
     4.026
     4.241
     3.106
     3.665
     3.798
     3.436
     3.393
     4.121
     3.421
     3.402
     4.132
     4.015
     4.497
     3.496
     4.631
     3.446
     3.994
     3.048
     4.187
     3.279
     3.438
     2.098
     2.861
     3.862
     3.646
     3.330
     3.651
     3.584
     2.931
     3.269
     3.852
     3.779
     3.456
     4.195
     3.117
     3.809
     3.161
     3.869
     4.107
     3.310
     3.715
     4.012
     3.166
     2.649
     4.513
     3.892
     3.451
     3.169
     2.925
     3.386
     2.717
     3.422
     4.663
     3.559
     3.644
     3.870
     3.742
     4.026
     3.320
     3.877
     4.447
     4.240
     3.357
     3.914
     4.014
     3.515
     3.300
     3.242
     4.294
     3.638
     4.034
     4.046
     3.833
     3.594
     3.178
     4.062
     3.365
     3.518
     3.865
     4.098
     3.865
     3.107
     2.913
     3.964
     3.183
     3.364
     4.495
     3.448
     3.426
     4.021
     3.389
     2.459
     3.881
     3.603
     3.922
     3.348
     3.248
     3.598
     3.823
     3.735
     3.715
     3.909
     3.528
     3.139
     4.697
     3.954
     4.608
     3.360
     1.631
     4.095
     3.209
     2.569
     4.034
     3.758
     3.959
     3.534
     3.795
     3.365
     4.252
     3.384
     3.466
     3.575
     3.592
     4.364
     3.993
     4.171
     4.103
     4.482
     3.377
     4.028
     4.307
     4.117
     4.385
     3.466
     3.886
     3.451
     3.156
     4.212
     3.743
     3.823
     3.743
     2.638
     3.761
     3.465
     4.236
     3.858
     3.987
     3.593
     2.219
     3.444
     3.624
     1.516
     3.242
     4.638
     3.643
     3.347
     3.501
     3.530
     3.786
     2.838
     3.307
     3.629
     4.227
     3.423
     2.437
     3.096
     3.644
     4.631
     3.592
     3.476
     2.898
     3.342
     3.945
     4.170
     3.900
     3.896
     3.473
     3.985
     3.813
     3.748
     3.826
     4.061
     3.908
     3.719
     4.245
     3.820
     3.797
     4.364
     3.512
     3.700
     3.705
     3.175
     3.399
     3.598
     3.850
     3.058
     2.193
     4.211
     3.603
     4.130
     3.588
     3.461
     3.287
     4.032
     3.870
     4.367
     4.093
     3.451
     4.001
     3.824
     3.756
     4.267
     4.041
     4.408
     4.238
     3.139
     2.818
     3.772
     3.658
     3.320
     3.706
     3.902
     3.741
     3.462
     3.285
     4.019
     4.068
     3.419
     4.029
     4.071
     3.282
     3.942
     3.415
     3.390
     4.099
     3.714
     3.364
     4.411
     3.420
     4.079
     3.265
     3.842
     4.314
     4.159
     3.170
     3.053
     3.994
     3.331
     2.936
     4.142
     3.475
     3.549
     3.307
     3.432
     4.063
     3.450
     3.944
     3.126
     3.331
     3.308
     3.512
     4.126
     3.552
     3.750
     1.641
     4.024
     3.822
     3.436
     2.889
     4.053
     3.386
     3.523
     4.323
     3.638
     4.061
     4.080
     4.086
     2.791
     3.349
     3.538
     3.673
     3.070
     4.040
     4.547
     3.487
     3.972
     3.565
     3.718
     3.166
     4.196
     4.533
     4.155
     3.323
     2.887
     3.288
     3.696
     3.889
     4.040
     3.971
     3.468
     3.216
     4.272
     3.905
     2.643
     3.929
     3.604
     3.335
     3.218
     3.678
     3.645
     2.029
     3.030
     4.521
     3.707
     3.399
     4.102
     3.084
     4.052
     3.947
     3.936
     3.319
     3.950
     4.158
     3.765
     4.098
     2.097
     4.011
     3.106
     3.970
     3.770
     3.020
     3.265
     3.892
     2.694
     3.984
     3.384
     2.247
     4.205
     3.395
     3.725
     3.826
     2.799
     3.697
     3.812
     3.151
     3.695
     4.216
     3.225
     3.752
     4.405
     3.234
     3.995
     4.490
     3.571
     3.668
     3.576
     3.974
     3.476
     4.074
     3.945
     4.330
     4.251
     4.416
     3.475
     3.532
     4.221
     1.575
     2.857
     3.473
     3.504
     4.208
     3.744
     3.601
     3.390
     4.573
     3.895
     3.178
     4.093
     3.265
     2.984
     2.970
     4.043
     3.338
     3.867
     4.174
     3.107
     3.591
     3.941
     3.493
     4.632
     3.207
     4.301
     3.783
     3.867
     2.823
     3.781
     4.065
     3.423
     2.885
     3.787
     4.301
     4.380
     3.254
     1.499
     3.972
     3.334
     4.098
     3.351
     4.411
     3.381
     4.353
     3.376
     2.760
     3.453
     3.595
     3.467
     3.963
     3.807
     3.632
     4.175
     3.757
     3.792
     3.253
     3.740
     4.499
     4.353
     4.180
     4.147
     2.855
     4.137
     3.808
     3.829
     4.003
     4.146
     3.861
     2.939
     3.248
     3.395
     3.476
     2.298
     3.551
     3.718
     2.001
     3.089
     4.090
     3.909
     4.147
     3.860
     4.227
     3.127
     3.773
     4.093
     3.140
     3.720
     3.672
     4.011
     4.376
     4.346
     3.306
     3.412
     3.277
     3.973
     3.811
     3.823
     3.408
     3.375
     3.254
     3.465
     4.356
     4.138
     2.982
     3.452
     4.172
     3.900
     3.488
     3.134
     1.868
     3.130
     3.378
     4.419
     3.792
     4.326
     3.380
     4.431
     3.073
     3.721
     3.713
     3.308
     3.543
     3.620
     3.346
     3.846
     1.756
     4.254
     4.388
     4.080
     3.046
     3.553
     4.381
     3.753
     2.674
     3.241
     3.485
     4.195
     3.725
     3.393
     4.260
     3.776
     3.660
     4.159
     3.066
     4.516
     4.061
     3.508
     3.734
     3.934
     2.951
     3.203
     3.134
     3.290
     3.934
     3.406
     3.257
     4.075
     3.270
     3.194
     3.062
     2.728
     2.995
     3.158
     3.951
     2.945
     3.508
     3.775
     1.728
     2.642
     1.416
     3.969
     3.835
     3.459
     3.128
     3.464
     3.483
     3.524
     4.240
     3.342
     4.152
     3.814
     1.368
     4.254
     3.958
     3.716
     3.642
     3.172
     4.360
     3.679
     4.102
     3.403
     4.109
     1.835
     3.560
     3.648
     4.661
     3.407
     3.341
     4.559
     4.139
     4.245
     3.794
     4.595
     3.228
     3.707
     3.752
     3.886
     3.290
     3.453
     4.023
     4.124
     4.193
     3.860
     3.264
     3.283
     2.629
     3.134
     4.151
     3.968
     3.710
     3.148
     2.358
     4.280
     3.710
     3.051
     3.369
     4.371
     2.889
     4.172
     3.261
     3.435
     3.139
     3.086
     2.907
     3.818
     4.002
     3.204
     3.775
     4.414
     3.935
     4.327
     4.484
     3.256
     4.289
     3.531
     3.251
     4.065
     3.439
     2.863
     3.833
     3.500
     3.532
     4.118
     3.604
     3.480
     3.821
     2.704
     3.554
     3.564
     3.869
     3.657
     3.372
     3.894
     4.653
     4.382
     3.503
     3.233
     3.164
     3.829
     3.184
     3.958
     3.946
     4.262
     4.200
     3.848
     3.322
     3.442
     4.077
     4.118
     4.610
     4.098
     3.598
     3.997
     3.978
     3.858
     3.528
     3.857
     3.186
     3.652
     4.301
     3.771
     3.735
     4.566
     3.358
     4.381
     3.885
     3.490
     4.300
     4.286
     4.254
     4.154
     3.937
     3.910
     3.079
     2.935
     4.610
     2.849
     4.012
     4.070
     3.970
     4.338
     4.331
     4.178
     3.602
     4.279
     3.372
     4.254
     2.754
     3.445
     3.608
     3.129
     4.659
     3.494
     3.582
     3.649
     3.735
     4.215
     3.250
     4.486
     3.798
     3.839
     2.704
     4.588
     4.308
     4.332
     3.131
     3.265
     3.859
     4.374
     3.789
     3.263
     3.937
     4.159
     3.608
     4.129
     3.871
     3.606
     4.172
     3.579
     2.952
     3.859
     1.737
     4.226
     2.950
     2.400
     4.350
     3.838
     2.840
     4.199
     3.728
     3.874
     3.485
     3.294
     4.524
     2.238
     4.069
     4.065
     3.018
     4.189
     3.398
     2.657
     3.868
     4.202
     3.649
     3.980
     3.760
     4.528
     4.258
     3.861
     3.548
     4.307
     3.892
     3.911
     2.609
     3.071
     4.124
     2.568
     3.973
     3.825
     4.364
     3.626
     4.507
     1.399
     4.360
     4.232
     3.533
     4.107
     3.055
     4.145
     4.164
     4.342
     4.114
     3.417
     4.394
     3.887
     3.329
     3.903
     3.860
     4.113
     3.922
     3.583
     4.229
     4.051
     3.312
     3.788
     3.991
     3.712
     3.372
     3.456
     3.271
     4.096
     3.955
     3.433
     2.717
     2.429
     4.334
     3.531
     4.033
     3.971
     3.729
     2.984
     4.520
     4.637
     3.257
     3.868
     4.370
     3.125
     3.982
     3.254
     3.048
     4.369
     3.620
     3.403
     3.909
     4.190
     2.331
     3.119
     3.088
     3.738
     3.351
     3.836
     3.271
     3.620
     4.115
     3.698
     3.560
     4.025
     1.916
     3.837
     3.131
     4.240
     4.106
     4.358
     4.402
     4.058
     4.228
     4.006
     4.500
     3.959
     3.481
     2.842
     4.006
     3.368
     3.938
     2.780
     4.363
     2.636
     4.326
     3.454
     3.718
     4.180
     4.114
     3.954
     4.575
     3.631
     1.965
     3.783
     3.266
     4.372
     4.040
     3.406
     2.899
     3.514
     4.186
     4.400
     3.511
     2.920
     3.023
     2.389
     3.629
     4.048
     3.952
     3.639
     3.531
     3.056
     3.596
     3.385
     3.409
     3.704
     3.651
     3.351
     3.760
     4.570
     3.882
     3.601
     3.372
     3.759
     3.575
     3.187
     4.068
     2.465
     3.946
     3.384
     4.720
     4.623
     3.113
     3.158
     3.822
     3.475
     3.617
     3.843
     3.814
     3.602
     3.644
     2.817
     4.492
     3.290
     3.863
     3.518
     3.256
     4.430
     3.875
     4.396
     2.290
     3.747
     4.453
     3.891
     2.021
     2.038
     3.055
     3.715
     3.014
     3.880
     3.390
     4.259
     3.976
     3.753
     4.245
     4.146
     4.134
     2.813
     4.204
     3.641
     4.164
     4.159
     4.296
     3.949
     4.069
     3.904
     3.932
     3.215
     3.597
     4.025
     3.138
     3.959
     3.761
     3.946
     3.476
     3.275
     4.130
     3.931
     3.241
     3.339
     4.254
     2.693
     4.286
     3.952
     3.385
     3.986
     3.227
     3.262
     4.175
     3.722
     4.260
     4.142
     4.023
     3.567
     4.354
     4.061
     4.453
     4.298
     3.448
     3.908
     3.840
     3.857
     2.793
     3.582
     4.041
     4.404
     4.133
     3.883
     3.951
     4.318
     3.240
     3.749
     4.231
     3.433
     3.753
     3.871
     4.208
     4.419
     4.454
     4.463
     3.720
     4.241
     4.325
     2.893
     4.031
     4.145
     4.286
     4.428
     4.288
     3.960
     2.536
     4.328
     2.484
     3.978
     3.973
     3.902
     3.028
     3.185
     3.777
     3.807
     3.843
     4.420
     3.859
     3.733
     3.732
     4.372
     3.127
     4.251
     3.587
     3.919
     3.519
     4.053
     3.428
     4.093
     3.837
     3.716
     3.918
     3.323
     4.297
     3.825
     4.348
     2.771
     4.168
     4.042
     3.884
     4.000
     4.039
     3.624
     3.390
     4.378
     2.932
     4.230
     4.162
     4.368
     3.073
     3.487
     4.103
     3.938
     3.784
     3.984
     3.920
     3.777
     3.720
     1.736
     4.237
     4.421
     4.189
     3.221
     4.309
     4.234
     3.844
     2.974
     3.535
     4.032
     2.974
     3.624
     3.494
     4.371
     3.773
     3.334
     3.106
     3.422
     4.080
     3.089
     2.983
     3.592
     4.150
     3.199
     4.135
     3.379
     3.807
     2.971
     3.497
     4.431
     3.670
     3.645
     3.189
     2.393
     3.528
     3.361
     3.677
     3.347
     4.103
     4.042
     4.399
     2.996
     3.887
     3.008
     3.073
     2.925
     4.031
     4.025
     3.047
     3.832
     4.129
     3.558
     2.564
     4.112
     3.444
     3.526
     1.876
     3.216
     3.850
     3.038
     4.695
     3.852
     3.055
     3.677
     3.383
     4.174
     3.577
     3.429
     2.467
     4.362
     3.845
     3.491
     3.560
     2.889
     4.028
     4.039
     3.558
     4.271
     3.167
     3.846
     3.600
     3.794
     2.434
     4.521
     2.326
     2.921
     2.801
     3.589
     3.323
     4.275
     3.653
     3.754
     4.421
     3.495
     3.670
     4.345
     3.864
     3.178
     3.291
     3.481
     4.372
     3.040
     3.639
     3.615
     3.458
     4.350
     3.420
     3.617
     3.065
     3.226
     4.322
     3.952
     4.081
     3.350
     4.130
     4.372
     4.532
     3.168
     3.690
     4.308
     2.784
     3.867
     2.953
     3.352
     3.982
     3.599
     3.931
     3.778
     4.469
     3.617
     2.001
     3.853
     3.426
     3.001
     3.699
     3.874
     3.689
     3.275
     2.993
     4.055
     3.363
     4.317
     4.029
     4.297
     3.332
     3.908
     3.428
     2.053
     2.880
     4.494
     2.896
     3.166
     3.093
     3.459
     3.381
     3.399
     3.761
     4.302
     3.049
     4.592
     4.039
     3.843
     3.566
     3.850
     4.119
     3.947
     4.635
     3.037
     3.046
     3.847
     3.307
     4.245
     4.510
     3.869
     4.218
     3.862
     3.909
     3.037
     4.083
     4.335
     3.696
     4.248
     4.103
     3.397
     4.255
     3.956
     3.120
     4.226
     4.659
     3.860
     3.067
     4.018
     3.303
     3.105
     3.941
     3.272
     3.882
     4.202
     3.468
     4.264
     4.133
     3.781
     3.211
     3.604
     3.646
     4.510
     3.976
     4.072
     3.467
     3.660
     2.717
     3.425
     3.466
     3.985
     3.887
     3.935
     4.685
     3.424
     3.893
     3.746
     3.401
     3.428
     3.728
     3.855
     2.455
     3.747
     4.232
     3.715
     3.834
     2.795
     4.304
     4.236
     3.869
     4.302
     4.047
     3.933
     3.383
     3.397
     3.347
     4.148
     3.234
     4.049
     4.156
     3.193
     2.891
     3.423
     3.157
     4.027
     2.565
     3.398
     3.643
     3.945
     3.820
     3.810
     3.372
     4.462
     3.387
     4.323
     4.242
     2.925
     4.257
     3.865
     3.239
     3.021
     4.449
     3.021
     4.225
     3.530
     3.204
     4.009
     3.287
     3.835
     3.855
     3.512
     3.148
     3.584
     4.711
     4.508
     4.169
     4.389
     3.449
     1.791
     4.019
     4.208
     3.177
     3.335
     4.262
     2.260
     3.637
     3.439
     2.477
     3.357
     3.773
     2.833
     4.324
     2.964
     4.145
     3.475
     2.898
     3.658
     3.384
     4.147
     2.038
     3.316
     3.936
     3.728
     3.909
     4.507
     3.349
     4.197
     3.311
     3.553
     4.188
     4.098
     3.083
     3.732
     3.085
     3.788
     3.533
     3.580
     4.308
     3.709
     3.416
     4.570
     3.732
     3.708
     4.347
     4.176
     4.081
     3.788
     3.663
     4.040
     2.884
     4.405
     4.002
     3.785
     3.653
     3.834
     3.646
     3.922
     4.163
     3.446
     4.054
     3.432
     2.912
     3.570
     4.141
     2.974
     3.599
     4.220
     4.328
     4.087
     4.076
     3.678
     3.665
     2.887
     3.650
     3.448
     3.322
     3.687
     3.787
     3.838
     4.189
     3.161
     2.475
     4.087
     3.914
     3.291
     3.113
     3.731
     4.279
     4.412
     3.673
     2.602
     3.629
     4.331
     3.371
     2.643
     3.675
     3.653
     3.408
     3.387
     4.012
     4.280
     4.575
     2.881
     4.314
     3.806
     3.494
     3.395
     3.338
     3.154
     4.235
     2.924
     2.309
     2.785
     3.724
     3.402
     4.296
     4.131
     3.391
     2.915
     3.772
     3.212
     3.817
     2.944
     2.295
     4.417
     3.389
     3.126
     4.016
     4.212
     3.320
     4.632
     3.962
     3.134
     3.420
     3.779
     3.923
     3.903
     3.593
     3.393
     3.399
     3.653
     3.536
     3.555
     3.464
     3.115
     3.431
     4.483
     2.995
     3.717
     3.794
     4.040
     3.834
     4.370
     3.985
     4.238
     4.072
     3.559
     4.038
     3.442
     4.676
     3.671
     3.579
     3.375
     4.463
     3.928
     4.150
     3.286
     3.736
     4.066
     4.046
     3.155
     3.930
     3.429
     4.669
     2.907
     3.982
     3.121
     3.052
     3.056
     4.420
     3.661
     2.107
     4.426
     2.944
     3.359
     2.966
     3.777
     1.935
     4.205
     3.422
     3.377
     3.820
     4.277
     3.330
     3.209
     4.074
     3.746
     3.495
     3.645
     3.712
     3.053
     3.591
     3.323
     4.052
     3.583
     3.390
     2.531
     4.181
     4.569
     3.481
     3.404
     4.271
     3.795
     3.554
     3.867
     4.384
     4.513
     2.950
     2.979
     4.247
     3.971
     3.163
     2.775
     3.464
     3.386
     3.582
     3.413
     3.372
     3.608
     2.956
     3.590
     3.387
     3.938
     3.378
     3.219
     3.771
     3.626
     3.563
     3.275
     4.252
     3.824
     4.077
     3.925
     3.440
     4.068
     4.018
     3.677
     3.901
     3.529
     3.282
     4.450
     4.331
     3.942
     4.471
     3.922
     4.044
     3.442
     4.267
     2.252
     4.019
     4.273
     4.340
     4.060
     3.468
     4.468
     3.417
     3.306
     4.494
     3.246
     2.878
     4.542
     3.375
     4.406
     3.423
     4.032
     3.774
     3.325
     3.918
     3.765
     4.180
     3.025
     2.855
     3.670
     2.132
     3.402
     4.359
     4.041
     4.067
     3.226
     3.236
     3.900
     3.942
     3.965
     3.347
     3.423
     3.305
     3.569
     3.395
     3.402
     3.804
     3.468
     3.318
     3.605
     3.143
     2.885
     3.258
     4.324
     3.898
     3.545
     3.505
     4.031
     4.389
     3.952
     3.704
     2.180
     3.003
     2.970
     4.128
     3.371
     1.760
     3.397
     4.004
     3.883
     3.412
     4.317
     3.157
     4.251
     3.697
     4.213
     3.808
     3.377
     3.738
     3.781
     3.862
     3.675
     3.915
     4.618
     3.934
     3.827
     3.588
     3.333
     4.352
     4.121
     3.050
     3.579
     3.282
     4.486
     3.769
     3.862
     3.479
     3.592
     3.472
     4.051
     4.456
     4.045
     2.890
     3.035
     3.570
     4.330
     4.101
     3.822
     3.907
     4.285
     4.053
     3.872
     3.405
     3.341
     4.248
     4.492
     4.576
     3.916
     2.954
     3.943
     3.569
     4.447
     3.764
     3.488
     4.069
     3.598
     3.170
     1.667
     3.435
     4.264
     3.995
     3.388
     3.252
     3.231
     4.068
     3.393
     4.323
     2.999
     3.430
     2.645
     3.155
     4.088
     3.005
     4.131
     3.597
     4.514
     4.399
     4.214
     4.516
     3.054
     1.915
     3.339
     3.917
     3.609
     3.696
     3.783
     3.392
     3.914
     4.014
     3.470
     3.750
     3.458
     3.787
     4.058
     3.367
     3.417
     3.431
     3.535
     3.907
     4.150
     3.009
     3.006
     3.918
     3.476
     3.854
     1.861
     2.881
     4.065
     3.313
     3.849
     3.260
     4.094
     4.199
     3.569
     3.496
     3.534
     3.965
     3.078
     3.042
     3.508
     3.133
     3.982
     3.931
     4.625
     4.116
     4.543
     4.317
     3.515
     3.992
     3.349
     3.737
     3.744
     3.384
     4.584
     3.214
     3.896
     3.272
     3.445
     3.150
     3.378
     3.611
     3.752
     4.341
     3.404
     2.524
     3.456
     3.993
     3.514
     3.803
     3.731
     3.758
     3.624
     3.749
     4.415
     3.851
     4.070
     2.972
     4.495
     4.125
     3.690
     3.978
     3.924
     4.220
     3.226
     4.521
     2.783
     4.114
     4.305
     2.967
     4.066
     3.981
     3.534
     3.984
     4.425
     3.647
     4.465
     3.897
     3.638
     3.231
     3.824
     3.970
     3.888
     3.414
     3.940
     3.457
     3.848
     3.101
     4.483
     3.337
     4.341
     4.364
     3.150
     4.341
     3.893
     3.300
     3.853
     3.780
     3.692
     3.874
     4.080
     3.165
     4.044
     2.730
     4.481
     3.871
     2.320
     3.620
     3.214
     3.252
     4.366
     4.183
     3.894
     3.846
     3.926
     4.393
     3.825
     4.343
     4.021
     4.439
     3.260
     3.777
     3.920
     4.216
     3.602
     4.086
     3.485
     4.183
     3.849
     1.660
     3.794
     3.813
     3.510
     2.480
     3.667
     3.997
     3.131
     3.435
     3.593
     3.488
     3.320
     3.776
     4.290
     4.453
     3.370
     3.547
     2.833
     3.727
     3.885
     3.998
     3.623
     2.814
     3.724
     3.449
     3.554
     3.970
     4.675
     3.960
     3.674
     3.473
     3.710
     3.839
     4.242
     4.261
     4.035
     3.473
     4.420
     4.626
     3.643
     3.311
     3.423
     3.381
     3.403
     3.400
     4.405
     4.326
     3.138
     4.487
     2.896
     1.776
     4.237
     3.295
     3.947
     3.859
     3.835
     3.632
     4.416
     3.473
     3.041
     4.015
     3.478
     3.702
     4.324
     3.385
     3.903
     3.096
     3.700
     4.433
     3.804
     3.410
     3.614
     3.468
     4.291
     3.910
     3.862
     3.990
     3.246
     3.526
     3.241
     3.495
     3.738
     3.406
     3.735
     3.224
     3.861
     3.733
     4.042
     4.018
     3.980
     4.319
     3.398
     4.098
     4.020
     3.780
     4.377
     3.329
     4.553
     4.080
     3.924
     3.163
     3.741
     3.017
     3.352
     4.410
     3.458
     3.833
     3.744
     3.130
     3.949
     3.650
     3.744
     3.655
     3.490
     3.149
     3.798
     2.866
     3.966
     3.400
     4.194
     4.062
     3.875
     2.716
     3.739
     4.644
     4.368
     4.021
     3.965
     3.734
     3.425
     4.270
     4.411
     4.483
     3.693
     4.118
     3.394
     3.413
     3.574
     3.415
     3.615
     4.616
     2.948
     4.022
     4.021
     3.898
     3.242
     3.688
     1.739
     4.557
     3.754
     3.365
     3.931
     4.025
     3.454
     3.835
     3.997
     4.032
     3.704
     4.559
     4.260
     3.339
     3.567
     2.038
     3.501
     2.662
     3.119
     2.870
     3.360
     3.535
     3.831
     3.830
     4.391
     4.074
     3.107
     4.154
     3.782
     3.714
     3.317
     1.859
     3.688
     3.807
     3.579
     2.045
     3.401
     4.018
     3.242
     2.892
     3.515
     3.882
     4.111
     3.409
     4.172
     3.512
     2.924
     3.739
     4.263
     4.197
     3.683
     3.644
     2.989
     4.042
     3.357
     3.924
     3.976
     4.125
     2.984
     3.770
     3.986
     3.449
     2.634
     3.894
     4.539
     3.650
     3.317
     3.862
     3.664
     3.859
     4.106
     4.136
     4.059
     3.907
     3.925
     4.260
     3.511
     3.775
     3.911
     3.485
     3.552
     3.805
     3.982
     4.590
     3.362
     4.406
     3.470
     3.787
     3.932
     3.941
     4.091
     3.257
     4.063
     2.795
     4.369
     3.809
     3.640
     4.224
     4.178
     4.122
     3.111
     3.671
     3.286
     2.873
     3.320
     3.640
     3.788
     4.040
     3.529
     3.339
     4.450
     2.991
     2.170
     4.150
     3.182
     3.464
     4.380
     3.250
     4.073
     3.700
     3.328
     3.927
     4.275
     4.474
     2.559
     3.183
     3.886
     2.386
     4.627
     3.823
     3.743
     3.924
     3.985
     3.866
     3.129
     4.141
     3.493
     3.661
     3.802
     4.450
     3.348
     3.944
     3.292
     4.224
     3.357
     3.523
     4.259
     3.527
     3.769
     3.575
     4.191
     3.093
     3.983
     3.872
     3.398
     4.082
     2.499
     3.435
     3.895
     4.517
     3.943
     4.444
     3.325
     4.154
     3.320
     2.351
     3.505
     3.751
     4.368
     3.536
     3.894
     4.334
     2.008
     3.531
     3.173
     3.194
     3.811
     4.092
     4.112
     3.569
     4.301
     3.586
     4.510
     3.060
     4.536
     4.239
     2.432
     4.353
     2.960
     4.096
     3.344
     3.028
     4.205
     4.192
     3.002
     3.251
     3.971
     3.304
     4.239
     3.625
     4.225
     3.840
     3.271
     2.879
     4.313
     3.363
     3.553
     4.097
     3.307
     3.807
     3.619
     3.907
     3.435
     3.913
     2.946
     2.763
     2.804
     3.488
     3.465
     3.759
     3.006
     3.729
     3.254
     3.177
     3.923
     3.359
     2.816
     3.351
     2.039
     3.988
     4.204
     3.876
     4.400
     2.907
     3.383
     2.439
     2.985
     3.688
     3.302
     2.846
     4.009
     3.988
     3.901
     4.411
     3.837
     2.808
     4.421
     3.297
     3.148
     4.329
     3.509
     3.436
     3.147
     3.903
     3.876
     4.386
     3.395
     1.828
     3.772
     4.318
     3.250
     4.319
     3.249
     4.028
     3.831
     3.817
     4.186
     3.443
     4.535
     3.783
     3.532
     3.685
     3.938
     4.299
     4.416
     3.092
     4.025
     4.252
     2.871
     3.943
     4.049
     3.574
     3.149
     4.236
     4.100
     3.323
     3.051
     4.436
     4.108
     3.531
     3.421
     3.985
     3.183
     4.417
     3.895
     3.447
     3.474
     3.754
     3.852
     3.422
     3.525
     3.421
     3.201
     3.745
     3.485
     3.248
     3.081
     3.628
     3.653
     3.851
     3.947
     3.368
     3.330
     3.764
     3.676
     4.032
     3.888
     2.780
     3.882
     3.646
     4.251
     3.216
     3.160
     3.416
     3.896
     3.616
     3.860
     3.910
     3.962
     4.336
     2.838
     3.221
     3.312
     4.078
     3.787
     1.423
     3.620
     1.480
     3.483
     3.440
     3.051
     4.101
     3.756
     4.065
     3.508
     2.870
     4.149
     4.117
     2.026
     3.472
     1.424
     3.763
     4.008
     4.222
     3.410
     2.941
     3.197
     4.030
     4.119
     4.040
     3.398
     4.069
     4.388
     3.892
     3.495
     4.159
     4.279
     3.994
     3.847
     3.557
     3.942
     3.256
     2.323
     3.034
     4.461
     3.774
     3.943
     3.924
     3.454
     4.387
     3.485
     4.375
     3.230
     3.580
     1.954
     4.490
     4.099
     3.351
     3.682
     3.699
     4.298
     3.913
     4.239
     4.023
     3.608
     3.546
     3.844
     4.287
     4.061
     3.315
     3.341
     3.472
     3.426
     4.122
     3.299
     3.292
     3.306
     3.349
     2.590
     3.590
     3.222
     3.409
     3.432
     3.484
     3.930
     3.248
     4.488
     3.501
     3.928
     2.979
     4.133
     3.503
     3.142
     3.398
     3.208
     3.610
     3.616
     3.719
     2.899
     3.223
     3.115
     3.463
     4.383
     3.416
     4.415
     4.371
     3.964
     3.569
     3.234
     3.821
     3.870
     3.923
     3.570
     3.802
     3.603
     2.562
     3.524
     2.897
     4.098
     3.811
     3.652
     3.417
     3.350
     3.687
     3.636
     3.386
     4.242
     3.573
     4.512
     3.956
     3.852
     3.847
     4.036
     3.260
     3.213
     4.106
     3.723
     3.691
     4.172
     4.177
     4.101
     3.672
     3.368
     3.480
     3.276
     3.946
     2.485
     3.028
     3.423
     4.195
     3.571
     3.958
     3.415
     4.379
     3.360
     3.453
     3.105
     3.494
     4.591
     3.356
     2.939
     3.124
     3.341
     4.111
     3.949
     3.812
     3.639
     3.277
     4.093
     3.866
     4.275
     3.323
     3.549
     3.947
     3.479
     3.919
     4.164
     4.157
     3.041
     3.356
     4.007
     4.468
     2.886
     3.569
     3.181
     3.622
     3.629
     4.472
     4.117
     4.061
     2.888
     3.886
     3.233
     3.717
     3.456
     3.132
     2.902
     4.643
     3.831
     4.113
     3.910
     3.114
     3.959
     3.967
     2.700
     3.014
     3.279
     3.800
     3.515
     4.230
     3.950
     3.433
     3.444
     3.423
     4.350
     3.788
     3.974
     3.259
     3.706
     3.638
     3.044
     3.462
     3.538
     3.273
     3.724
     3.183
     2.220
     3.981
     4.000
     3.790
     3.548
     4.244
     4.035
     3.983
     3.819
     3.607
     3.652
     4.377
     2.986
     3.404
     2.373
     3.561
     2.965
     4.232
     3.440
     3.881
     3.256
     4.558
     4.374
     3.012
     2.829
     4.232
     4.007
     3.990
     3.013
     3.162
     1.682
     3.475
     3.453
     4.244
     3.388
     2.899
     3.887
     4.168
     4.170
     3.540
     3.629
     4.561
     4.391
     3.460
     4.197
     4.113
     3.496
     4.537
     2.425
     3.826
     4.169
     3.667
     3.288
     3.799
     3.776
     4.564
     3.961
     3.377
     4.493
     3.538
     3.364
     3.435
     3.140
     4.022
     4.210
     3.820
     4.690
     3.658
     2.841
     3.311
     2.524
     4.237
     3.721
     3.157
     3.777
     3.385
     3.550
     3.533
     3.318
     3.188
     3.808
     3.351
     3.531
     4.374
     3.292
     4.400
     3.975
     3.147
     3.636
     3.239
     3.136
     4.006
     3.584
     4.242
     3.988
     3.160
     3.502
     3.343
     4.425
     3.076
     4.490
     2.932
     3.629
     3.113
     3.728
     3.201
     4.122
     3.157
     4.269
     4.064
     3.294
     3.174
     3.759
     4.180
     4.282
     3.674
     3.353
     3.284
     3.697
     3.331
     4.338
     3.344
     4.361
     4.598
     3.207
     2.964
     3.589
     2.178
     4.389
     3.756
     4.501
     3.612
     2.638
     3.347
     3.681
     3.459
     3.833
     4.487
     3.519
     3.466
     3.632
     3.015
     3.728
     3.518
     4.436
     3.648
     3.985
     3.544
     4.672
     4.601
     3.491
     4.444
     4.172
     3.050
     3.953
     4.288
     3.640
     3.107
     3.308
     3.411
     3.284
     3.949
     4.006
     3.880
     4.210
     4.000
     3.339
     3.530
     4.216
     4.590
     4.383
     3.404
     4.094
     4.004
     3.213
     3.768
     3.615
     4.246
     3.196
     4.450
     3.603
     3.202
     3.442
     3.914
     3.343
     4.575
     4.012
     3.897
     3.197
     3.218
     3.234
     3.764
     4.177
     4.660
     2.033
     4.000
     3.693
     3.988
     3.972
     3.422
     4.200
     4.163
     3.548
     3.240
     4.242
     4.446
     3.781
     3.720
     3.880
     4.504
     4.564
     3.326
     4.439
     2.573
     3.661
     3.918
     3.109
     2.405
     2.926
     3.485
     3.618
     3.959
     3.679
     3.373
     3.789
     4.208
     4.140
     3.354
     2.773
     4.247
     3.438
     3.857
     4.192
     3.113
     2.649
     3.407
     3.067
     3.632
     4.364
     4.366
     2.435
     4.632
     4.078
     3.425
     3.830
     3.462
     4.153
     4.326
     3.945
     3.412
     3.209
     4.192
     3.932
     4.133
     3.524
     2.932
     3.436
     3.175
