     1.698
     1.918
     1.705
     1.701
     1.684
     1.662
     1.614
     1.575
     1.574
     1.577
     1.574
     1.591
     1.619
     1.625
     1.622
     1.621
     1.624
     1.630
     1.639
     1.650
     1.657
     1.664
     1.675
     1.680
     1.683
     1.681
     1.684
     1.696
     1.719
     1.742
     1.768
     1.783
     1.794
     1.791
     1.798
     1.792
     1.782
     1.763
     1.760
     1.763
     1.804
     1.828
     1.849
     1.880
     1.897
     1.936
     1.959
     1.968
     1.959
     1.936
     1.899
     1.853
     1.817
     1.777
     1.753
     1.731
     1.723
     1.705
     1.685
     1.668
     1.644
     1.623
     1.618
     1.623
     1.622
     1.629
     1.641
     1.651
     1.657
     1.645
     1.629
     1.619
     1.605
     1.589
     1.578
     1.581
     1.583
     1.589
     1.620
     1.648
     1.679
     1.695
     1.682
     1.676
     1.671
     1.662
     1.729
     1.785
     1.906
     1.984
     2.007
     2.007
     1.999
     1.978
     1.944
     1.928
     1.907
     1.884
     1.853
     1.816
     1.690
     1.581
     1.479
     1.433
     1.422
     1.426
     1.465
     1.589
     1.659
     1.752
     1.845
     1.945
     1.991
     1.994
     1.995
     2.010
     2.002
     2.007
     1.974
     1.965
     1.949
     1.934
     1.934
     1.930
     1.923
     1.896
     1.860
     1.828
     1.788
     1.766
     1.804
     1.889
     1.920
     1.919
     1.903
     1.873
     1.863
     1.877
     1.954
     1.973
     1.963
     1.959
     1.995
     2.031
     2.060
     2.087
     2.118
     2.133
     2.140
     2.142
     2.139
     2.126
     2.105
     2.063
     2.021
     2.010
     2.011
     2.022
     2.067
     2.107
     2.113
     2.105
     2.088
     2.060
     1.979
     1.928
     1.840
     1.805
     1.761
     1.730
     1.703
     1.700
     1.719
     1.740
     1.772
     1.803
     1.856
     1.867
     1.871
     1.898
     1.923
     1.966
     2.008
     2.061
     2.098
     2.117
     2.124
     2.126
     2.124
     2.131
     2.128
     2.120
     2.106
     2.089
     2.080
     2.063
     2.054
     2.037
     2.014
     1.983
     1.941
     1.902
     1.868
     1.846
     1.836
     1.826
     1.800
     1.753
     1.747
     1.819
     1.893
     1.939
     1.981
     2.023
     2.082
     2.142
     2.173
     2.186
     2.179
     2.153
     2.110
     2.026
     1.923
     1.743
     1.654
     1.773
     1.845
     1.938
     2.017
     2.083
     2.131
     2.177
     2.190
     2.191
     2.187
     2.182
     2.140
     2.094
     2.034
     1.940
     1.820
     1.712
     1.756
     1.889
     1.924
     1.926
     1.912
     1.911
     1.911
     1.916
     1.934
     1.946
     1.951
     1.943
     1.918
     1.895
     1.857
     1.801
     1.735
     1.674
     1.620
     1.594
     1.569
     1.551
     1.544
     1.531
     1.535
     1.554
     1.570
     1.577
     1.615
     1.643
     1.668
     1.684
     2.359
     1.801
     1.807
     2.020
     2.083
     1.880
     1.968
     1.714
     1.938
     1.857
     2.027
     2.201
     2.119
     1.834
     2.110
     2.014
     2.052
     1.985
     1.754
     1.663
     1.633
     1.987
     2.137
     1.704
     1.989
     1.858
     1.978
     1.465
     1.991
     2.100
     1.883
     2.023
     1.585
     1.661
     1.745
     1.620
     1.702
     1.697
     1.727
     2.147
     1.747
     1.390
     1.872
     1.625
     1.930
     2.026
     2.031
     2.068
     1.922
     1.967
     1.727
     1.857
     2.027
     2.129
     1.869
     2.069
     1.982
     2.096
     1.995
     1.907
     2.010
     2.036
     2.205
     2.222
     2.176
     1.368
     1.933
     2.135
     2.025
     1.710
     2.037
     1.004
     2.081
     1.723
     1.647
     2.013
     1.785
     2.045
     1.436
     1.793
     1.551
     1.626
     1.693
     1.944
     2.184
     1.598
     1.714
     2.368
     2.112
     1.615
     1.721
     2.001
     1.378
     1.661
     1.811
     2.010
     1.689
     1.627
     2.072
     1.899
     1.880
     1.804
     1.745
     1.878
     1.600
     1.752
     1.897
     1.812
     1.672
     1.776
     1.789
     1.977
     1.812
     2.007
     2.020
     1.981
     1.678
     1.689
     1.919
     2.129
     1.912
     1.897
     1.978
     1.965
     1.760
     1.747
     1.842
     1.900
     1.847
     1.773
     2.093
     1.984
     2.065
     2.003
     2.070
     1.527
     2.201
     2.022
     1.809
     1.926
     1.628
     2.167
     2.074
     1.927
     1.774
     2.123
     1.943
     1.620
     1.709
     1.574
     2.068
     1.787
     1.866
     1.860
     2.144
     1.738
     1.873
     1.706
     1.808
     2.076
     1.817
     1.918
     1.741
     1.784
     1.820
     1.837
     1.838
     1.696
     1.755
     2.200
     2.142
     2.139
     1.795
     1.891
     2.001
     1.770
     1.883
     1.669
     1.767
     1.654
     2.148
     1.750
     1.892
     2.132
     2.049
     1.825
     1.670
     2.055
     1.862
     1.801
     2.268
     1.859
     2.061
     2.107
     2.083
     2.000
     1.698
     1.980
     1.601
     2.147
     2.322
     2.009
     2.134
     2.023
     1.707
     1.700
     1.853
     2.217
     2.019
     2.048
     1.729
     2.291
     1.946
     1.860
     1.890
     1.736
     1.688
     1.880
     1.844
     1.431
     2.130
     1.684
     1.708
     2.061
     2.129
     1.847
     1.722
     1.973
     1.687
     1.753
     1.943
     1.444
     1.631
     1.973
     2.057
     1.992
     1.962
     2.062
     1.082
     1.700
     2.107
     2.052
     1.785
     2.064
     1.757
     1.585
     2.154
     1.644
     1.766
     1.921
     1.625
     2.011
     1.703
     1.839
     1.717
     2.142
     1.854
     1.777
     1.737
     2.067
     2.227
     1.857
     1.861
     2.036
     1.887
     1.517
     2.162
     2.045
     1.688
     1.700
     2.035
     2.094
     1.937
     1.962
     1.793
     1.532
     1.996
     2.033
     1.710
     2.081
     2.179
     1.511
     1.974
     1.674
     1.690
     2.016
     1.981
     1.841
     1.788
     1.925
     1.825
     2.045
     1.688
     2.095
     2.040
     2.087
     1.756
     1.859
     1.830
     2.031
     2.368
     1.819
     1.717
     2.054
     2.066
     2.023
     2.118
     2.158
     1.559
     1.964
     1.750
     2.380
     1.663
     1.963
     1.689
     1.746
     1.585
     1.826
     1.894
     1.574
     1.847
     2.057
     1.609
     1.783
     2.102
     2.030
     1.518
     1.739
     1.663
     1.877
     1.671
     1.719
     2.148
     1.863
     1.607
     1.597
     2.099
     1.936
     1.707
     1.889
     1.554
     1.644
     1.788
     1.900
     2.015
     2.005
     1.814
     1.686
     1.957
     1.709
     1.988
     2.085
     2.137
     2.035
     2.047
     1.807
     2.082
     1.830
     1.792
     2.148
     1.882
     1.975
     1.900
     1.685
     1.878
     2.056
     1.721
     1.883
     1.712
     1.855
     1.798
     1.781
     1.580
     1.861
     1.828
     2.022
     2.039
     1.711
     1.474
     2.134
     1.753
     1.875
     1.537
     1.958
     2.126
     2.149
     1.837
     1.859
     2.072
     1.821
     1.914
     1.894
     2.202
     2.079
     1.905
     1.916
     1.218
     1.980
     1.793
     1.934
     1.644
     2.096
     1.730
     1.573
     2.137
     1.898
     1.661
     1.695
     1.617
     1.478
     1.940
     1.701
     1.799
     2.083
     1.798
     2.121
     1.774
     1.668
     1.391
     2.168
     2.083
     1.954
     1.674
     1.866
     1.684
     2.067
     1.892
     1.717
     2.227
     1.960
     1.964
     1.756
     2.035
     2.139
     1.944
     1.735
     1.668
     1.999
     2.070
     2.238
     1.627
     1.868
     1.971
     2.015
     1.758
     1.668
     1.830
     1.877
     1.973
     1.881
     1.495
     1.681
     1.829
     1.920
     1.762
     1.842
     1.750
     1.984
     2.051
     1.843
     2.044
     1.788
     1.709
     1.876
     1.766
     1.730
     1.961
     2.038
     1.970
     1.942
     1.993
     1.622
     2.176
     2.085
     1.885
     1.720
     2.006
     1.972
     1.596
     1.693
     1.990
     1.455
     2.087
     1.866
     1.707
     1.637
     1.755
     2.031
     1.733
     1.998
     2.113
     1.885
     1.924
     1.874
     2.059
     1.734
     1.615
     1.674
     1.734
     1.979
     2.078
     2.136
     2.023
     1.880
     2.130
     2.073
     2.099
     1.868
     1.804
     1.876
     2.169
     1.876
     1.710
     1.721
     1.186
     2.118
     1.831
     2.067
     1.654
     1.739
     1.693
     1.731
     1.564
     1.863
     2.302
     1.647
     2.171
     2.008
     1.461
     1.970
     1.625
     1.679
     1.733
     1.764
     1.938
     1.770
     2.038
     2.051
     1.639
     2.258
     2.290
     2.123
     2.118
     1.751
     1.613
     1.646
     1.835
     1.809
     2.062
     1.741
     1.758
     2.080
     1.728
     2.016
     2.177
     2.073
     1.605
     2.207
     1.953
     1.736
     1.702
     1.975
     1.777
     2.027
     2.130
     1.865
     1.898
     2.041
     1.960
     1.666
     2.079
     1.390
     1.777
     1.977
     2.035
     1.690
     1.877
     2.046
     1.892
     1.855
     1.995
     2.080
     1.653
     1.849
     2.236
     2.212
     2.011
     1.663
     2.223
     1.920
     2.044
     1.609
     1.978
     1.688
     1.600
     2.159
     1.797
     1.933
     1.782
     2.141
     2.175
     1.959
     1.840
     2.081
     1.667
     1.609
     1.968
     1.683
     1.856
     1.809
     1.804
     1.655
     2.085
     1.843
     1.940
     1.694
     1.661
     1.782
     2.115
     1.878
     2.143
     2.058
     1.971
     1.604
     1.518
     2.101
     1.988
     1.480
     1.955
     1.920
     1.814
     1.622
     2.048
     2.019
     1.827
     1.612
     1.589
     2.284
     1.706
     1.912
     2.216
     2.084
     1.550
     1.900
     1.872
     2.319
     1.967
     1.902
     1.855
     2.063
     1.853
     2.192
     2.059
     2.161
     1.669
     2.099
     2.082
     1.906
     1.418
     2.015
     1.779
     1.865
     1.925
     2.134
     1.700
     1.808
     1.793
     1.764
     1.634
     2.112
     2.028
     2.095
     2.113
     2.106
     1.386
     2.132
     1.967
     1.844
     1.445
     1.970
     2.053
     1.832
     2.375
     2.070
     2.050
     1.817
     1.695
     1.599
     1.699
     2.080
     2.138
     1.975
     1.867
     2.040
     1.881
     2.288
     1.830
     1.937
     1.732
     1.776
     2.166
     1.859
     2.092
     2.046
     1.996
     2.041
     2.041
     2.120
     1.741
     1.872
     1.768
     1.958
     2.044
     2.063
     1.999
     1.958
     1.935
     1.956
     1.712
     1.705
     2.039
     1.901
     1.995
     1.685
     1.685
     2.203
     1.918
     1.987
     1.813
     2.139
     1.549
     2.104
     2.092
     1.662
     2.028
     1.750
     2.129
     2.076
     1.552
     2.029
     1.665
     1.675
     1.692
     2.103
     1.866
     1.692
     1.447
     2.037
     1.726
     1.795
     1.966
     2.009
     2.291
     2.121
     1.942
     2.086
     2.038
     1.934
     1.943
     1.769
     1.876
     1.687
     2.172
     1.691
     2.137
     2.036
     1.961
     1.732
     2.192
     1.777
     1.788
     1.915
     2.151
     1.678
     1.978
     1.727
     1.804
     1.685
     2.082
     2.074
     1.160
     2.062
     2.030
     1.554
     2.112
     1.863
     2.063
     2.059
     1.647
     2.033
     1.713
     1.349
     1.830
     1.544
     1.767
     1.926
     1.844
     1.744
     2.165
     2.332
     2.021
     1.673
     1.496
     2.068
     2.051
     1.600
     1.936
     1.695
     1.707
     1.858
     2.030
     1.829
     2.010
     1.723
     1.445
     1.819
     1.813
     1.837
     1.892
     1.934
     2.183
     2.314
     1.896
     1.225
     1.609
     1.749
     1.892
     1.879
     1.677
     1.751
     2.101
     1.844
     2.066
     2.015
     1.977
     1.821
     1.657
     2.274
     1.697
     2.144
     1.957
     1.709
     1.664
     1.885
     1.964
     2.389
     1.952
     1.707
     1.253
     1.919
     2.091
     1.479
     1.930
     2.012
     1.669
     2.051
     1.966
     1.903
     2.081
     1.942
     1.653
     1.578
     1.740
     2.165
     1.811
     1.696
     1.493
     1.638
     2.034
     1.786
     1.517
     2.162
     2.095
     1.686
     2.145
     2.016
     1.697
     2.015
     2.093
     1.940
     1.881
     1.740
     1.932
     1.713
     2.134
     2.067
     1.787
     1.559
     1.817
     1.724
     2.098
     2.088
     1.948
     2.086
     1.768
     1.826
     1.966
     1.717
     2.119
     1.718
     1.698
     1.828
     1.737
     1.643
     1.880
     1.860
     2.123
     1.726
     1.874
     1.543
     1.891
     2.095
     1.979
     1.739
     1.735
     1.667
     1.808
     1.726
     1.963
     1.744
     2.100
     1.926
     2.361
     1.618
     1.527
     1.694
     1.677
     1.881
     2.062
     2.009
     2.124
     2.064
     1.735
     1.733
     1.897
     1.901
     1.901
     1.794
     1.864
     2.094
     1.826
     1.734
     1.738
     1.890
     1.706
     1.983
     1.920
     1.589
     1.782
     2.108
     2.283
     1.809
     1.775
     1.736
     1.723
     1.744
     1.770
     2.068
     2.205
     1.701
     1.631
     1.831
     1.277
     1.965
     2.119
     1.713
     1.729
     1.980
     1.801
     2.099
     1.800
     1.863
     1.906
     1.938
     1.893
     2.129
     1.431
     1.764
     2.032
     2.163
     1.883
     1.812
     1.995
     1.947
     1.707
     1.490
     2.154
     1.921
     2.017
     1.802
     1.905
     2.133
     1.905
     1.854
     1.515
     1.952
     2.048
     2.115
     2.204
     2.049
     1.613
     1.603
     1.978
     1.815
     2.151
     1.899
     2.090
     1.329
     1.977
     1.805
     1.990
     1.822
     1.607
     1.662
     1.957
     1.843
     2.068
     2.017
     1.958
     1.630
     2.007
     1.706
     1.672
     2.387
     1.730
     2.002
     2.021
     2.057
     2.118
     2.025
     2.017
     2.163
     2.070
     2.114
     2.055
     1.814
     2.160
     1.824
     2.078
     1.816
     1.828
     1.559
     2.106
     1.978
     1.561
     1.776
     1.609
     2.013
     2.001
     1.978
     2.001
     1.877
     2.110
     1.839
     1.754
     2.010
     2.040
     2.103
     1.775
     1.657
     1.910
     2.064
     2.002
     1.648
     1.870
     1.827
     1.673
     1.863
     2.159
     2.075
     2.089
     1.540
     2.034
     2.010
     1.687
     1.975
     1.511
     2.045
     1.776
     2.007
     1.881
     2.055
     1.749
     2.038
     1.867
     1.976
     1.762
     1.512
     1.796
     1.732
     1.965
     1.668
     1.941
     1.772
     1.682
     2.151
     1.779
     1.741
     1.659
     1.876
     2.213
     2.062
     2.079
     1.017
     2.001
     2.117
     1.896
     1.983
     2.117
     1.879
     2.009
     1.724
     2.060
     1.676
     1.945
     1.851
     2.060
     1.425
     1.750
     1.968
     1.558
     1.915
     1.832
     1.643
     1.705
     1.966
     1.792
     1.667
     2.028
     1.683
     2.073
     1.656
     1.846
     1.994
     2.052
     1.606
     1.660
     1.712
     1.721
     1.858
     1.926
     1.796
     1.843
     1.748
     1.961
     2.092
     1.909
     1.454
     1.626
     1.847
     1.709
     1.615
     1.839
     1.993
     1.995
     2.119
     2.008
     1.783
     2.115
     1.791
     1.829
     1.701
     1.870
     1.357
     2.140
     2.109
     1.752
     1.889
     1.948
     1.900
     1.591
     1.850
     1.682
     2.343
     1.679
     2.065
     1.737
     1.690
     1.879
     1.964
     2.055
     1.981
     1.273
     1.654
     1.628
     1.601
     1.861
     2.154
     1.853
     1.822
     1.715
     1.983
     1.730
     2.004
     1.528
     1.731
     1.971
     2.011
     2.062
     1.479
     1.706
     2.097
     1.940
     1.764
     1.873
     1.966
     1.869
     2.073
     1.691
     1.991
     2.115
     2.109
     2.050
     1.923
     1.666
     1.801
     1.895
     2.054
     1.878
     2.187
     1.910
     2.121
     1.996
     2.162
     1.838
     1.848
     2.167
     2.052
     1.676
     1.681
     1.777
     1.522
     1.900
     1.630
     1.966
     1.791
     1.816
     1.863
     2.137
     1.892
     1.809
     1.800
     1.831
     1.674
     1.571
     1.585
     1.893
     1.870
     1.936
     1.727
     1.869
     1.219
     1.747
     1.999
     1.848
     1.715
     1.680
     2.320
     1.805
     1.839
     2.054
     1.921
     1.733
     1.646
     1.406
     1.676
     2.358
     1.833
     2.052
     1.957
     1.572
     1.846
     1.971
     2.081
     2.003
     1.695
     1.805
     2.029
     1.441
     1.946
     1.841
     1.821
     2.079
     1.675
     2.115
     1.528
     2.127
     1.992
     1.939
     1.742
     2.074
     1.761
     1.786
     2.200
     1.919
     2.082
     1.893
     2.207
     2.139
     2.114
     2.143
     2.131
     1.844
     1.736
     2.136
     1.912
     1.347
     2.077
     1.762
     2.099
     2.146
     1.599
     1.635
     1.727
     2.172
     1.659
     2.185
     1.976
     1.792
     1.871
     2.113
     2.005
     1.036
     1.762
     1.613
     1.680
     1.755
     1.905
     1.916
     1.547
     1.929
     1.660
     1.805
     2.094
     2.088
     1.773
     2.007
     1.809
     1.682
     1.893
     1.952
     1.589
     1.692
     1.884
     1.989
     1.901
     1.478
     1.701
     1.535
     1.699
     1.963
     1.758
     1.897
     1.808
     2.018
     1.723
     1.631
     1.939
     1.557
     1.716
     1.793
     2.041
     2.029
     1.685
     1.773
     1.845
     2.129
     1.939
     1.535
     1.799
     2.050
     1.985
     1.734
     1.941
     1.651
     1.565
     1.854
     1.846
     1.675
     2.112
     1.819
     1.769
     2.171
     1.553
     1.811
     1.852
     2.075
     1.863
     2.063
     1.912
     1.750
     1.824
     1.839
     2.119
     2.066
     1.764
     1.869
     1.979
     1.776
     2.132
     2.087
     1.732
     1.946
     1.770
     2.153
     1.783
     2.056
     1.868
     2.041
     1.664
     1.677
     1.601
     1.780
     2.122
     1.813
     1.792
     2.042
     1.722
     2.190
     1.934
     2.062
     1.807
     1.817
     1.835
     1.802
     1.996
     1.879
     1.655
     2.156
     2.102
     1.699
     1.520
     1.731
     1.829
     1.907
     1.832
     1.677
     1.503
     2.081
     1.612
     1.864
     1.654
     1.760
     2.204
     1.787
     1.929
     1.696
     1.880
     1.842
     2.024
     1.956
     1.714
     1.971
     1.902
     2.188
     1.925
     1.792
     1.867
     1.868
     1.747
     2.071
     1.777
     1.809
     1.942
     1.934
     1.921
     1.913
     2.285
     1.806
     1.495
     1.913
     1.849
     2.005
     1.653
     1.983
     2.089
     1.671
     1.715
     2.022
     1.637
     1.611
     1.857
     1.961
     1.637
     2.043
     2.203
     2.162
     1.620
     1.565
     2.054
     1.809
     2.088
     1.891
     1.731
     2.176
     1.912
     1.624
     1.478
     1.672
     1.993
     1.999
     2.106
     1.703
     1.927
     1.449
     2.045
     2.087
     2.049
     2.014
     1.754
     2.043
     1.568
     1.742
     1.762
     2.150
     2.062
     1.813
     1.965
     2.111
     2.168
     1.758
     2.009
     2.051
     2.054
     1.999
     1.835
     1.943
     1.727
     2.231
     2.066
     1.696
     1.999
     1.667
     1.885
     2.116
     1.913
     2.103
     1.950
     1.839
     1.882
     1.553
     1.810
     2.095
     2.138
     1.830
     1.844
     1.579
     1.335
     1.770
     1.856
     2.184
     1.574
     1.709
     2.104
     1.913
     2.166
     1.743
     1.928
     1.886
     1.650
     2.098
     1.939
     2.031
     2.145
     1.748
     1.720
     1.798
     1.623
     1.664
     1.717
     2.034
     2.027
     1.865
     1.702
     1.805
     1.658
     1.922
     1.966
     2.158
     1.940
     1.650
     1.996
     1.716
     1.776
     1.212
     2.034
     2.053
     1.640
     2.023
     1.638
     1.643
     1.928
     1.642
     2.152
     1.695
     2.120
     1.597
     1.749
     2.066
     1.691
     1.677
     1.735
     2.124
     2.145
     1.938
     2.153
     1.379
     1.879
     1.742
     1.463
     2.019
     1.818
     1.598
     1.741
     2.197
     1.890
     2.152
     1.936
     1.963
     2.085
     2.054
     1.748
     2.041
     2.151
     2.204
     1.985
     1.884
     2.065
     1.660
     1.749
     1.571
     2.005
     1.336
     1.807
     1.868
     1.965
     2.156
     1.944
     1.811
     1.778
     2.054
     2.049
     2.099
     1.764
     1.884
     1.628
     1.781
     1.942
     1.961
     1.790
     2.097
     1.935
     2.066
     2.403
     1.769
     1.552
     2.088
     1.862
     1.901
     1.939
     1.618
     2.042
     1.655
     1.837
     1.589
     2.086
     1.692
     2.081
     1.931
     2.055
     1.710
     1.884
     1.828
     2.139
     1.646
     2.104
     2.302
     1.757
     1.912
     1.557
     1.964
     2.252
     2.092
     1.714
     1.975
     1.674
     1.880
     2.011
     1.965
     1.750
     2.070
     1.709
     2.176
     1.900
     1.748
     2.149
     1.698
     2.226
     1.837
     1.570
     1.830
     2.024
     1.882
     1.792
     1.819
     2.097
     1.989
     1.882
     1.904
     1.622
     1.894
     2.001
     1.841
     1.879
     2.004
     1.628
     2.011
     1.737
     1.944
     2.073
     1.993
     2.024
     1.716
     2.027
     1.454
     1.728
     1.492
     1.959
     1.826
     1.944
     1.916
     1.917
     1.958
     1.935
     2.193
     1.850
     1.721
     2.123
     1.747
     1.548
     1.978
     1.756
     1.921
     1.952
     1.943
     1.843
     1.993
     1.966
     2.078
     2.099
     1.754
     1.991
     2.103
     1.733
     2.055
     2.023
     2.026
     1.626
     2.033
     2.135
     1.697
     1.989
     1.868
     1.621
     1.874
     1.666
     2.083
     1.993
     2.033
     2.051
     1.794
     1.907
     1.791
     2.161
     1.754
     2.037
     1.936
     1.769
     1.925
     1.919
     1.939
     1.718
     2.003
     1.909
     1.996
     1.949
     1.388
     1.752
     1.645
     2.010
     2.147
     1.675
     1.772
     2.089
     1.966
     1.701
     1.894
     2.021
     1.583
     1.780
     1.625
     1.891
     2.030
     1.665
     2.314
     1.778
     2.124
     2.018
     2.146
     1.832
     1.702
     2.102
     2.110
     1.823
     2.168
     1.642
     1.730
     1.750
     1.767
     1.583
     1.491
     1.964
     1.591
     2.114
     1.886
     2.226
     2.040
     1.741
     1.977
     1.981
     1.862
     1.861
     1.679
     2.358
     2.260
     2.081
     1.731
     1.973
     1.685
     1.614
     1.771
     2.132
     1.919
     1.885
     2.144
     1.791
     1.929
     1.799
     2.012
     1.801
     2.107
     1.263
     1.680
     1.758
     2.062
     1.722
     1.753
     1.907
     1.660
     1.626
     1.669
     1.638
     2.003
     2.001
     1.848
     1.703
     1.597
     1.884
     1.866
     1.801
     2.222
     2.247
     2.236
     1.974
     2.071
     1.860
     2.036
     1.637
     1.697
     2.225
     1.647
     1.617
     1.674
     1.737
     2.042
     1.887
     2.016
     1.720
     1.679
     1.841
     1.586
     1.775
     1.479
     2.023
     1.735
     1.890
     1.875
     1.767
     1.733
     1.578
     1.768
     1.739
     2.070
     2.054
     1.735
     1.986
     2.004
     2.112
     2.074
     1.896
     1.560
     1.735
     1.652
     1.999
     2.055
     1.567
     1.614
     1.899
     1.894
     1.721
     1.750
     1.750
     2.160
     1.565
     2.227
     1.929
     1.589
     1.755
     1.703
     2.061
     1.835
     1.965
     1.835
     1.628
     2.033
     1.965
     2.264
     2.009
     2.316
     1.959
     1.813
     1.433
     1.713
     1.912
     1.923
     1.888
     2.190
     2.068
     1.800
     2.124
     1.935
     2.004
     1.614
     2.318
     1.905
     2.021
     1.717
     2.073
     1.837
     2.026
     2.018
     1.879
     1.916
     2.147
     1.713
     2.296
     1.637
     2.040
     1.651
     1.911
     1.550
     1.600
     2.130
     1.660
     2.096
     2.145
     1.691
     2.093
     2.086
     2.057
     2.209
     1.763
     1.653
     1.785
     1.838
     1.853
     2.373
     1.879
     1.859
     2.070
     1.952
     2.057
     1.748
     2.016
     2.095
     2.111
     2.089
     2.103
     2.072
     1.665
     2.136
     1.985
     1.884
     2.073
     2.103
     1.969
     1.978
     1.783
     1.836
     1.467
     1.203
     2.028
     2.055
     2.342
     1.711
     1.668
     1.514
     1.903
     1.764
     1.791
     2.044
     1.630
     1.775
     1.620
     2.085
     2.012
     2.154
     1.966
     2.135
     2.125
     1.768
     2.162
     1.859
     2.052
     1.996
     2.061
     2.094
     1.527
     2.024
     1.993
     2.081
     2.083
     1.691
     2.180
     2.014
     2.020
     1.896
     1.989
     1.970
     2.021
     2.018
     1.727
     1.866
     1.892
     1.704
     2.033
     2.072
     2.301
     1.820
     2.116
     1.870
     1.834
     2.257
     1.634
     2.044
     2.153
     1.920
     2.140
     1.683
     2.093
     2.083
     1.805
     1.922
     2.024
     2.012
     1.716
     2.151
     1.680
     1.630
     2.048
     2.002
     1.542
     1.796
     1.800
     2.002
     2.115
     1.823
     1.852
     2.025
     2.033
     1.945
     1.936
     2.130
     2.221
     1.721
     1.887
     1.815
     2.024
     1.745
     1.681
     1.618
     1.762
     1.787
     1.885
     1.743
     2.050
     2.084
     2.006
     1.999
     1.716
     1.863
     1.664
     1.925
     2.104
     1.801
     2.081
     1.712
     2.027
     2.160
     2.006
     1.998
     1.857
     1.725
     1.708
     1.085
     2.195
     1.869
     1.996
     1.521
     1.732
     1.868
     1.882
     2.292
     1.926
     1.937
     1.903
     1.740
     1.828
     1.838
     2.044
     1.761
     2.146
     1.900
     1.865
     1.698
     1.689
     1.950
     1.993
     2.042
     1.032
     1.571
     2.019
     2.068
     1.394
     2.040
     2.115
     2.249
     2.265
     2.239
     1.808
     2.150
     1.613
     1.772
     1.862
     1.841
     1.953
     2.166
     2.159
     2.101
     1.724
     2.085
     1.714
     1.963
     1.787
     1.935
     1.974
     2.168
     1.905
     2.139
     1.718
     2.045
     2.135
     2.152
     2.061
     1.816
     1.670
     1.782
     1.630
     2.182
     1.711
     2.017
     2.016
     1.755
     1.813
     1.769
     1.543
     1.829
     1.686
     1.676
     1.580
     1.824
     1.917
     2.033
     1.918
     1.726
     2.074
     1.987
     1.984
     1.695
     1.605
     2.052
     1.891
     1.856
     1.857
     1.704
     1.685
     1.878
     1.609
     1.745
     1.713
     1.976
     2.087
     1.652
     2.129
     1.687
     1.929
     2.224
     1.554
     2.103
     1.970
     1.666
     1.796
     1.869
     1.679
     1.995
     1.790
     2.161
     2.007
     1.754
     1.921
     1.658
     1.755
     2.058
     2.040
     2.190
     1.847
     1.773
     1.831
     2.103
     2.143
     1.628
     2.050
     1.625
     1.831
     2.256
     1.664
     1.681
     1.708
     1.901
     2.016
     1.729
     1.820
     1.865
     1.948
     1.814
     1.966
     2.041
     2.193
     1.863
     1.690
     1.911
     1.705
     2.080
     2.116
     1.966
     1.598
     2.075
     1.786
     2.100
     1.920
     1.698
     2.130
     1.831
     2.111
     1.812
     1.635
     1.353
     1.530
     1.754
     1.893
     1.868
     2.092
     1.728
     2.013
     1.328
     2.036
     1.837
     2.111
     1.682
     1.897
     1.569
     1.942
     1.989
     1.604
     1.866
     1.828
     1.958
     1.938
     1.549
     1.853
     1.684
     1.801
     1.189
     2.146
     1.757
     1.994
     1.789
     2.150
     2.013
     2.081
     1.573
     1.829
     1.490
     2.155
     2.033
     2.114
     1.734
     1.846
     2.090
     1.933
     1.864
     1.519
     1.879
     1.840
     2.021
     2.362
     2.082
     2.038
     2.359
     1.610
     1.978
     1.869
     1.899
     1.994
     1.713
     2.150
     1.627
     2.116
     1.769
     1.971
     1.862
     2.016
     1.961
     1.943
     2.009
     1.750
     1.878
     2.096
     1.665
     1.896
     1.679
     2.126
     1.970
     1.500
     1.730
     2.125
     2.080
     1.708
     1.888
     1.616
     2.020
     1.808
     2.099
     2.100
     1.767
     1.807
     2.146
     1.922
     2.026
     1.386
     1.946
     1.876
     1.753
     1.794
     1.655
     2.057
     1.986
     1.961
     1.978
     2.144
     1.759
     1.827
     2.127
     1.786
     1.429
     1.710
     2.001
     1.971
     1.689
     1.971
     1.232
     1.786
     1.729
     2.108
     2.206
     2.090
     1.764
     2.079
     1.997
     2.033
     1.910
     1.494
     2.154
     2.067
     1.694
     2.121
     1.709
     2.045
     1.686
     1.813
     1.988
     2.039
     2.144
     1.888
     1.598
     1.915
     1.957
     1.963
     2.271
     1.695
     2.069
     1.854
     2.095
     2.132
     1.806
     1.591
     2.142
     1.714
     2.097
     2.191
     1.875
     1.842
     2.045
     2.137
     1.818
     1.913
     2.006
     1.665
     1.942
     1.919
     1.592
     2.080
     1.654
     2.060
     1.736
     1.873
     2.124
     1.591
     2.003
     1.873
     2.093
     2.079
     1.730
     1.823
     1.862
     2.178
     1.590
     1.830
     1.896
     1.944
     1.917
     1.952
     2.154
     1.749
     1.885
     1.432
     1.805
     1.960
     2.184
     1.695
     1.857
     1.659
     2.124
     1.899
     1.793
     1.982
     2.173
     1.684
     1.832
     1.993
     1.676
     1.435
     1.625
     1.778
     2.014
     1.911
     1.571
     1.688
     2.010
     1.590
     2.021
     2.324
     2.100
     2.086
     2.123
     2.037
     1.878
     1.806
     1.923
     1.516
     1.727
     1.899
     1.808
     1.712
     1.832
     1.671
     1.861
     2.106
     1.672
     1.697
     2.062
     2.094
     2.059
     2.021
     1.773
     1.908
     1.720
     1.747
     1.462
     1.698
     2.017
     1.892
     2.037
     1.975
     1.251
     1.875
     1.966
     2.078
     1.625
     2.108
     2.024
     1.955
     1.641
     1.964
     2.081
     1.959
     2.059
     1.742
     1.644
     1.733
     1.520
     2.057
     2.040
     1.917
     2.239
     1.894
     1.875
     1.875
     2.089
     1.611
     1.981
     2.007
     1.628
     1.780
     1.994
     1.126
     2.037
     1.486
     1.918
     2.092
     1.680
     1.546
     2.003
     1.896
     2.011
     1.942
     1.829
     2.039
     1.675
     2.217
     0.966
     1.922
     1.850
     1.609
     2.189
     2.024
     1.805
     2.049
     1.830
     1.859
     1.794
     1.863
     1.776
     1.735
     1.746
     2.283
     2.028
     2.037
     2.214
     1.569
     2.070
     2.022
     2.039
     1.671
     1.879
     1.990
     1.986
     2.105
     1.925
     1.784
     1.979
     1.846
     1.647
     1.833
     2.147
     1.782
     1.640
     1.993
     2.053
     1.616
     1.809
     1.892
     1.892
     2.072
     1.840
     1.729
     1.818
     2.311
     1.907
     2.026
     1.841
     1.459
     1.393
     1.774
     2.066
     1.616
     1.721
     1.588
     2.399
     1.631
     1.763
     1.626
     2.027
     1.829
     1.433
     1.734
     1.801
     1.535
     2.065
     1.622
     1.645
     1.848
     1.928
     2.129
     1.940
     1.611
     2.075
     1.855
     1.739
     1.685
     1.508
     1.758
     2.113
     1.736
     1.963
     1.907
     1.726
     1.743
     1.482
     2.159
     1.915
     1.932
     2.109
     2.132
     1.694
     1.731
     1.751
     2.024
     1.973
     1.891
     1.642
     2.113
     1.859
     1.633
     2.318
     1.604
     1.536
     1.766
     1.691
     1.705
     2.076
     1.697
     1.886
     2.124
     2.150
     2.293
     2.004
     2.016
     1.678
     2.018
     2.086
     2.020
     2.072
     1.982
     1.932
     1.794
     1.713
     1.897
     1.957
     1.713
     2.121
     2.035
     1.999
     1.912
     2.102
     1.920
     1.813
     1.971
     1.549
     1.513
     1.481
     1.675
     1.728
     1.637
     2.186
     1.923
     1.409
     2.141
     1.633
     1.889
     1.644
     2.080
     1.998
     2.349
     2.127
     2.050
     2.059
     1.736
     1.837
     1.577
     1.944
     1.661
     1.809
     1.774
     1.925
     2.049
     2.129
     1.703
     2.019
     1.853
     1.723
     1.864
     1.505
     1.720
     1.814
     1.735
     2.105
     2.080
     2.082
     1.970
     2.040
     1.686
     1.983
     2.055
     2.135
     1.859
     1.856
     1.696
     2.001
     2.044
     1.923
     1.730
     1.688
     2.153
     2.372
     2.116
     2.053
     1.746
     1.923
     1.986
     1.607
     1.570
     1.679
     1.949
     1.833
     2.148
     1.814
     2.066
     2.324
     2.116
     2.111
     1.865
     2.101
     1.863
     1.691
     1.774
     1.884
     1.902
     2.133
     2.095
     2.109
     1.644
     1.818
     1.716
     1.721
     1.698
     1.875
     1.694
     1.688
     1.656
     1.737
     1.704
     2.025
     2.107
     1.731
     1.993
     1.958
     1.883
     1.958
     1.939
     2.109
     2.134
     1.776
     2.086
     1.594
     2.009
     1.907
     2.003
     2.028
     1.637
     1.761
     1.664
     1.742
     1.925
     1.981
     1.935
     1.875
     1.727
     1.967
     1.930
     2.031
     1.990
     1.683
     1.799
     2.161
     1.681
     2.104
     1.885
     1.750
     1.822
     1.815
     1.781
     1.645
     1.843
     1.935
     1.662
     1.827
     1.715
     2.169
     1.989
     1.849
     1.503
     2.066
     1.792
     1.782
     1.702
     1.878
     2.174
     1.721
     1.971
     1.974
     1.975
     1.674
     2.011
     1.853
     2.242
     1.973
     1.714
     1.787
     1.777
     1.895
     1.673
     2.104
     1.954
     2.109
     1.695
     1.822
     1.860
     2.336
     1.700
     2.184
     1.936
     1.737
     1.951
     1.868
     1.872
     1.667
     1.643
     2.186
     1.687
     2.338
     2.107
     1.623
     2.081
     1.691
     2.027
     1.699
     1.750
     1.781
     1.749
     1.783
     1.753
     1.386
     1.688
     2.131
     1.830
     2.068
     2.066
     1.493
     1.920
     1.749
     1.688
     2.096
     1.704
     1.766
     2.034
     1.751
     1.727
     1.765
     1.668
     1.889
     2.152
     1.712
     1.732
     2.019
     1.779
     2.088
     2.141
     1.892
     1.801
     2.072
     2.082
     1.696
     1.840
     2.013
     1.900
     2.002
     1.724
     2.017
     1.542
     1.959
     2.079
     1.779
     1.944
     1.994
     2.055
     1.934
     2.060
     2.058
     1.997
     1.497
     1.585
     1.582
     1.757
     1.796
     1.874
     1.793
     1.420
     1.604
     2.052
     2.107
     1.902
     1.996
     1.839
     1.663
     1.878
     2.033
     1.698
     1.704
     1.993
     1.661
     1.688
     2.084
     2.093
     1.951
     1.931
     1.671
     1.916
     1.775
     1.779
     2.047
     2.079
     2.139
     1.802
     1.898
     2.069
     1.968
     2.018
     2.010
     1.766
     2.000
     1.843
     1.764
     1.918
     2.253
     1.856
     1.963
     2.001
     2.082
     1.992
     2.160
     1.668
     1.593
     1.653
     1.722
     1.922
     2.143
     1.743
     1.695
     1.697
     2.172
     2.050
     1.912
     1.878
     2.077
     1.131
     1.359
     2.040
     1.743
     2.281
     1.984
     1.841
     2.153
     2.138
     1.758
     2.112
     1.956
     1.855
     1.752
     2.066
     1.566
     2.154
     1.751
     2.090
     2.136
     1.670
     1.111
     2.032
     1.681
     1.906
     1.586
     1.697
     2.068
     1.811
     1.242
     1.985
     2.049
     2.151
     2.150
     1.648
     2.056
     2.082
     1.481
     1.710
     1.472
     1.992
     2.179
     2.068
     1.760
     1.696
     1.709
     1.915
     2.068
     2.140
     1.833
     2.059
     2.379
     2.161
     1.958
     1.804
     1.955
     1.936
     2.142
     2.147
     1.519
     1.817
     1.707
     1.710
     1.831
     2.188
     2.043
     2.093
     1.842
     1.741
     1.854
     1.940
     1.961
     2.130
     1.822
     1.788
     1.514
     2.037
     2.030
     1.754
     2.034
     2.007
     2.084
     1.372
     1.854
     1.662
     1.939
     2.091
     1.860
     1.821
     1.865
     1.707
     1.716
     1.702
     1.882
     1.757
     1.593
     2.132
     1.945
     1.677
     2.132
     1.650
     1.892
     2.122
     1.924
     2.059
     1.729
     1.953
     1.923
     1.938
     1.838
     2.104
     2.059
     2.014
     1.806
     1.781
     1.798
     1.784
     1.925
     1.683
     2.128
     1.978
     1.801
     1.640
     1.579
     1.328
     1.506
     1.878
     1.948
     1.590
     1.723
     2.038
     1.927
     1.931
     1.684
     1.835
     2.187
     1.740
     1.743
     1.891
     1.739
     1.755
     1.700
     1.800
     1.618
     2.126
     1.721
     1.970
     1.826
     1.491
     1.730
     1.897
     2.131
     1.956
     2.375
     1.696
     1.781
     2.078
     2.247
     1.831
     2.372
     1.659
     1.720
     1.787
     1.845
     1.840
     2.004
     2.079
     1.882
     1.704
     1.819
     1.916
     1.694
     1.916
     1.824
     2.125
     1.889
     1.665
     1.982
     1.734
     1.470
     2.077
     2.126
     2.045
     1.834
     1.979
     1.660
     1.962
     2.151
     1.661
     1.845
     1.599
     1.843
     1.830
     1.955
     1.133
     1.579
     1.320
     1.616
     1.926
     1.239
     1.694
     1.784
     1.814
     1.605
     2.021
     1.915
     1.958
     1.780
     2.018
     1.895
     2.122
     1.921
     1.677
     1.799
     1.846
     1.664
     2.074
     1.919
     2.382
     1.831
     1.726
     2.106
     1.887
     1.971
     1.641
     1.695
     1.841
     2.070
     2.040
     1.866
     1.656
     1.867
     2.050
     1.736
     1.654
     1.501
     1.998
     1.924
     1.960
     1.645
     1.663
     1.736
     1.863
     1.975
     2.079
     1.761
     1.866
     1.814
     1.985
     2.015
     1.725
     1.778
     1.675
     1.759
     1.864
     1.767
     2.089
     1.761
     2.000
     2.089
     1.880
     2.081
     2.040
     1.927
     1.885
     2.085
     2.031
     1.675
     2.049
     1.901
     1.852
     1.835
     1.847
     1.907
     2.134
     2.076
     1.639
     1.549
     1.943
     1.816
     2.114
     2.060
     1.687
     2.168
     2.115
     1.661
     2.165
     1.819
     2.304
     2.086
     1.973
     1.853
     1.777
     2.082
     1.786
     1.983
     1.996
     1.915
     1.788
     1.396
     2.051
     2.134
     1.934
     1.635
     1.896
     1.544
     1.923
     2.052
     1.900
     2.055
     1.967
     1.774
     1.397
     1.922
     1.814
     1.926
     1.999
     1.631
     1.835
     2.167
     1.775
     1.604
     1.868
     1.711
     2.236
     1.880
     1.821
     1.863
     1.993
     1.614
     2.142
     1.776
     1.716
     1.986
     1.998
     2.281
     2.126
     2.053
     1.981
     1.836
     2.141
     1.752
     1.711
     2.213
     2.110
     1.688
     2.136
     1.883
     1.911
     1.885
     1.984
     1.725
     2.087
     1.414
     1.591
     2.064
     2.176
     1.718
     1.690
     1.650
     2.010
     1.834
     1.677
     1.877
     1.975
     2.064
     1.818
     1.748
     2.023
     2.001
     2.311
     1.623
     1.677
     1.818
     1.733
     2.151
     2.100
     1.962
     2.095
     1.270
     1.711
     1.687
     1.889
     1.754
     1.755
     2.016
     1.847
     2.231
     2.189
     2.247
     1.619
     1.959
     1.954
     1.460
     1.604
     1.069
     2.057
     2.111
     1.529
     1.589
     2.028
     1.709
     1.702
     1.751
     1.726
     1.950
     1.827
     1.463
     1.603
     2.063
     1.671
     1.940
     1.748
     1.911
     1.872
     1.693
     2.040
     1.959
     2.380
     1.768
     1.660
     2.108
     2.010
     1.909
     1.958
     1.958
     1.723
     1.656
     1.678
     1.652
     1.740
     2.149
     1.962
     2.046
     1.796
     2.028
     2.023
     2.079
     1.786
     1.963
     1.612
     1.980
     2.070
     1.806
     2.108
     2.114
     1.864
     1.567
     1.736
     1.941
     1.853
     2.053
     1.681
     1.918
     1.858
     2.099
     1.775
     1.864
     2.036
     2.081
     1.708
     1.989
     1.861
     1.574
     1.973
     2.014
     2.023
     1.698
     1.993
     1.963
     1.751
     1.679
     1.595
     1.799
     1.833
     1.814
     1.623
     1.875
     1.820
     2.083
     1.652
     1.668
     1.914
     2.007
     2.130
     1.867
     1.801
     1.809
     2.044
     2.007
     2.066
     2.163
     1.849
     1.950
     2.116
     1.583
     1.867
     1.635
     2.081
     2.027
     2.134
     2.156
     2.065
     1.644
     1.909
     1.712
     2.368
     1.600
     1.649
     1.910
     1.965
     2.063
     2.239
     1.744
     1.352
     2.038
     1.624
     1.885
     1.991
     1.811
     1.866
     1.692
     1.700
     1.823
     1.836
     1.666
     1.877
     1.775
     1.680
     1.729
     1.949
     1.947
     1.777
     1.694
     1.586
     1.906
     1.669
     1.678
     1.994
     1.978
     1.801
     2.131
     1.836
     1.642
     1.719
     2.083
     1.905
     1.740
     1.872
     1.766
     2.095
     2.078
     1.693
     1.885
     2.155
     1.966
     1.525
     1.692
     2.107
     1.725
     1.964
     2.119
     1.887
     1.605
     2.117
     1.800
     2.048
     2.108
     1.677
     2.192
     1.851
     1.631
     1.890
     2.151
     1.716
     1.841
     2.132
     1.973
     1.840
     1.998
     1.696
     1.693
     1.980
     1.961
     1.896
     2.084
     2.035
     1.744
     1.925
     1.528
     2.161
     1.806
     2.091
     1.612
     2.123
     1.886
     1.751
     2.083
     2.158
     1.968
     1.963
     1.777
     1.580
     1.833
     1.714
     1.914
     1.656
     1.774
     1.956
     1.973
     1.607
     1.949
     1.823
     1.963
     2.077
     1.794
     1.911
     1.659
     1.785
     2.331
     1.659
     2.183
     2.167
     1.976
     1.864
     1.894
     2.164
     2.095
     2.335
     1.581
     1.758
     1.870
     1.211
     2.183
     1.650
     1.692
     1.669
     2.017
     1.802
     2.151
     1.870
     1.950
     1.945
     1.807
     2.016
     1.646
     1.692
     1.579
     1.737
     1.959
     1.381
     1.780
     1.726
     1.743
     2.038
     1.711
     1.719
     1.712
     1.712
     1.834
     1.840
     2.083
     1.804
     1.842
     1.849
     1.710
     2.087
     1.933
     1.600
     1.728
     1.887
     2.037
     1.833
     2.031
     1.816
     1.914
     1.541
     2.118
     1.886
     1.875
     1.665
     1.817
     2.037
     1.850
     1.821
     1.931
     1.857
     1.834
     2.091
     1.595
     1.639
     1.666
     1.865
     2.111
     2.125
     2.089
     1.922
     2.070
     2.088
     2.093
     1.803
     2.011
     1.789
     1.992
     1.931
     1.716
     1.857
     1.851
     1.838
     1.569
     2.039
     1.871
     1.932
     2.155
     1.843
     1.915
     1.380
     1.853
     1.696
     1.691
     1.791
     1.690
     2.177
     1.518
     2.003
     2.174
     1.807
     1.947
     1.895
     1.966
     1.974
     1.978
     2.069
     2.014
     2.014
     2.012
     2.115
     1.707
     1.725
     1.681
     1.698
     2.078
     1.694
     2.124
     1.428
     1.581
     2.098
     2.014
     1.622
     2.106
     1.772
     1.927
     1.934
     1.710
     1.979
     1.892
     1.876
     1.865
     1.747
     1.492
     2.014
     1.885
     1.675
     1.635
     2.009
     1.860
     1.970
     1.713
     2.213
     1.906
     2.139
     2.058
     1.207
     1.420
     1.651
     1.599
     1.766
     1.712
     1.756
     1.613
     1.838
     1.805
     2.044
     2.190
     1.877
     2.357
     2.179
     2.002
     1.658
     2.042
     1.597
     1.603
     1.712
     1.933
     1.737
     1.939
     1.610
     1.610
     1.402
     2.022
     2.033
     2.096
     1.829
     1.737
     2.082
     1.919
     1.572
     2.184
     2.105
     1.865
     1.823
     1.819
     1.398
     1.518
     2.021
     2.070
     1.700
     1.858
     2.078
     1.624
     1.680
     1.873
     2.004
     1.345
     1.902
     2.096
     2.159
     1.708
     1.608
     1.949
     1.809
     1.843
     1.682
     1.946
     2.093
     1.715
     1.700
     1.999
     1.813
     2.015
     2.036
     2.175
     1.610
     1.569
     1.958
     1.727
     1.766
     2.005
     1.798
     2.027
     2.130
     1.868
     1.781
     2.066
     2.085
     2.167
     2.017
     1.936
     1.973
     2.294
     1.677
     2.069
     2.025
     1.718
     1.848
     1.928
     1.877
     1.811
     1.973
     2.005
     1.939
     1.793
     1.752
     2.081
     1.843
     1.948
     1.992
     2.095
     1.914
     1.834
     2.170
     1.759
     2.167
     1.551
     1.904
     1.846
     1.896
     1.701
     1.639
     1.762
     1.685
     1.906
     1.333
     1.750
     2.133
     1.703
     2.072
     1.654
     1.711
     1.683
     1.739
     2.081
     2.325
     1.999
     1.991
     1.837
     2.036
     1.924
     1.920
     1.740
     2.031
     1.852
     1.536
     2.104
     2.051
     1.757
     1.950
     2.204
     1.891
     2.052
     1.553
     1.654
     2.074
     1.947
     2.115
     1.807
     2.206
     2.044
     1.614
     1.905
     1.963
     1.546
     1.600
     2.003
     1.713
     1.823
     2.125
     1.759
     2.085
     2.105
     1.877
     1.682
     1.950
     1.973
     1.696
     1.954
     2.063
     2.083
     1.762
     1.547
     1.960
     2.060
     1.694
     1.549
     2.062
     1.969
     1.700
     1.538
     2.145
     1.752
     2.016
     1.607
     2.011
     1.780
     0.966
     2.330
     1.721
     2.073
     2.151
     2.078
     2.082
     1.681
     1.346
     1.720
     1.735
     1.866
     1.790
     1.620
     2.012
     1.688
     2.121
     1.664
     2.004
     1.948
     1.592
     1.677
     2.023
     1.795
     1.922
     1.825
     1.904
     2.128
     1.687
     1.946
     1.818
     2.018
     2.002
     2.149
     1.798
     2.037
     1.747
     1.913
     1.677
     1.700
     1.864
     1.742
     1.664
     1.891
     1.827
     2.176
     1.779
     1.721
     1.861
     2.043
     2.157
     1.668
     2.017
     1.596
     2.103
     1.916
     1.980
     2.061
     2.130
     1.746
     2.016
     1.790
     1.634
     1.505
     2.130
     1.560
     2.095
     2.081
     2.109
     1.861
     2.244
     1.703
     1.653
     1.469
     2.141
     1.801
     1.775
     1.552
     2.131
     2.142
     1.782
     2.027
     2.070
     1.178
     1.797
     1.749
     2.089
     1.817
     2.020
     2.179
     2.228
     1.881
     1.998
     2.013
     1.875
     1.958
     1.907
     1.772
     1.978
     1.734
     1.630
     1.702
     1.757
     1.920
     1.760
     1.954
     2.045
     1.927
     1.511
     2.024
     1.741
     1.738
     2.114
     1.676
     1.755
     2.053
     1.863
     2.152
     1.828
     1.545
     1.698
     1.735
     1.794
     1.755
     1.977
     1.606
     2.020
     1.724
     2.111
     1.965
     2.054
     2.064
     1.559
     2.024
     1.774
     1.923
     1.691
     1.778
     1.596
     1.849
     1.707
     2.030
     1.590
     2.120
     1.541
     2.067
     1.619
     1.805
     2.099
     2.150
     1.672
     1.790
     2.084
     1.991
     1.725
     2.014
     2.030
     1.990
     2.015
     1.927
     1.526
     1.828
     2.119
     1.726
     1.996
     2.095
     1.790
     1.685
     1.961
     1.827
     1.801
     1.298
     1.925
     1.912
     1.939
     1.594
     2.127
     2.058
     1.996
     1.739
     1.977
     1.929
     1.758
     1.948
     2.059
     1.635
     1.886
     2.104
     1.938
     2.057
     2.386
     1.910
     1.520
     2.089
     1.738
     2.304
     1.797
     1.686
     1.653
     1.568
     1.841
     1.869
     1.986
     2.076
     1.647
     1.797
     1.805
     2.066
     2.113
     1.660
     1.852
     1.934
     1.964
     1.999
     1.897
     2.088
     1.849
     2.007
     1.836
     1.879
     2.109
     2.205
     1.684
     1.954
     1.732
     1.900
     1.947
     1.844
     1.697
     1.754
     2.099
     2.020
     2.179
     2.090
     2.073
     1.931
     2.038
     1.724
     2.023
     1.859
     1.713
     1.733
     1.945
     1.463
     1.823
     2.067
     1.985
     2.006
     2.059
     2.102
     1.953
     1.861
     1.680
     1.695
     1.580
     1.826
     2.046
     1.798
     1.894
     1.498
     2.092
     1.946
     2.145
     1.621
     1.675
     1.671
     2.138
     1.653
     2.096
     1.686
     1.689
     1.961
     1.494
     2.047
     2.059
     1.716
     1.892
     1.947
     2.044
     2.238
     2.048
     1.448
     1.470
     1.558
     1.515
     1.797
     1.870
     1.795
     1.780
     1.964
     2.198
     2.005
     2.161
     1.848
     1.974
     1.838
     1.625
     1.628
     1.477
     1.879
     2.066
     1.624
     1.952
     2.098
     2.122
     1.551
     2.134
     1.335
     1.342
     1.867
     1.483
     1.636
     2.052
     2.204
     2.072
     1.830
     1.651
     1.979
     1.789
     1.742
     1.768
     1.739
     1.863
     1.807
     2.148
     2.158
     2.100
     1.848
     1.968
     1.904
     1.654
     2.054
     1.921
     1.987
     1.846
     1.843
     2.338
     1.876
     1.913
     2.022
     1.854
     1.696
     1.674
     1.585
     2.074
     1.700
     2.091
     1.826
     1.911
     1.874
     1.533
     1.913
     1.683
     1.939
     1.299
     1.882
     1.870
     2.028
     1.728
     1.794
     2.055
     1.752
     1.670
     1.767
     1.920
     1.720
     1.792
     1.735
     1.652
     1.660
     1.721
     1.794
     1.827
     2.105
     1.945
     2.078
     1.428
     2.026
     1.878
     1.943
     1.981
     2.132
     2.036
     1.880
     1.950
     2.032
     1.855
     1.893
     2.036
     1.857
     1.737
     1.736
     1.611
     2.018
     1.720
     1.546
     1.619
     2.007
     1.806
     1.921
     1.621
     1.689
     1.711
     1.745
     1.961
     1.927
     1.667
     2.135
     1.971
     1.786
     1.851
     1.433
     1.863
     2.166
     1.765
     1.859
     1.721
     1.871
     1.866
     1.863
     1.848
     2.095
     1.745
     1.660
     1.891
     2.150
     1.797
     1.742
     2.044
     1.805
     1.916
     2.147
     2.179
     2.181
     2.147
     1.742
     2.077
     1.987
     1.713
     1.678
     1.725
     1.932
     1.949
     2.084
     1.853
     1.747
     2.071
     2.175
     1.655
     1.920
     1.697
     2.030
     2.026
     2.054
     2.009
     1.827
     2.096
     1.570
     1.824
     1.781
     1.842
     2.154
     1.570
     1.832
     1.723
     2.065
     1.839
     1.878
     1.477
     1.608
     2.152
     1.607
     1.777
     1.992
     1.696
     1.963
     2.060
     1.642
     1.760
     1.666
     1.903
     1.687
     1.711
     1.828
     2.098
     2.233
     2.032
     1.774
     1.947
     1.666
     2.159
     1.865
     2.096
     1.861
     1.951
     1.751
     1.890
     2.259
     2.033
     1.988
     1.641
     1.758
     1.879
     1.726
     1.805
     1.846
     1.927
     1.705
     1.985
     1.795
     1.965
     2.084
     1.762
     1.655
     1.595
     1.844
     1.887
     2.288
     2.023
     2.251
     1.988
     1.420
     1.593
     2.130
     1.679
     1.868
     1.930
     1.977
     2.019
     2.031
     1.722
     1.814
     1.847
     2.111
     1.758
     1.757
     1.686
     1.864
     1.865
     1.789
     1.761
     2.070
     1.612
     2.146
     1.737
     1.695
     2.078
     1.644
     2.091
     1.972
     1.843
     2.049
     1.994
     1.890
     1.625
     1.843
     1.871
     1.980
     1.223
     2.111
     1.859
     1.899
     1.711
     1.935
     1.667
     2.076
     2.005
     1.683
     2.082
     1.752
     2.016
     1.744
     1.618
     1.917
     1.594
     1.713
     1.838
     2.056
     2.025
     2.067
     1.634
     1.817
     1.967
     1.713
     1.711
     1.688
     1.925
     1.790
     1.880
     1.639
     2.026
     2.013
     1.958
     1.933
     1.729
     2.157
     1.871
     1.819
     1.949
     2.121
     1.861
     2.049
     1.549
     1.855
     1.863
     1.954
     1.610
     1.707
     1.552
     2.072
     2.082
     1.615
     2.142
     1.961
     2.119
     1.835
     1.889
     2.084
     1.632
     2.078
     1.744
     1.672
     1.671
     1.762
     1.762
     1.938
     2.054
     2.016
     2.041
     2.008
     1.915
     1.721
     1.672
     1.871
     1.991
     2.123
     2.319
     2.071
     1.651
     1.916
     1.944
     2.147
     1.710
     2.080
     2.117
     2.072
     1.755
     1.807
     2.086
     1.809
     1.922
     1.700
     2.084
     1.984
     1.495
     2.140
     1.899
     1.887
     2.003
     2.069
     1.790
     1.655
     1.831
     1.955
     1.708
     1.913
     1.951
     1.702
     1.853
     2.173
     1.942
     1.920
     2.090
     1.938
     1.749
     1.830
     1.697
     1.801
     1.829
     1.836
     1.822
     2.112
     1.582
     1.676
     1.842
     1.785
     2.140
     1.962
     1.793
     1.725
     1.683
     1.974
     1.641
     2.059
     2.009
     2.084
     2.172
     1.971
     2.078
     2.157
     2.016
     1.680
     2.095
     1.547
     1.895
     1.855
     2.145
     2.063
     1.676
     2.095
     2.142
     1.632
     1.689
     1.862
     2.166
     1.914
     1.674
     1.669
     1.915
     1.744
     1.996
     1.893
     1.768
     1.744
     1.988
     1.819
     1.776
     1.782
     1.733
     1.958
     2.068
     2.164
     1.836
     2.004
     2.148
     2.043
     1.686
     2.082
     2.061
     2.116
     1.837
     1.656
     2.128
     2.080
     1.939
     1.624
     1.898
     1.583
     1.422
     1.695
     2.130
     1.578
     1.905
     1.787
     2.146
     1.879
     1.658
     1.996
     1.913
     2.055
     2.125
     1.596
     1.726
     1.842
     1.749
     1.827
     1.855
     1.703
     2.157
     1.696
     1.851
     1.903
     1.971
     1.684
     1.632
     2.009
     1.702
     1.696
     2.044
     1.812
     1.717
     1.890
     1.988
     1.340
     2.028
     1.906
     2.071
     2.070
     2.038
     1.829
     1.665
     2.057
     1.795
     1.999
     1.901
     1.607
     1.556
     1.956
     1.669
     1.865
     2.126
     1.891
     1.822
     1.954
     2.086
     1.715
     1.500
     1.711
     1.774
     1.531
     1.833
     2.146
     2.033
     1.954
     1.935
     1.938
     2.134
     1.783
     1.682
     2.048
     1.577
     1.635
     2.047
     1.957
     1.455
     1.453
     2.058
     2.032
     1.662
     1.930
     2.034
     2.106
     1.965
     2.251
     1.704
     2.016
     2.094
     2.019
     1.796
     1.922
     1.823
     1.988
     1.276
     1.874
     1.839
     1.890
     1.810
     1.947
     1.884
     2.202
     1.977
     1.926
     1.814
     1.750
     1.881
     1.781
     2.070
     1.294
     2.037
     2.005
     1.911
     1.822
     1.622
     2.007
     1.828
     1.851
     1.649
     1.963
     1.948
     1.650
     1.988
     1.842
     1.806
     1.869
     1.715
     2.005
     2.017
     1.982
     2.180
     1.745
     1.612
     1.920
     2.037
     1.809
     2.072
     1.854
     1.709
     2.302
     1.265
     1.822
     1.625
     2.141
     2.203
     2.048
     2.349
     1.693
     2.171
     1.750
     1.810
     2.030
     1.718
     1.869
     1.879
     1.811
     1.622
     1.728
     1.870
     2.099
     1.637
     1.901
     1.791
     2.025
     2.085
     1.886
     1.933
     1.981
     2.010
     2.069
     1.786
     2.060
     2.195
     1.654
     1.737
     1.650
     1.779
     1.879
     2.040
     1.665
     2.063
     1.814
     2.159
     1.586
     1.666
     1.755
     1.827
     1.763
     1.717
     1.674
     2.134
     1.612
     2.121
     2.052
     2.202
     1.976
     2.144
     1.725
     1.710
     1.931
     1.696
     1.745
     2.122
     1.956
     1.960
     2.022
     1.841
     1.486
     2.104
     1.897
     2.085
     1.953
     2.087
     1.963
     2.148
     1.849
     2.087
     2.089
     1.754
     2.358
     1.853
     1.605
     1.846
     1.634
     2.047
     1.729
     2.126
     1.859
     1.706
     2.013
     1.535
     1.786
     1.756
     1.826
     2.044
     1.946
     1.704
     2.149
     1.949
     1.736
     1.733
     1.763
     2.046
     1.843
     2.039
     1.604
     1.767
     1.921
     1.754
     1.221
     2.239
     1.674
     2.069
     2.162
     1.920
     1.833
     2.026
     1.964
     2.109
     1.671
     1.795
     2.287
     1.746
     1.767
     1.933
     1.717
     2.006
     2.141
     1.973
     1.996
     1.648
     1.707
     1.772
     2.183
     1.698
     1.713
     1.599
     2.022
     2.190
     1.656
     2.343
     1.867
     1.948
     1.721
     2.112
     1.652
     1.681
     1.388
     1.673
     2.112
     1.920
     1.656
     1.869
     1.955
     1.568
     1.730
     1.759
     1.871
     1.578
     2.007
     1.644
     1.969
     1.810
     2.098
     2.095
     1.686
     1.889
     1.937
     1.579
     1.588
     2.159
     1.783
     1.791
     1.817
     1.669
     1.756
     1.715
     1.757
     2.075
     1.832
     1.904
     1.827
     1.917
     2.195
     1.732
     2.069
     2.135
     2.198
     1.772
     1.409
     2.167
     1.805
     1.727
     1.730
     1.787
     1.843
     2.081
     1.843
     2.037
     1.910
     1.630
     2.168
     1.773
     1.629
     1.792
     2.071
     1.882
     1.562
     1.566
     2.097
     1.586
     1.780
     2.259
     1.763
     1.741
     1.828
     1.693
     1.610
     2.109
     1.732
     1.940
     1.692
     1.764
     1.871
     2.006
     1.939
     1.954
     1.855
     1.753
     1.564
     2.392
     1.857
     2.363
     1.686
     1.353
     1.817
     1.942
     1.752
     2.067
     1.752
     1.657
     1.804
     1.918
     1.775
     2.088
     1.729
     1.849
     1.884
     1.864
     2.019
     1.773
     2.004
     1.704
     2.141
     1.663
     2.049
     2.229
     2.066
     2.015
     1.741
     1.860
     1.815
     1.934
     2.066
     1.788
     1.975
     1.922
     1.686
     1.732
     1.837
     1.970
     1.794
     2.038
     2.095
     1.530
     1.724
     1.910
     1.143
     1.935
     2.028
     1.713
     1.706
     1.626
     1.607
     1.944
     1.774
     1.838
     1.891
     1.801
     1.748
     1.649
     1.766
     2.004
     2.342
     1.876
     1.845
     1.685
     1.663
     2.074
     2.139
     1.976
     2.042
     1.744
     2.120
     1.988
     1.918
     2.063
     2.199
     2.040
     1.885
     2.209
     1.973
     1.877
     2.043
     1.768
     1.801
     2.027
     1.539
     1.880
     1.863
     1.808
     1.714
     1.506
     2.096
     1.904
     2.181
     1.782
     1.605
     1.685
     1.903
     1.749
     2.081
     1.938
     1.962
     2.029
     1.754
     1.914
     2.013
     2.145
     2.127
     2.043
     1.728
     1.549
     1.944
     1.930
     1.671
     1.787
     1.899
     1.929
     1.667
     1.885
     1.966
     2.145
     2.011
     2.153
     1.969
     1.743
     2.126
     1.935
     1.768
     2.094
     1.904
     1.693
     2.170
     1.814
     2.065
     1.684
     1.957
     2.083
     2.135
     1.663
     1.725
     2.157
     1.742
     1.586
     2.056
     1.828
     1.827
     1.966
     1.709
     2.206
     1.806
     1.982
     1.545
     1.778
     1.763
     1.795
     1.762
     1.800
     1.987
     1.012
     1.997
     1.991
     1.837
     1.680
     1.997
     1.807
     1.886
     2.143
     1.772
     2.056
     2.074
     2.083
     1.864
     1.727
     1.822
     1.972
     1.709
     2.112
     2.294
     1.839
     2.074
     2.027
     1.848
     1.715
     2.095
     1.998
     2.092
     1.668
     1.660
     1.569
     1.897
     1.723
     2.158
     1.594
     1.745
     1.668
     2.121
     2.021
     1.659
     2.132
     1.796
     1.582
     1.377
     1.858
     1.903
     1.557
     1.782
     2.193
     1.953
     1.776
     2.159
     1.640
     1.832
     1.887
     1.882
     1.717
     2.173
     2.159
     2.054
     2.056
     1.503
     2.057
     1.879
     1.527
     1.897
     1.656
     1.748
     2.026
     1.801
     2.081
     1.745
     1.487
     2.143
     1.799
     1.895
     2.045
     1.598
     1.925
     1.887
     1.555
     1.844
     2.010
     1.701
     1.961
     2.133
     1.924
     2.044
     1.981
     1.941
     1.733
     1.803
     1.990
     1.896
     2.123
     1.847
     2.090
     1.879
     2.103
     1.904
     2.029
     2.012
     1.171
     1.611
     1.921
     1.797
     2.032
     1.997
     1.855
     1.715
     2.121
     1.818
     1.739
     2.031
     1.706
     1.927
     1.712
     2.092
     1.562
     1.865
     1.989
     1.693
     1.762
     2.106
     1.710
     2.156
     1.765
     2.151
     1.987
     1.833
     1.485
     1.968
     2.091
     1.630
     1.672
     1.966
     1.952
     2.021
     1.638
     1.287
     1.739
     1.674
     2.062
     1.664
     1.961
     1.792
     2.075
     1.746
     1.844
     1.774
     1.916
     1.677
     2.080
     2.074
     1.715
     2.056
     1.917
     1.989
     1.547
     1.923
     2.148
     2.176
     2.079
     2.087
     1.771
     2.101
     1.966
     1.957
     1.924
     1.906
     2.047
     1.660
     1.817
     1.781
     1.873
     1.655
     1.871
     1.966
     0.994
     1.671
     2.133
     2.183
     2.104
     2.039
     2.075
     1.758
     2.056
     2.139
     1.557
     1.968
     1.902
     2.094
     2.112
     2.086
     1.708
     1.949
     1.924
     2.085
     1.964
     1.692
     1.769
     2.035
     1.743
     1.648
     2.262
     1.772
     1.784
     1.663
     2.008
     1.873
     1.823
     1.888
     1.413
     1.746
     1.749
     2.182
     1.998
     2.092
     1.759
     2.167
     1.813
     1.854
     1.981
     1.735
     1.723
     2.070
     1.646
     2.018
     1.484
     2.141
     2.211
     2.106
     1.705
     1.897
     2.141
     1.852
     1.727
     1.757
     1.943
     2.064
     2.022
     1.702
     1.779
     1.940
     1.945
     2.082
     1.861
     2.202
     1.699
     1.654
     2.008
     1.753
     1.655
     1.825
     1.837
     1.670
     2.132
     1.830
     1.609
     1.983
     1.682
     1.785
     1.656
     1.738
     1.749
     1.800
     2.171
     1.610
     1.857
     1.874
     1.086
     1.510
     1.173
     2.071
     2.027
     1.776
     1.658
     1.746
     1.798
     1.924
     2.037
     1.878
     2.026
     1.955
     1.229
     2.046
     1.864
     1.806
     1.850
     1.900
     2.227
     2.049
     2.025
     1.647
     1.991
     1.419
     1.932
     2.063
     2.071
     1.703
     1.680
     2.044
     2.118
     2.073
     2.040
     2.309
     1.982
     1.855
     1.899
     1.904
     1.704
     1.781
     2.075
     2.114
     2.074
     2.066
     1.611
     1.600
     1.297
     1.746
     2.111
     2.088
     2.035
     1.764
     1.547
     1.869
     1.870
     1.774
     1.762
     2.079
     1.637
     2.045
     1.913
     1.755
     1.813
     1.707
     1.693
     1.944
     2.182
     1.735
     2.098
     1.974
     2.039
     1.874
     2.011
     1.661
     2.249
     1.817
     1.520
     1.973
     1.650
     1.673
     2.151
     2.053
     1.779
     1.750
     1.811
     1.621
     1.835
     1.676
     1.715
     1.702
     1.866
     2.012
     1.656
     2.117
     2.078
     2.113
     1.859
     1.616
     1.927
     1.982
     1.798
     1.879
     1.868
     2.075
     1.953
     2.099
     1.793
     1.777
     2.189
     2.076
     2.112
     2.114
     1.664
     1.840
     1.966
     1.930
     1.857
     1.986
     1.765
     1.866
     1.961
     1.727
     1.954
     1.991
     1.695
     2.245
     1.910
     1.616
     2.055
     2.053
     2.179
     2.109
     2.059
     2.139
     1.724
     1.684
     2.352
     1.584
     2.168
     1.722
     2.096
     1.984
     1.997
     2.012
     1.821
     2.226
     1.818
     1.984
     1.465
     1.924
     1.659
     1.685
     2.095
     1.836
     2.016
     1.851
     1.930
     2.065
     1.694
     2.167
     1.948
     2.035
     1.590
     2.334
     2.218
     2.232
     1.477
     1.677
     2.017
     2.118
     2.000
     1.917
     1.846
     2.042
     1.882
     2.093
     1.878
     1.999
     2.069
     1.850
     1.445
     2.013
     1.060
     2.139
     1.564
     1.563
     2.036
     1.778
     1.239
     1.954
     1.956
     1.926
     1.843
     2.016
     2.305
     1.580
     2.035
     2.015
     1.694
     2.011
     1.745
     1.705
     2.089
     2.095
     1.846
     2.057
     1.863
     2.113
     1.985
     1.950
     1.829
     1.878
     1.842
     1.971
     1.655
     1.712
     2.107
     1.595
     2.259
     1.871
     2.174
     1.933
     2.043
     1.246
     1.968
     2.090
     2.014
     2.081
     1.765
     1.951
     1.957
     2.115
     1.846
     1.805
     1.992
     1.971
     1.839
     1.984
     2.123
     2.033
     2.068
     1.915
     1.995
     1.770
     1.962
     2.113
     1.964
     1.949
     1.720
     1.669
     1.898
     2.093
     2.027
     1.750
     1.673
     1.679
     1.979
     1.903
     1.460
     1.898
     1.860
     1.665
     2.224
     2.352
     1.634
     1.914
     2.045
     1.758
     2.092
     1.704
     1.748
     2.072
     2.018
     1.846
     1.858
     2.068
     1.633
     1.561
     1.947
     2.043
     1.731
     1.992
     1.733
     1.981
     1.659
     1.850
     1.897
     2.119
     1.620
     1.571
     1.568
     2.089
     1.948
     2.235
     2.243
     1.997
     1.970
     2.136
     2.137
     1.866
     1.622
     1.667
     2.065
     1.939
     1.855
     1.583
     2.270
     1.489
     1.960
     1.773
     1.819
     2.143
     2.065
     1.879
     2.290
     1.930
     1.469
     1.989
     1.641
     2.210
     2.181
     1.713
     1.660
     1.831
     2.099
     2.263
     1.967
     1.625
     1.724
     1.756
     1.962
     1.930
     1.880
     1.648
     1.882
     1.602
     2.000
     1.650
     1.799
     1.934
     1.817
     1.879
     1.839
     2.293
     1.990
     1.632
     1.716
     1.922
     1.979
     1.731
     2.148
     1.477
     1.692
     1.744
     2.406
     2.050
     1.716
     1.667
     2.046
     1.788
     1.795
     2.105
     1.962
     1.827
     1.833
     1.861
     2.302
     1.691
     1.735
     1.608
     1.652
     2.067
     1.996
     2.085
     1.479
     1.958
     2.244
     2.023
     1.427
     1.567
     1.738
     2.051
     1.671
     2.151
     1.706
     2.072
     1.823
     2.108
     2.101
     1.908
     1.985
     1.729
     2.111
     1.904
     1.967
     2.064
     2.097
     2.006
     1.915
     1.848
     1.835
     1.618
     2.013
     2.123
     1.643
     1.881
     2.090
     2.073
     1.765
     1.671
     2.037
     1.961
     1.615
     1.673
     2.066
     1.831
     2.119
     2.105
     1.926
     1.805
     1.826
     1.995
     2.044
     1.846
     2.206
     2.004
     1.955
     1.905
     2.197
     1.988
     2.149
     2.109
     1.731
     2.072
     1.820
     2.140
     1.613
     2.054
     1.933
     2.028
     2.143
     2.103
     2.015
     1.987
     1.715
     1.911
     2.131
     1.750
     2.028
     1.921
     1.868
     2.258
     2.283
     2.279
     1.936
     2.156
     2.234
     1.686
     2.071
     2.185
     1.885
     2.055
     2.100
     2.097
     1.512
     2.048
     1.515
     2.150
     2.161
     2.107
     1.958
     1.774
     2.007
     1.948
     2.059
     2.252
     2.133
     2.095
     1.952
     2.176
     1.777
     2.169
     1.917
     1.932
     1.631
     2.103
     1.986
     1.914
     2.139
     1.950
     2.036
     1.703
     1.997
     1.957
     2.054
     1.546
     2.048
     1.767
     1.860
     1.942
     2.089
     2.000
     1.775
     1.917
     1.624
     2.072
     1.876
     2.017
     1.698
     1.724
     2.150
     1.927
     1.791
     1.764
     1.928
     1.517
     1.880
     1.366
     2.105
     2.132
     2.003
     1.610
     2.106
     1.871
     2.006
     1.623
     1.934
     2.035
     1.723
     1.850
     1.950
     2.078
     2.028
     1.813
     1.815
     1.802
     1.970
     1.672
     1.805
     1.973
     1.960
     1.716
     2.160
     1.787
     2.132
     1.811
     1.831
     2.064
     2.082
     1.987
     1.590
     1.553
     1.987
     1.671
     2.065
     1.696
     2.146
     2.012
     2.230
     1.745
     2.093
     1.604
     1.708
     1.695
     1.704
     1.624
     1.671
     1.866
     2.140
     1.825
     1.597
     1.983
     1.642
     1.769
     1.287
     1.837
     2.007
     1.631
     2.390
     1.929
     1.825
     1.904
     1.693
     2.150
     2.026
     1.790
     1.417
     2.245
     1.756
     1.837
     1.829
     1.665
     2.115
     2.004
     1.805
     2.084
     1.917
     1.710
     1.876
     2.054
     1.524
     2.312
     1.327
     1.526
     1.586
     1.721
     1.771
     2.001
     1.951
     1.934
     2.249
     1.662
     2.052
     2.172
     1.753
     1.835
     1.859
     1.598
     2.225
     1.930
     1.973
     2.008
     1.649
     2.011
     1.743
     1.741
     1.959
     1.855
     2.113
     2.082
     1.970
     1.624
     1.995
     2.260
     2.015
     1.861
     1.912
     2.092
     1.547
     1.979
     1.671
     1.668
     2.000
     1.904
     2.106
     1.851
     2.119
     1.862
     1.200
     1.773
     1.910
     1.909
     1.710
     2.028
     1.892
     1.548
     1.656
     1.932
     1.949
     2.145
     2.166
     2.201
     1.691
     2.048
     1.778
     1.500
     1.566
     2.088
     1.639
     1.566
     1.905
     1.803
     1.573
     1.732
     1.937
     2.162
     1.611
     2.016
     1.983
     1.878
     1.904
     1.994
     2.108
     2.027
     2.018
     1.632
     1.677
     1.999
     1.785
     2.043
     2.302
     1.947
     2.011
     2.000
     1.957
     1.680
     1.747
     2.095
     1.880
     2.158
     2.062
     1.857
     2.116
     1.862
     1.707
     1.999
     2.089
     1.853
     1.782
     2.148
     1.737
     1.845
     1.904
     1.624
     2.033
     2.068
     1.616
     2.137
     2.096
     1.941
     1.639
     2.009
     2.017
     2.040
     2.073
     1.944
     1.811
     1.952
     1.250
     1.852
     1.838
     2.182
     1.951
     2.018
     2.382
     1.889
     1.972
     1.891
     1.670
     1.972
     2.074
     1.986
     1.676
     1.933
     2.140
     2.064
     2.083
     1.533
     2.230
     1.987
     1.899
     2.146
     2.106
     1.865
     1.737
     1.768
     1.743
     2.080
     1.835
     2.078
     2.157
     1.834
     1.671
     1.724
     1.984
     2.067
     1.756
     1.700
     1.926
     1.861
     2.012
     1.985
     1.714
     2.273
     1.782
     2.081
     2.228
     1.536
     2.083
     2.051
     1.810
     1.940
     2.215
     1.591
     2.001
     1.746
     1.779
     2.181
     1.643
     1.989
     1.884
     1.656
     1.579
     1.725
     2.401
     2.059
     2.165
     2.084
     1.778
     1.416
     2.155
     2.208
     1.517
     1.658
     2.093
     1.481
     1.760
     1.906
     1.672
     1.718
     2.031
     1.586
     2.075
     1.879
     1.780
     1.755
     1.576
     1.925
     1.619
     1.928
     1.501
     1.929
     1.858
     1.999
     2.182
     2.252
     1.778
     2.039
     1.783
     1.836
     1.988
     2.061
     1.701
     2.017
     1.487
     1.938
     1.921
     1.861
     2.007
     1.840
     1.716
     2.331
     1.909
     1.897
     2.061
     2.050
     2.119
     1.917
     1.943
     2.066
     1.524
     2.204
     2.118
     1.939
     1.895
     1.804
     1.759
     2.098
     1.996
     1.699
     1.903
     1.822
     1.639
     2.051
     2.006
     1.633
     1.863
     1.894
     1.917
     2.077
     2.148
     1.897
     2.009
     1.454
     1.790
     1.872
     1.856
     1.939
     1.987
     2.022
     2.139
     1.666
     1.650
     1.969
     2.035
     1.699
     1.727
     1.764
     2.143
     2.091
     1.798
     1.552
     1.867
     2.029
     1.909
     1.678
     1.925
     1.895
     1.847
     1.727
     1.751
     2.083
     2.018
     1.840
     2.041
     1.995
     1.771
     1.864
     1.667
     1.578
     2.071
     1.699
     1.419
     1.596
     2.033
     2.020
     2.135
     2.029
     1.940
     1.591
     1.982
     1.609
     2.029
     1.816
     1.629
     2.114
     1.756
     1.727
     2.084
     1.632
     1.701
     2.368
     1.908
     1.760
     1.801
     1.968
     2.160
     1.898
     1.822
     1.711
     1.750
     1.707
     1.996
     1.887
     1.700
     1.555
     1.738
     2.288
     1.826
     1.845
     1.985
     1.904
     2.095
     1.899
     2.125
     2.201
     2.052
     1.897
     2.090
     1.792
     2.393
     2.079
     1.870
     1.836
     2.262
     1.836
     2.121
     1.870
     1.956
     1.535
     2.150
     1.734
     2.134
     1.866
     2.374
     1.644
     2.001
     1.752
     1.647
     1.736
     2.234
     2.006
     1.492
     2.089
     1.842
     1.713
     1.556
     1.690
     1.449
     2.148
     1.780
     1.669
     2.025
     2.117
     1.758
     1.664
     1.851
     2.099
     1.673
     2.045
     1.933
     1.816
     1.855
     1.656
     2.034
     1.677
     1.778
     1.064
     2.131
     2.341
     1.976
     1.992
     2.107
     2.067
     1.973
     2.090
     2.075
     2.163
     1.661
     1.662
     2.173
     1.821
     1.597
     1.559
     1.752
     1.753
     1.799
     1.808
     1.702
     1.850
     1.666
     1.853
     1.688
     2.060
     1.734
     1.753
     2.087
     1.889
     1.956
     1.691
     1.961
     2.045
     2.133
     1.835
     1.717
     2.132
     2.109
     2.022
     1.532
     1.857
     1.702
     2.088
     2.174
     2.094
     2.198
     1.971
     2.042
     1.724
     2.213
     1.283
     2.106
     2.178
     2.212
     2.080
     1.799
     2.142
     1.742
     1.675
     2.318
     1.826
     1.654
     2.128
     1.698
     1.949
     1.741
     1.804
     2.011
     1.674
     1.828
     2.142
     1.999
     1.614
     1.532
     1.941
     1.332
     1.813
     1.952
     1.919
     2.069
     1.613
     1.710
     2.101
     2.120
     2.134
     1.550
     2.019
     1.367
     2.038
     1.690
     1.703
     1.985
     1.661
     1.662
     1.714
     1.683
     1.496
     1.554
     1.907
     2.024
     1.836
     1.761
     2.123
     2.109
     2.103
     2.095
     1.375
     1.594
     1.588
     1.850
     1.770
     1.198
     2.030
     2.127
     2.033
     1.779
     2.083
     1.795
     2.208
     2.013
     2.048
     1.931
     1.727
     1.886
     1.949
     1.944
     1.933
     1.899
     2.347
     2.015
     1.872
     1.829
     1.835
     2.061
     2.048
     1.675
     1.910
     1.671
     2.281
     1.840
     2.068
     1.597
     1.707
     1.773
     1.841
     2.143
     2.064
     1.608
     1.877
     1.891
     2.182
     2.093
     1.894
     2.049
     2.150
     2.152
     1.892
     1.786
     1.690
     2.105
     2.263
     2.325
     2.027
     1.842
     2.086
     1.842
     2.084
     2.092
     1.718
     1.978
     1.831
     1.747
     1.332
     1.684
     2.098
     1.926
     1.685
     1.776
     1.782
     2.025
     1.714
     1.995
     1.493
     1.904
     1.780
     1.554
     2.086
     1.669
     2.033
     1.849
     2.161
     2.249
     1.722
     2.167
     1.855
     1.241
     1.731
     1.953
     1.965
     2.077
     1.945
     1.735
     1.840
     1.837
     1.995
     1.966
     1.932
     2.031
     1.933
     1.873
     1.753
     1.962
     1.836
     2.131
     2.107
     1.777
     1.650
     1.856
     1.913
     1.991
     1.374
     1.646
     2.149
     1.757
     1.950
     1.634
     1.994
     2.033
     2.002
     1.638
     1.823
     2.115
     1.687
     1.691
     1.856
     1.570
     1.904
     2.090
     2.107
     2.118
     2.325
     1.831
     1.755
     1.677
     1.701
     2.062
     2.126
     1.725
     2.092
     1.606
     1.855
     1.783
     1.844
     1.575
     1.717
     1.865
     1.912
     1.954
     1.668
     1.464
     1.700
     2.115
     1.952
     1.986
     2.094
     1.922
     1.945
     1.927
     2.138
     2.134
     2.042
     1.860
     2.262
     2.056
     2.035
     2.115
     2.054
     2.003
     1.772
     2.297
     1.576
     2.096
     2.114
     1.647
     2.007
     1.902
     1.895
     2.033
     2.036
     1.915
     2.125
     1.808
     1.838
     1.617
     1.988
     2.061
     1.829
     1.707
     2.105
     1.794
     2.076
     1.624
     2.042
     1.577
     1.971
     1.899
     1.899
     2.014
     2.045
     1.886
     1.961
     1.691
     2.057
     1.917
     2.062
     1.733
     2.031
     1.710
     1.992
     1.958
     1.614
     1.691
     1.752
     1.633
     2.126
     2.001
     2.027
     1.984
     2.006
     2.087
     1.972
     2.157
     2.030
     2.179
     1.696
     1.989
     1.875
     2.080
     1.654
     2.021
     1.635
     1.823
     2.075
     1.194
     2.162
     2.167
     1.621
     1.598
     1.769
     1.835
     1.854
     1.753
     1.890
     1.785
     1.759
     1.972
     2.070
     2.184
     1.797
     1.806
     1.627
     1.861
     2.116
     2.180
     1.824
     1.681
     2.051
     1.619
     1.997
     2.048
     2.387
     1.608
     1.942
     1.904
     1.855
     1.817
     1.989
     1.995
     2.188
     1.788
     2.029
     2.355
     1.817
     1.744
     1.717
     1.718
     1.724
     1.678
     2.089
     1.988
     1.674
     2.309
     1.572
     1.300
     2.101
     1.630
     2.010
     2.097
     2.013
     1.784
     2.035
     1.819
     1.823
     1.540
     1.822
     1.988
     2.134
     1.783
     1.672
     1.705
     1.936
     2.273
     1.998
     1.830
     1.990
     2.012
     2.087
     2.151
     2.125
     1.852
     1.858
     1.897
     1.760
     1.722
     1.910
     1.841
     1.787
     1.625
     2.144
     1.739
     1.940
     1.949
     2.096
     2.116
     1.740
     2.115
     1.924
     1.894
     1.955
     1.660
     1.995
     2.027
     1.868
     1.679
     1.976
     1.741
     2.005
     2.182
     1.651
     1.847
     1.718
     1.762
     2.133
     2.017
     1.944
     1.756
     1.846
     1.658
     1.945
     1.792
     1.890
     1.970
     2.182
     2.154
     1.717
     1.609
     1.791
     2.371
     1.917
     2.177
     2.219
     2.003
     1.757
     1.986
     2.284
     2.235
     1.940
     2.141
     1.802
     1.946
     1.913
     1.876
     1.949
     2.370
     1.710
     1.691
     2.110
     1.919
     1.707
     1.837
     1.380
     2.011
     2.055
     1.660
     2.039
     2.070
     1.728
     2.024
     2.068
     2.089
     1.879
     2.224
     2.096
     1.733
     2.070
     1.378
     1.837
     1.590
     1.683
     1.469
     1.928
     1.801
     2.180
     1.847
     1.980
     1.990
     1.628
     2.050
     1.969
     1.884
     1.723
     1.433
     1.890
     1.893
     1.992
     1.467
     1.722
     1.499
     1.727
     1.683
     1.762
     1.913
     2.068
     1.709
     2.086
     1.416
     1.697
     1.958
     2.124
     1.710
     1.845
     1.817
     1.674
     2.133
     1.792
     1.979
     2.032
     2.143
     1.674
     1.773
     2.170
     1.599
     1.761
     2.072
     1.971
     2.030
     1.689
     1.989
     1.955
     1.719
     1.853
     1.854
     2.143
     1.904
     1.952
     2.214
     2.058
     2.071
     2.069
     1.790
     1.853
     1.833
     1.999
     1.999
     1.695
     2.270
     1.792
     1.931
     1.931
     2.176
     2.049
     1.614
     2.129
     1.728
     2.036
     1.830
     1.870
     1.928
     1.911
     2.134
     1.674
     1.950
     1.579
     1.856
     1.688
     1.804
     1.949
     2.032
     1.812
     1.862
     1.931
     1.548
     1.466
     2.067
     1.723
     1.886
     2.178
     1.633
     1.993
     2.036
     1.655
     2.101
     2.155
     2.130
     1.366
     1.667
     2.106
     1.415
     2.354
     1.936
     1.965
     2.050
     2.151
     1.964
     1.620
     2.046
     1.734
     1.773
     2.101
     2.144
     1.704
     2.051
     1.725
     2.029
     1.755
     1.830
     2.141
     1.890
     1.961
     2.012
     2.014
     1.804
     1.927
     2.037
     1.749
     1.911
     1.725
     1.707
     2.139
     2.175
     1.813
     2.182
     1.910
     2.169
     1.997
     1.591
     1.951
     1.969
     2.152
     1.585
     1.959
     2.088
     1.325
     1.997
     1.516
     1.792
     2.015
     2.090
     1.867
     1.813
     1.972
     1.765
     2.201
     1.557
     2.322
     2.026
     1.670
     2.121
     1.632
     2.135
     1.853
     1.607
     2.062
     2.177
     1.713
     1.668
     2.129
     1.736
     1.924
     1.814
     2.050
     2.014
     1.889
     1.661
     2.099
     1.797
     1.837
     1.513
     1.872
     1.961
     1.826
     1.854
     1.803
     1.924
     1.753
     1.836
     1.635
     1.728
     1.718
     2.019
     1.745
     2.013
     1.633
     1.484
     1.885
     1.655
     1.748
     1.547
     1.538
     1.749
     2.017
     2.072
     2.066
     1.628
     1.738
     1.422
     1.740
     1.835
     1.652
     1.667
     2.051
     2.019
     2.151
     2.023
     1.992
     1.611
     2.141
     1.836
     1.685
     2.111
     1.782
     1.860
     1.734
     1.801
     1.968
     2.097
     1.745
     1.408
     2.008
     1.876
     1.702
     2.088
     1.818
     2.114
     1.943
     2.003
     2.128
     1.895
     2.099
     1.997
     2.033
     1.735
     2.041
     2.243
     1.930
     1.717
     2.013
     2.018
     1.746
     1.860
     2.041
     1.797
     1.796
     2.093
     2.119
     1.729
     1.603
     2.197
     2.177
     1.800
     1.758
     2.126
     1.715
     2.051
     2.184
     1.810
     1.949
     1.967
     2.049
     1.809
     1.772
     1.795
     1.719
     1.988
     1.992
     1.744
     1.543
     1.675
     1.718
     1.883
     1.911
     1.655
     1.675
     1.915
     1.894
     2.067
     1.879
     1.478
     2.119
     1.900
     2.005
     1.737
     1.954
     1.831
     1.845
     1.827
     1.976
     2.169
     2.114
     2.110
     1.583
     1.646
     1.761
     2.069
     1.839
     1.238
     1.959
     1.340
     1.741
     1.706
     1.965
     2.015
     1.893
     2.142
     1.818
     1.646
     2.173
     1.797
     1.487
     1.690
     1.004
     2.092
     2.023
     2.107
     1.877
     1.731
     1.748
     2.111
     2.041
     2.024
     1.692
     2.090
     2.112
     1.919
     1.692
     2.039
     1.861
     2.101
     1.916
     1.870
     2.070
     1.700
     1.350
     1.555
     2.303
     1.825
     1.843
     2.162
     1.731
     1.896
     1.751
     1.989
     1.966
     1.714
     1.418
     2.180
     2.064
     1.732
     1.956
     1.873
     2.016
     1.847
     2.125
     2.034
     1.716
     1.754
     1.872
     2.088
     1.665
     1.755
     1.756
     1.798
     1.830
     2.159
     1.548
     1.537
     1.731
     1.697
     1.430
     1.802
     1.754
     1.757
     1.769
     1.971
     1.994
     1.611
     1.946
     1.858
     2.168
     1.635
     2.058
     1.858
     1.861
     1.624
     1.853
     2.033
     1.986
     1.921
     1.571
     1.637
     1.526
     1.847
     2.042
     1.741
     2.136
     2.143
     2.019
     1.948
     1.765
     1.949
     1.905
     2.027
     1.847
     1.896
     1.936
     1.626
     1.720
     1.594
     1.908
     1.972
     1.890
     1.596
     1.583
     1.673
     1.857
     1.715
     2.141
     1.869
     2.032
     1.870
     1.870
     1.421
     2.092
     1.744
     1.748
     2.040
     1.843
     1.774
     2.102
     2.050
     1.747
     1.893
     1.734
     1.591
     1.749
     1.868
     1.637
     1.864
     1.712
     1.865
     1.744
     1.668
     1.726
     2.024
     1.688
     1.609
     1.698
     1.772
     2.296
     1.735
     1.630
     1.537
     1.719
     2.036
     2.120
     2.007
     1.735
     2.007
     2.124
     1.970
     2.159
     1.773
     1.764
     2.062
     1.611
     1.993
     2.043
     1.856
     1.812
     1.677
     2.143
     2.145
     1.711
     1.896
     1.639
     1.804
     1.844
     1.956
     2.064
     2.051
     1.684
     1.988
     1.617
     1.869
     1.783
     1.783
     1.660
     2.062
     2.056
     2.023
     2.028
     1.589
     1.993
     1.630
     1.724
     1.680
     1.765
     2.058
     1.870
     2.138
     2.137
     1.818
     1.681
     1.735
     2.009
     1.911
     2.141
     1.628
     1.620
     1.891
     1.617
     1.991
     1.647
     1.727
     2.042
     1.705
     1.392
     2.082
     2.058
     1.977
     1.880
     2.078
     2.112
     1.964
     1.860
     1.980
     1.903
     2.182
     1.917
     1.764
     1.387
     1.808
     1.681
     2.069
     1.935
     2.043
     1.867
     2.288
     1.956
     1.758
     1.638
     1.838
     1.977
     2.133
     1.581
     1.702
     0.850
     1.833
     1.826
     2.082
     1.698
     1.775
     2.145
     2.002
     2.182
     1.820
     1.880
     2.032
     2.018
     1.653
     1.830
     2.097
     1.835
     2.170
     1.691
     1.972
     2.069
     1.858
     1.626
     2.014
     2.034
     2.271
     1.986
     1.911
     2.100
     1.862
     1.736
     1.620
     1.679
     1.749
     1.833
     2.078
     2.080
     2.077
     1.538
     1.744
     1.702
     2.063
     1.903
     1.672
     1.978
     1.784
     1.934
     1.869
     1.637
     1.570
     1.942
     1.684
     1.751
     1.984
     1.567
     2.065
     1.992
     1.775
     1.777
     1.696
     1.747
     2.103
     1.700
     2.094
     2.140
     1.371
     1.973
     1.735
     2.099
     1.669
     2.282
     1.706
     1.934
     1.713
     1.902
     1.951
     2.055
     1.769
     2.077
     1.972
     1.702
     1.924
     1.947
     2.034
     1.907
     1.750
     1.641
     1.718
     1.980
     1.569
     2.111
     1.723
     2.128
     2.358
     1.533
     1.705
     1.982
     1.534
     2.119
     1.889
     1.999
     2.001
     1.676
     1.680
     1.787
     1.810
     1.889
     2.044
     1.922
     1.698
     1.927
     1.747
     1.925
     1.980
     1.984
     1.933
     2.167
     1.785
     2.050
     2.013
     1.657
     2.110
     2.066
     1.705
     1.902
     2.255
     1.889
     1.705
     1.803
     1.730
     1.705
     2.040
     2.144
     2.084
     2.179
     2.075
     1.695
     1.766
     2.013
     2.116
     2.061
     1.832
     1.635
     2.053
     1.715
     1.863
     1.706
     1.692
     1.754
     2.147
     1.708
     1.612
     1.788
     1.974
     1.717
     2.041
     1.668
     1.997
     1.954
     1.610
     1.632
     1.830
     2.036
     2.374
     1.475
     2.119
     1.782
     2.030
     2.032
     1.736
     2.054
     1.925
     1.686
     1.727
     1.801
     2.153
     1.977
     1.562
     1.832
     2.226
     2.312
     1.745
     2.025
     1.490
     1.749
     1.943
     1.787
     1.587
     1.798
     1.751
     1.707
     1.875
     1.894
     1.769
     1.818
     1.994
     1.949
     1.704
     1.806
     2.215
     1.713
     2.098
     2.051
     1.542
     1.733
     1.765
     1.635
     1.995
     2.047
     2.050
     1.649
     2.058
     1.857
     1.722
     1.978
     1.808
     2.046
     2.124
     2.008
     1.727
     1.604
     2.071
     2.009
     2.075
     1.856
     1.579
     2.044
     1.724
