     2.345
     2.508
     2.351
     2.346
     2.324
     2.291
     2.219
     2.153
     2.133
     2.119
     2.107
     2.125
     2.162
     2.177
     2.177
     2.176
     2.161
     2.153
     2.152
     2.167
     2.185
     2.213
     2.241
     2.256
     2.259
     2.258
     2.260
     2.264
     2.274
     2.275
     2.281
     2.277
     2.274
     2.266
     2.276
     2.275
     2.270
     2.252
     2.253
     2.259
     2.316
     2.337
     2.349
     2.374
     2.378
     2.410
     2.414
     2.415
     2.403
     2.389
     2.369
     2.343
     2.339
     2.310
     2.288
     2.251
     2.225
     2.186
     2.151
     2.123
     2.093
     2.072
     2.076
     2.099
     2.110
     2.126
     2.140
     2.150
     2.156
     2.143
     2.126
     2.119
     2.114
     2.107
     2.107
     2.135
     2.166
     2.209
     2.292
     2.367
     2.438
     2.472
     2.454
     2.460
     2.466
     2.460
     2.555
     2.631
     2.786
     2.881
     2.911
     2.908
     2.889
     2.855
     2.807
     2.780
     2.751
     2.727
     2.699
     2.668
     2.547
     2.439
     2.335
     2.277
     2.247
     2.224
     2.227
     2.314
     2.348
     2.411
     2.478
     2.573
     2.612
     2.601
     2.592
     2.608
     2.600
     2.619
     2.585
     2.591
     2.588
     2.582
     2.581
     2.565
     2.540
     2.474
     2.389
     2.315
     2.268
     2.250
     2.329
     2.458
     2.499
     2.524
     2.522
     2.494
     2.471
     2.473
     2.570
     2.612
     2.623
     2.646
     2.728
     2.809
     2.877
     2.936
     2.980
     2.993
     2.989
     2.979
     2.962
     2.928
     2.903
     2.857
     2.820
     2.817
     2.824
     2.835
     2.879
     2.907
     2.871
     2.814
     2.744
     2.646
     2.481
     2.385
     2.275
     2.288
     2.312
     2.338
     2.352
     2.370
     2.388
     2.395
     2.402
     2.408
     2.448
     2.445
     2.449
     2.502
     2.573
     2.677
     2.784
     2.893
     2.967
     2.994
     2.996
     2.989
     2.974
     2.967
     2.948
     2.924
     2.895
     2.865
     2.846
     2.824
     2.822
     2.824
     2.820
     2.807
     2.776
     2.740
     2.695
     2.652
     2.614
     2.560
     2.488
     2.387
     2.343
     2.412
     2.478
     2.512
     2.545
     2.586
     2.660
     2.740
     2.783
     2.803
     2.793
     2.755
     2.692
     2.568
     2.421
     2.162
     2.021
     2.183
     2.280
     2.412
     2.529
     2.625
     2.696
     2.765
     2.782
     2.786
     2.782
     2.777
     2.718
     2.658
     2.581
     2.468
     2.324
     2.197
     2.242
     2.392
     2.424
     2.423
     2.407
     2.403
     2.399
     2.398
     2.422
     2.440
     2.454
     2.451
     2.426
     2.404
     2.365
     2.302
     2.231
     2.163
     2.101
     2.080
     2.058
     2.048
     2.050
     2.048
     2.070
     2.114
     2.154
     2.179
     2.238
     2.276
     2.310
     2.331
     3.083
     2.459
     2.462
     2.883
     2.788
     2.521
     2.492
     2.194
     2.435
     2.557
     2.698
     2.893
     2.661
     2.402
     2.652
     2.776
     2.829
     2.864
     2.270
     2.181
     1.990
     2.753
     3.082
     2.322
     2.868
     2.595
     2.515
     2.101
     2.489
     2.845
     2.396
     2.653
     2.162
     2.143
     2.375
     1.931
     2.474
     2.239
     2.375
     2.629
     2.350
     1.548
     2.445
     2.299
     2.611
     2.723
     2.815
     2.749
     2.423
     2.485
     2.155
     2.533
     2.958
     2.807
     2.464
     2.853
     2.803
     2.707
     2.524
     2.730
     2.833
     2.759
     2.894
     2.863
     2.974
     1.751
     2.518
     2.775
     2.816
     2.351
     2.610
     1.310
     2.934
     2.189
     2.279
     2.910
     2.408
     2.886
     1.991
     2.425
     2.024
     2.151
     2.015
     2.483
     2.965
     2.107
     2.268
     3.168
     2.885
     2.050
     2.455
     2.766
     1.590
     2.292
     2.408
     2.680
     2.159
     2.195
     2.845
     2.513
     2.451
     2.302
     1.985
     2.579
     2.267
     2.235
     2.509
     2.439
     2.129
     2.379
     2.452
     2.743
     2.549
     2.666
     2.789
     2.622
     2.168
     2.043
     2.619
     2.911
     2.478
     2.705
     2.622
     2.580
     2.263
     2.374
     2.488
     2.427
     2.674
     2.217
     2.735
     2.489
     2.680
     2.749
     2.884
     1.942
     2.781
     2.628
     2.567
     2.604
     1.919
     2.883
     2.657
     2.337
     2.534
     2.790
     2.607
     2.189
     2.262
     2.083
     2.819
     2.164
     2.416
     2.465
     2.857
     2.241
     2.683
     2.262
     2.530
     2.976
     2.629
     2.510
     2.318
     2.387
     2.336
     2.524
     2.456
     2.394
     2.432
     2.799
     2.899
     2.643
     2.429
     2.450
     2.717
     2.407
     2.611
     2.152
     2.402
     2.262
     2.678
     2.160
     2.504
     2.961
     2.930
     2.643
     2.252
     2.604
     2.563
     2.164
     2.928
     2.627
     2.753
     2.937
     2.865
     2.723
     2.383
     2.555
     2.230
     2.807
     3.018
     2.829
     2.648
     2.968
     2.282
     2.203
     2.543
     2.970
     2.640
     2.894
     2.245
     3.040
     2.610
     2.584
     2.610
     2.339
     2.359
     2.461
     2.323
     1.724
     2.699
     2.257
     2.167
     2.948
     3.051
     2.383
     2.441
     2.692
     2.185
     2.120
     2.483
     1.869
     2.063
     2.872
     2.715
     2.561
     2.654
     2.838
     1.297
     2.064
     2.716
     2.582
     2.151
     2.730
     2.281
     2.112
     3.015
     2.215
     2.421
     2.674
     2.155
     2.634
     2.299
     2.473
     2.366
     2.890
     2.251
     2.347
     2.565
     2.866
     3.064
     2.603
     2.493
     2.755
     2.563
     1.943
     3.015
     2.645
     2.317
     2.227
     2.695
     2.908
     2.820
     2.660
     2.288
     1.935
     2.586
     2.838
     2.219
     2.729
     2.831
     2.140
     2.460
     2.234
     2.476
     2.642
     2.636
     2.712
     2.245
     2.612
     2.316
     2.852
     2.135
     2.684
     2.498
     2.688
     2.110
     2.559
     2.565
     2.719
     3.098
     2.490
     2.309
     2.867
     2.819
     2.763
     2.720
     2.736
     2.123
     2.551
     2.221
     3.129
     2.306
     2.767
     2.387
     2.340
     2.038
     2.493
     2.409
     2.118
     2.448
     2.714
     2.127
     2.335
     2.638
     2.627
     1.918
     2.251
     2.409
     2.541
     2.164
     2.204
     2.857
     2.453
     2.159
     2.147
     2.871
     2.859
     2.306
     2.725
     1.882
     2.158
     2.380
     2.351
     2.583
     2.812
     2.399
     2.146
     2.383
     2.328
     2.520
     2.917
     3.023
     2.673
     2.831
     2.334
     2.781
     2.407
     2.503
     3.012
     2.669
     2.438
     2.587
     2.259
     2.717
     2.844
     2.415
     2.469
     2.353
     2.564
     2.506
     2.437
     2.146
     2.547
     2.529
     2.877
     2.774
     2.270
     1.708
     2.875
     2.242
     2.628
     2.044
     2.832
     2.693
     2.648
     2.539
     2.520
     2.830
     2.354
     2.610
     2.495
     3.014
     2.976
     2.710
     2.581
     1.433
     2.681
     2.477
     2.699
     2.228
     2.857
     2.233
     1.945
     2.713
     2.415
     1.885
     2.204
     2.230
     2.064
     2.600
     2.212
     2.408
     2.853
     2.313
     2.702
     2.259
     2.012
     1.529
     2.893
     2.841
     2.548
     2.295
     2.507
     2.324
     2.903
     2.452
     2.385
     3.026
     2.496
     2.633
     2.407
     2.768
     2.928
     2.559
     2.222
     2.133
     2.601
     2.774
     2.938
     2.293
     2.514
     2.704
     2.577
     2.511
     2.158
     2.458
     2.718
     2.629
     2.439
     2.286
     2.180
     2.495
     2.584
     2.171
     2.512
     2.480
     2.775
     2.678
     2.493
     2.792
     2.522
     2.341
     2.442
     2.203
     2.426
     2.585
     2.589
     2.505
     2.609
     2.689
     2.208
     2.709
     2.931
     2.400
     2.300
     2.849
     2.575
     2.161
     2.188
     2.514
     1.830
     2.809
     2.347
     2.242
     2.192
     2.577
     2.745
     2.252
     2.927
     2.823
     2.604
     2.606
     2.506
     2.899
     2.516
     2.264
     2.252
     2.245
     2.688
     2.734
     2.817
     2.800
     2.351
     2.982
     2.700
     2.987
     2.561
     2.406
     2.370
     2.711
     2.566
     1.998
     2.293
     1.023
     2.866
     2.327
     2.672
     2.149
     2.368
     2.166
     2.379
     1.873
     2.561
     3.058
     2.237
     2.704
     2.505
     1.825
     2.570
     2.154
     2.235
     2.274
     2.168
     2.451
     2.303
     2.598
     2.878
     2.163
     2.944
     3.148
     2.728
     2.936
     2.265
     2.167
     2.137
     2.302
     2.397
     2.637
     2.247
     2.399
     2.634
     2.374
     2.653
     2.942
     2.636
     2.045
     2.944
     2.842
     2.194
     2.280
     2.776
     2.382
     2.822
     2.943
     2.573
     2.690
     2.707
     2.754
     1.908
     2.768
     1.685
     2.302
     2.520
     2.598
     2.145
     2.346
     2.541
     2.459
     2.582
     2.622
     2.657
     2.186
     2.549
     2.857
     2.858
     2.897
     2.250
     2.999
     2.746
     2.799
     2.117
     2.654
     2.136
     2.234
     2.842
     2.376
     2.710
     2.228
     2.963
     2.777
     2.603
     2.271
     2.655
     2.232
     1.929
     2.448
     2.315
     2.366
     2.402
     2.259
     2.061
     2.769
     2.562
     2.768
     2.254
     2.229
     2.329
     2.686
     2.317
     2.646
     2.960
     2.583
     2.174
     1.879
     2.735
     2.606
     2.088
     2.652
     2.541
     2.192
     2.170
     2.755
     2.734
     2.402
     2.025
     2.083
     2.944
     2.208
     2.544
     2.889
     2.850
     2.082
     2.543
     2.549
     3.003
     2.751
     2.429
     2.406
     2.897
     2.601
     2.872
     2.860
     2.731
     2.173
     2.644
     2.654
     2.621
     1.713
     2.861
     2.204
     2.663
     2.457
     2.763
     2.118
     2.625
     2.410
     2.386
     2.276
     2.784
     2.528
     2.894
     3.011
     3.016
     1.567
     2.967
     2.857
     2.586
     1.792
     2.715
     2.915
     2.626
     3.113
     2.896
     2.790
     2.337
     2.138
     2.415
     2.296
     2.789
     2.628
     2.554
     2.273
     2.871
     2.624
     2.987
     2.465
     2.621
     2.249
     2.287
     2.837
     2.433
     2.965
     2.883
     2.852
     2.687
     2.829
     2.822
     2.344
     2.545
     2.233
     2.586
     2.919
     2.845
     2.641
     2.633
     2.510
     2.472
     2.175
     2.239
     2.708
     2.492
     2.880
     2.210
     2.164
     2.797
     2.615
     2.925
     2.224
     2.677
     2.213
     2.753
     2.725
     2.198
     2.819
     2.390
     2.985
     2.774
     2.304
     2.902
     2.285
     2.322
     2.364
     2.775
     2.640
     2.258
     1.663
     2.740
     2.367
     2.474
     2.714
     2.724
     3.035
     2.697
     2.703
     2.725
     2.861
     2.629
     2.810
     2.417
     2.381
     2.258
     2.984
     2.393
     3.079
     2.672
     2.667
     2.335
     2.874
     2.483
     2.285
     2.472
     2.778
     2.179
     2.528
     2.332
     2.371
     2.328
     2.672
     2.912
     1.356
     2.977
     2.598
     2.183
     2.929
     2.598
     2.918
     2.856
     1.994
     2.664
     2.283
     1.561
     2.551
     2.098
     2.341
     2.458
     2.709
     2.129
     2.961
     3.125
     2.776
     2.361
     2.121
     2.823
     2.935
     2.171
     2.700
     2.313
     2.191
     2.500
     2.925
     2.440
     2.894
     2.358
     1.592
     2.437
     2.480
     2.510
     2.769
     2.516
     2.791
     3.039
     2.614
     1.304
     2.183
     2.340
     2.509
     2.613
     2.287
     2.339
     2.629
     2.559
     2.692
     2.664
     2.550
     2.575
     2.326
     2.997
     2.287
     2.650
     2.561
     2.157
     2.169
     2.591
     2.654
     3.155
     2.401
     2.265
     1.760
     2.691
     2.690
     1.776
     2.765
     2.961
     2.172
     2.797
     2.653
     2.549
     2.809
     2.647
     2.151
     2.066
     2.208
     3.052
     2.502
     2.179
     2.097
     2.186
     2.769
     2.416
     1.794
     2.896
     2.831
     2.372
     2.908
     2.754
     2.265
     2.562
     2.861
     2.596
     2.393
     2.216
     2.440
     2.304
     2.913
     2.701
     2.397
     1.913
     2.474
     2.275
     2.759
     2.643
     2.717
     2.854
     2.456
     2.238
     2.489
     2.202
     2.938
     2.232
     2.425
     2.481
     2.434
     2.435
     2.608
     2.588
     2.666
     2.210
     2.608
     2.031
     2.726
     2.640
     2.860
     2.207
     2.238
     2.142
     2.441
     2.523
     2.598
     2.194
     2.916
     2.441
     3.074
     2.272
     2.179
     2.347
     2.148
     2.303
     2.710
     2.646
     2.922
     2.618
     2.251
     2.056
     2.488
     2.650
     2.530
     2.294
     2.393
     2.805
     2.356
     2.244
     2.299
     2.573
     2.155
     2.736
     2.413
     2.151
     2.313
     2.875
     2.972
     2.319
     2.374
     2.442
     2.320
     2.255
     2.403
     2.838
     3.103
     2.296
     2.053
     2.530
     1.555
     2.592
     2.992
     2.260
     2.060
     2.655
     2.585
     2.754
     2.319
     2.735
     2.663
     2.531
     2.713
     2.731
     1.823
     2.277
     2.765
     2.880
     2.582
     2.385
     2.636
     2.835
     2.267
     1.550
     2.708
     2.296
     2.911
     2.592
     2.478
     2.944
     2.574
     2.527
     1.969
     2.747
     2.719
     2.832
     3.073
     2.603
     2.250
     2.155
     2.708
     2.593
     2.998
     2.752
     2.860
     1.546
     2.654
     2.440
     2.518
     2.462
     2.228
     2.156
     2.482
     2.540
     2.732
     2.705
     2.711
     2.135
     2.519
     2.336
     2.134
     3.123
     2.337
     2.827
     2.805
     2.682
     3.045
     2.817
     2.700
     2.739
     2.957
     2.755
     2.700
     2.342
     3.012
     2.338
     2.796
     2.474
     2.630
     2.013
     2.772
     2.601
     2.181
     2.379
     2.167
     2.650
     2.824
     2.597
     2.536
     2.441
     2.576
     2.661
     2.113
     2.656
     2.863
     2.905
     2.483
     2.222
     2.620
     2.858
     2.612
     2.493
     2.554
     2.472
     2.153
     2.539
     2.655
     2.767
     2.858
     2.185
     2.587
     2.834
     2.207
     2.689
     1.919
     2.675
     2.224
     2.567
     2.541
     2.949
     2.402
     2.702
     2.297
     2.817
     2.164
     2.126
     2.393
     2.030
     2.455
     2.143
     2.480
     2.463
     2.266
     2.852
     2.407
     2.239
     2.233
     2.534
     2.977
     2.713
     2.616
     1.380
     2.669
     2.645
     2.688
     2.591
     2.846
     2.453
     2.539
     2.398
     2.668
     2.026
     2.752
     2.233
     2.874
     1.748
     2.135
     2.784
     2.091
     2.394
     2.224
     2.158
     2.320
     2.612
     2.318
     2.188
     2.779
     2.174
     2.931
     2.210
     2.513
     2.539
     2.795
     2.116
     2.243
     2.229
     2.304
     2.627
     2.838
     2.500
     2.398
     2.329
     2.409
     2.848
     2.349
     2.054
     2.189
     2.487
     2.084
     2.271
     2.528
     2.521
     2.828
     2.965
     2.681
     2.280
     2.893
     2.449
     2.489
     2.223
     2.533
     1.412
     2.688
     2.684
     2.407
     2.607
     2.610
     2.708
     2.125
     2.460
     2.261
     3.071
     2.051
     2.672
     2.259
     2.164
     2.535
     2.614
     2.583
     2.755
     1.406
     2.211
     2.137
     2.023
     2.568
     2.825
     2.528
     2.553
     2.204
     2.601
     2.255
     2.687
     2.169
     2.198
     2.788
     2.564
     2.606
     1.916
     2.271
     2.662
     2.492
     2.215
     2.444
     2.434
     2.363
     2.867
     2.322
     2.708
     2.827
     2.797
     2.810
     2.549
     2.153
     2.516
     2.620
     2.800
     2.500
     2.778
     2.566
     2.908
     2.730
     2.906
     2.438
     2.392
     2.924
     2.758
     2.334
     2.146
     2.235
     1.911
     2.689
     2.089
     2.647
     2.442
     2.536
     2.458
     2.672
     2.601
     2.421
     2.304
     2.216
     2.265
     2.073
     2.139
     2.558
     2.568
     2.640
     2.171
     2.449
     1.474
     2.597
     2.847
     2.584
     2.332
     2.289
     3.068
     2.490
     2.508
     2.823
     2.652
     2.377
     2.131
     2.230
     2.163
     3.105
     2.531
     2.778
     2.579
     2.109
     2.346
     2.526
     2.648
     2.586
     2.278
     2.344
     2.672
     1.990
     2.527
     2.524
     2.514
     2.942
     2.303
     2.668
     2.099
     3.001
     2.705
     2.565
     2.379
     2.895
     2.251
     2.370
     3.112
     2.594
     2.882
     2.440
     2.946
     2.837
     2.735
     3.040
     2.969
     2.444
     2.481
     2.780
     2.579
     1.392
     2.900
     2.247
     2.881
     2.884
     2.252
     1.969
     2.271
     2.765
     2.101
     2.735
     2.402
     2.442
     2.403
     2.942
     2.723
     1.073
     2.385
     2.268
     2.225
     2.360
     2.572
     2.342
     2.214
     2.515
     2.299
     2.404
     2.889
     2.738
     2.364
     2.727
     2.530
     2.226
     2.403
     2.475
     2.159
     2.165
     2.402
     2.680
     2.419
     1.977
     2.329
     1.848
     2.190
     2.485
     2.472
     2.373
     2.404
     2.595
     2.362
     1.923
     2.694
     2.101
     2.081
     2.164
     2.598
     2.792
     2.262
     2.298
     2.469
     2.844
     2.566
     1.764
     2.313
     2.907
     2.626
     2.351
     2.447
     2.137
     2.112
     2.509
     2.278
     2.203
     2.660
     2.469
     2.342
     2.861
     2.117
     2.488
     2.571
     2.989
     2.533
     2.713
     2.422
     2.262
     2.427
     2.533
     3.000
     2.603
     2.080
     2.296
     2.702
     2.285
     2.706
     2.902
     2.417
     2.465
     2.601
     2.634
     2.373
     2.776
     2.675
     2.816
     2.209
     2.247
     1.889
     2.401
     2.791
     2.636
     2.353
     2.610
     2.239
     2.755
     2.473
     2.672
     2.249
     2.450
     2.572
     2.229
     2.925
     2.429
     2.166
     3.024
     2.988
     2.393
     1.649
     2.342
     2.244
     2.762
     2.391
     2.269
     1.599
     2.919
     2.016
     2.570
     2.261
     2.564
     2.885
     2.599
     2.534
     2.341
     2.585
     2.658
     2.828
     2.679
     2.258
     2.576
     2.287
     3.007
     2.518
     2.400
     2.513
     2.618
     2.456
     2.881
     2.458
     2.532
     2.471
     2.594
     2.766
     2.494
     3.047
     2.561
     1.846
     2.579
     2.364
     2.747
     2.331
     2.831
     2.703
     2.168
     2.229
     2.866
     2.357
     2.218
     2.515
     2.642
     2.138
     2.773
     3.029
     2.733
     2.184
     2.073
     2.815
     2.324
     2.874
     2.543
     2.375
     2.779
     2.519
     2.187
     1.739
     2.290
     2.568
     2.695
     2.806
     2.340
     2.581
     1.798
     2.743
     2.916
     2.910
     2.576
     2.592
     2.611
     2.219
     2.265
     2.127
     2.634
     2.968
     2.554
     2.524
     2.947
     2.698
     2.443
     2.904
     2.872
     2.584
     2.520
     2.445
     2.586
     2.110
     3.012
     2.923
     2.268
     2.563
     2.171
     2.491
     2.676
     2.607
     2.917
     2.808
     2.312
     2.691
     2.077
     2.250
     2.789
     2.882
     2.462
     2.473
     2.224
     1.561
     2.380
     2.338
     2.896
     1.913
     2.184
     2.768
     2.522
     2.988
     2.346
     2.579
     2.493
     2.185
     2.726
     2.572
     2.787
     2.746
     2.500
     2.195
     2.424
     2.143
     2.133
     2.324
     2.847
     2.946
     2.347
     2.181
     2.633
     2.126
     2.482
     2.757
     2.814
     2.495
     2.162
     2.801
     2.429
     2.472
     1.644
     2.927
     2.645
     2.178
     2.546
     2.132
     2.225
     2.513
     2.056
     2.894
     2.331
     2.677
     2.151
     2.222
     2.830
     2.271
     2.295
     2.410
     2.785
     2.703
     2.787
     2.972
     1.664
     2.639
     2.283
     2.068
     2.812
     2.451
     2.077
     2.264
     2.740
     2.622
     2.861
     2.629
     2.648
     2.990
     2.677
     2.235
     2.826
     2.935
     3.001
     2.813
     2.576
     2.636
     2.234
     2.294
     2.091
     2.725
     1.464
     2.253
     2.601
     2.550
     2.835
     2.791
     2.475
     2.466
     2.820
     2.796
     2.827
     2.230
     2.355
     2.215
     2.437
     2.637
     2.732
     2.239
     2.868
     2.585
     2.674
     3.150
     2.022
     1.784
     2.903
     2.499
     2.541
     2.574
     2.012
     2.727
     2.205
     2.542
     2.335
     2.965
     2.228
     2.852
     2.603
     2.676
     2.311
     2.389
     2.401
     2.844
     2.209
     2.773
     3.130
     2.388
     2.573
     1.758
     2.571
     2.908
     2.762
     2.219
     2.736
     2.159
     2.614
     2.692
     2.708
     2.284
     2.733
     2.467
     2.770
     2.778
     2.248
     2.762
     2.159
     3.062
     2.549
     1.886
     2.480
     2.525
     2.529
     2.314
     2.270
     2.696
     2.561
     2.398
     2.616
     2.241
     2.391
     2.898
     2.486
     2.634
     2.644
     2.116
     2.638
     2.174
     2.732
     2.685
     2.607
     2.594
     2.200
     2.804
     1.885
     2.528
     1.842
     2.690
     2.287
     2.587
     2.524
     2.651
     2.472
     2.594
     2.755
     2.641
     2.219
     2.829
     2.497
     2.107
     2.503
     2.461
     2.519
     2.721
     2.564
     2.573
     2.924
     2.873
     2.913
     2.971
     2.276
     2.447
     2.739
     2.368
     2.749
     2.554
     2.746
     2.059
     2.752
     2.762
     2.205
     2.504
     2.559
     2.293
     2.472
     2.051
     2.756
     2.941
     2.754
     2.798
     2.488
     2.358
     2.586
     2.773
     2.214
     2.546
     2.407
     2.347
     2.502
     2.662
     2.656
     2.329
     2.603
     2.818
     2.813
     2.503
     1.769
     2.310
     2.322
     2.827
     2.682
     2.371
     2.426
     2.791
     2.633
     2.189
     2.612
     2.823
     1.820
     2.272
     1.966
     2.634
     2.692
     2.158
     3.132
     2.251
     2.833
     2.567
     2.760
     2.676
     2.253
     2.928
     2.744
     2.535
     2.743
     2.123
     2.264
     2.241
     2.313
     2.107
     2.047
     2.491
     1.904
     2.643
     2.554
     2.848
     2.774
     2.351
     2.530
     2.624
     2.614
     2.431
     2.269
     3.089
     3.009
     2.793
     2.210
     2.625
     2.293
     2.266
     2.478
     2.651
     2.623
     2.654
     2.953
     2.400
     2.426
     2.439
     2.904
     2.328
     2.781
     1.580
     2.131
     2.374
     2.870
     2.453
     2.476
     2.576
     2.165
     2.265
     2.170
     1.966
     2.650
     2.807
     2.297
     2.239
     2.166
     2.448
     2.352
     2.145
     2.818
     2.883
     2.872
     2.630
     2.712
     2.326
     2.737
     2.215
     2.281
     3.019
     1.957
     2.127
     2.218
     2.222
     2.653
     2.687
     2.586
     2.177
     2.201
     2.626
     2.224
     2.439
     2.337
     2.689
     2.335
     2.393
     2.711
     2.517
     2.289
     2.198
     2.212
     2.238
     2.845
     2.645
     2.359
     2.675
     2.595
     2.798
     2.939
     2.414
     2.140
     2.302
     2.239
     2.475
     2.580
     2.359
     2.143
     2.622
     2.570
     2.227
     2.338
     2.403
     2.831
     2.007
     2.885
     2.716
     1.751
     2.395
     2.122
     2.925
     2.486
     2.651
     2.517
     2.445
     2.690
     2.687
     2.908
     2.689
     2.998
     2.501
     2.277
     1.599
     2.218
     2.592
     2.575
     2.389
     2.982
     2.799
     2.313
     2.951
     2.799
     2.577
     2.121
     3.016
     2.695
     2.799
     2.105
     2.831
     2.555
     2.864
     2.641
     2.595
     2.564
     2.838
     2.083
     2.964
     2.179
     2.692
     2.107
     2.439
     1.994
     2.098
     2.816
     2.223
     2.867
     2.872
     2.249
     2.902
     2.803
     2.755
     2.914
     2.572
     1.999
     2.504
     2.509
     2.532
     3.148
     2.400
     2.391
     2.992
     2.653
     2.808
     2.345
     2.748
     2.691
     2.821
     2.925
     2.958
     2.714
     2.258
     2.615
     2.872
     2.445
     2.621
     2.707
     2.765
     2.712
     2.400
     2.245
     1.755
     1.268
     2.889
     2.886
     3.106
     2.266
     2.175
     1.952
     2.707
     2.360
     2.229
     2.845
     2.214
     2.449
     2.117
     2.721
     2.649
     2.986
     2.651
     2.682
     2.655
     2.113
     2.895
     2.585
     2.857
     2.873
     2.866
     2.924
     2.162
     2.560
     2.739
     2.638
     2.997
     2.307
     2.852
     2.745
     2.898
     2.349
     2.771
     2.520
     2.701
     2.809
     2.180
     2.598
     2.548
     2.215
     2.662
     2.661
     2.987
     2.560
     2.815
     2.437
     2.396
     2.932
     2.312
     2.939
     2.651
     2.455
     2.653
     2.264
     2.622
     2.642
     2.647
     2.392
     2.780
     2.564
     2.228
     2.790
     2.256
     2.315
     2.722
     2.823
     1.985
     2.452
     2.450
     2.543
     2.969
     2.400
     2.563
     2.935
     2.966
     2.585
     2.633
     3.032
     2.882
     2.330
     2.342
     2.409
     2.766
     2.371
     2.269
     2.172
     2.421
     2.478
     2.744
     2.338
     2.894
     2.868
     2.824
     2.679
     2.191
     2.575
     2.305
     2.368
     2.872
     2.589
     2.749
     2.208
     2.839
     2.692
     2.715
     2.838
     2.510
     2.317
     2.394
     1.302
     2.822
     2.513
     2.726
     1.767
     2.432
     2.601
     2.573
     2.970
     2.357
     2.593
     2.548
     2.351
     2.415
     2.393
     2.927
     2.435
     2.972
     2.602
     2.567
     2.333
     2.201
     2.815
     2.695
     2.657
     0.945
     2.128
     2.534
     2.825
     1.758
     2.571
     2.771
     2.966
     3.002
     2.948
     2.356
     2.965
     1.987
     2.366
     2.454
     2.634
     2.721
     2.719
     2.758
     3.006
     2.361
     2.730
     2.324
     2.612
     2.485
     2.694
     2.467
     2.853
     2.518
     2.807
     2.022
     2.637
     2.839
     2.953
     2.646
     2.378
     2.049
     2.387
     2.210
     2.810
     2.236
     2.695
     2.747
     2.351
     2.383
     2.292
     2.062
     2.504
     2.113
     2.166
     1.960
     2.346
     2.450
     2.864
     2.716
     2.235
     2.903
     2.845
     2.816
     2.160
     2.167
     2.949
     2.738
     2.447
     2.628
     2.251
     1.948
     2.496
     2.168
     2.172
     2.486
     2.861
     2.674
     2.156
     2.824
     2.247
     2.671
     2.840
     2.028
     2.999
     2.672
     2.323
     2.392
     2.328
     2.201
     2.545
     2.210
     2.740
     2.885
     2.418
     2.435
     2.275
     2.471
     2.653
     2.638
     2.855
     2.539
     2.248
     2.611
     2.696
     2.734
     2.134
     2.839
     2.214
     2.513
     2.987
     2.071
     2.117
     2.374
     2.492
     2.840
     2.199
     2.535
     2.468
     2.560
     2.381
     2.604
     2.824
     2.944
     2.691
     2.193
     2.456
     2.257
     2.856
     2.944
     2.607
     2.122
     2.907
     2.374
     2.888
     2.331
     2.330
     2.712
     2.342
     2.688
     2.384
     2.182
     1.744
     1.823
     2.263
     2.393
     2.597
     2.894
     2.474
     2.858
     1.669
     2.585
     2.209
     2.918
     2.109
     2.735
     2.110
     2.603
     2.818
     1.870
     2.298
     2.312
     2.452
     2.455
     2.073
     2.390
     2.161
     2.362
     1.410
     2.956
     2.357
     2.540
     2.364
     2.651
     2.871
     2.845
     2.066
     2.326
     2.071
     2.884
     2.772
     2.912
     2.337
     2.567
     2.696
     2.753
     2.456
     1.990
     2.384
     2.497
     2.542
     3.098
     2.952
     2.869
     3.068
     2.207
     2.519
     2.563
     2.648
     2.702
     2.328
     2.876
     2.138
     2.950
     2.379
     2.863
     2.491
     2.873
     2.580
     2.753
     2.872
     2.323
     2.550
     2.685
     2.137
     2.534
     2.178
     3.067
     2.671
     1.944
     2.320
     2.965
     2.645
     2.333
     2.573
     1.982
     2.590
     2.527
     2.654
     2.654
     2.374
     2.520
     2.672
     2.706
     2.650
     1.820
     2.794
     2.432
     2.309
     2.455
     2.128
     2.698
     2.754
     2.639
     2.527
     2.957
     2.169
     2.553
     2.628
     2.546
     1.592
     2.311
     2.572
     2.718
     2.278
     2.752
     1.719
     2.236
     2.305
     2.661
     3.049
     2.754
     2.399
     2.945
     2.767
     2.709
     2.539
     2.103
     3.031
     2.914
     2.144
     2.898
     2.203
     2.847
     2.262
     2.342
     2.675
     2.686
     2.753
     2.478
     2.132
     2.441
     2.485
     2.579
     3.034
     2.274
     2.793
     2.702
     2.618
     2.786
     2.197
     1.927
     3.069
     2.272
     2.683
     2.849
     2.686
     2.461
     2.693
     2.650
     2.263
     2.633
     2.729
     2.230
     2.763
     2.453
     2.225
     2.945
     2.158
     2.947
     2.295
     2.479
     2.866
     2.148
     2.733
     2.567
     2.914
     2.671
     2.348
     2.298
     2.369
     2.952
     2.419
     2.692
     2.676
     2.575
     2.732
     2.545
     2.984
     2.315
     2.512
     1.826
     2.331
     2.627
     2.927
     2.143
     2.278
     2.121
     2.906
     2.456
     2.453
     2.505
     3.049
     2.243
     2.285
     2.547
     2.156
     2.055
     2.175
     2.126
     2.618
     2.475
     1.861
     2.124
     2.765
     2.234
     2.882
     3.048
     2.758
     2.868
     3.048
     2.605
     2.545
     2.314
     2.591
     2.059
     2.214
     2.573
     2.322
     2.373
     2.207
     2.333
     2.594
     2.779
     2.308
     2.485
     2.861
     2.667
     2.627
     2.958
     2.258
     2.670
     2.177
     2.304
     2.091
     2.039
     2.910
     2.654
     2.755
     2.680
     1.369
     2.548
     2.465
     2.851
     2.232
     2.814
     2.714
     2.688
     2.162
     2.681
     2.569
     2.476
     2.584
     2.363
     2.460
     2.134
     1.994
     2.815
     2.624
     2.613
     2.933
     2.591
     2.607
     2.681
     2.884
     2.185
     2.570
     2.861
     2.263
     2.396
     2.697
     1.160
     2.702
     2.114
     2.551
     2.984
     2.416
     2.165
     2.592
     2.610
     2.625
     2.819
     2.486
     2.687
     2.291
     2.971
     1.058
     2.553
     2.519
     2.164
     2.784
     2.755
     2.318
     2.828
     2.494
     2.602
     2.321
     2.514
     2.331
     2.563
     2.385
     2.989
     2.574
     2.809
     2.998
     2.039
     2.863
     2.560
     2.934
     2.171
     2.337
     2.591
     2.504
     2.830
     2.442
     2.265
     2.859
     2.358
     2.215
     2.488
     2.870
     2.234
     2.132
     2.528
     2.904
     2.139
     2.379
     2.462
     2.608
     2.744
     2.651
     2.296
     2.225
     3.026
     2.685
     2.886
     2.570
     1.791
     1.762
     2.399
     2.645
     2.229
     2.274
     2.218
     3.151
     2.205
     2.394
     2.194
     2.619
     2.511
     1.711
     2.219
     2.602
     2.080
     2.856
     2.301
     2.355
     2.572
     2.666
     2.668
     2.636
     2.169
     2.887
     2.720
     2.268
     2.368
     1.933
     2.386
     2.999
     2.425
     2.512
     2.632
     2.373
     2.241
     1.858
     3.099
     2.708
     2.394
     2.870
     2.937
     2.194
     2.264
     2.430
     2.626
     2.467
     2.602
     2.144
     2.928
     2.524
     2.169
     3.033
     1.943
     2.040
     2.411
     2.264
     2.309
     2.840
     2.283
     2.512
     2.960
     2.879
     3.080
     2.596
     2.511
     2.159
     2.940
     2.849
     2.817
     2.628
     2.872
     2.538
     2.244
     2.246
     2.644
     2.652
     2.188
     2.786
     2.915
     2.653
     2.749
     2.892
     2.601
     2.519
     2.644
     1.962
     2.234
     1.802
     2.326
     2.246
     2.104
     2.765
     2.761
     2.210
     2.763
     2.192
     2.547
     1.820
     2.829
     2.633
     3.154
     2.701
     2.954
     2.716
     2.216
     2.511
     2.129
     2.607
     2.020
     2.152
     2.291
     2.488
     2.687
     2.702
     2.183
     2.794
     2.495
     2.228
     2.496
     1.645
     2.236
     2.321
     2.314
     2.863
     2.842
     2.842
     2.515
     2.689
     2.307
     2.654
     2.953
     2.638
     2.533
     2.386
     2.246
     2.873
     2.667
     2.366
     2.276
     2.160
     2.689
     3.095
     2.830
     2.508
     2.552
     2.807
     2.640
     2.237
     2.208
     2.147
     2.640
     2.638
     2.992
     2.593
     2.959
     3.069
     2.955
     2.664
     2.664
     2.725
     2.518
     2.252
     2.420
     2.502
     2.499
     2.674
     2.829
     2.996
     2.232
     2.461
     2.223
     2.275
     2.094
     2.554
     2.150
     2.355
     2.246
     2.427
     2.415
     2.702
     2.773
     2.261
     2.802
     2.682
     2.606
     2.616
     2.503
     2.873
     3.052
     2.251
     2.836
     2.145
     2.847
     2.611
     2.675
     2.848
     2.308
     2.428
     2.262
     2.320
     2.437
     2.645
     2.835
     2.486
     2.205
     2.617
     2.617
     2.923
     2.461
     2.366
     2.447
     2.906
     2.172
     2.740
     2.510
     2.347
     2.493
     2.477
     2.472
     2.183
     2.438
     2.586
     2.241
     2.510
     2.090
     3.037
     2.652
     2.467
     2.127
     2.877
     2.409
     2.362
     2.271
     2.391
     2.814
     2.364
     2.605
     2.581
     2.613
     2.290
     2.960
     2.584
     3.110
     2.724
     2.384
     2.310
     2.158
     2.505
     2.272
     2.759
     2.798
     2.893
     2.387
     2.315
     2.494
     3.052
     2.207
     2.792
     2.456
     2.403
     2.852
     2.592
     2.375
     2.161
     2.169
     2.975
     1.928
     3.037
     2.710
     2.109
     2.697
     2.268
     2.808
     2.317
     2.243
     2.507
     2.273
     2.314
     2.298
     1.717
     2.161
     3.029
     2.336
     2.685
     2.842
     2.069
     2.537
     2.180
     2.203
     2.794
     2.284
     2.330
     2.590
     2.224
     2.526
     2.303
     2.248
     2.577
     3.032
     2.359
     2.030
     2.804
     2.541
     2.757
     2.949
     2.386
     2.568
     2.759
     2.732
     2.182
     2.360
     2.652
     2.395
     2.704
     2.265
     2.935
     1.964
     2.894
     2.877
     2.456
     2.523
     2.771
     2.780
     2.663
     2.865
     2.880
     2.569
     2.102
     2.120
     2.235
     2.441
     2.333
     2.464
     2.282
     1.646
     2.140
     2.831
     2.679
     2.474
     2.703
     2.577
     2.156
     2.502
     2.830
     2.399
     2.346
     2.907
     2.129
     2.219
     2.850
     2.863
     2.634
     2.445
     2.268
     2.639
     2.512
     2.521
     2.691
     2.848
     2.681
     2.427
     2.658
     2.881
     2.559
     2.535
     2.798
     2.370
     2.585
     2.523
     2.379
     2.447
     3.003
     2.318
     2.420
     2.723
     2.905
     2.683
     2.861
     2.198
     2.133
     1.944
     2.364
     2.442
     3.000
     2.249
     2.287
     2.375
     2.752
     2.792
     2.608
     2.768
     2.864
     1.295
     1.649
     2.730
     2.208
     2.979
     2.587
     2.496
     2.961
     2.800
     2.247
     2.993
     2.605
     2.401
     2.613
     2.798
     2.047
     3.029
     2.138
     2.699
     2.665
     2.252
     1.486
     2.575
     2.225
     2.624
     2.243
     2.191
     2.944
     2.476
     1.371
     2.757
     2.751
     2.668
     2.716
     2.146
     2.788
     2.673
     1.949
     2.516
     1.740
     2.861
     2.760
     2.668
     2.122
     2.173
     2.188
     2.504
     2.722
     2.670
     2.505
     2.832
     3.159
     2.957
     2.619
     2.514
     2.827
     2.807
     2.649
     2.667
     1.887
     2.418
     2.122
     2.397
     2.492
     2.901
     2.698
     2.895
     2.450
     2.329
     2.380
     2.448
     2.505
     2.958
     2.515
     2.387
     2.066
     2.687
     2.649
     2.472
     2.762
     2.520
     2.636
     1.663
     2.237
     2.206
     2.594
     2.689
     2.597
     2.475
     2.507
     2.116
     2.267
     2.303
     2.523
     2.372
     2.127
     2.885
     2.784
     2.163
     2.954
     2.144
     2.418
     2.797
     2.454
     2.805
     2.333
     2.503
     2.461
     2.447
     2.502
     2.953
     2.827
     2.619
     2.378
     2.407
     2.193
     2.396
     2.540
     2.140
     2.810
     2.610
     2.561
     2.133
     2.081
     1.546
     1.842
     2.550
     2.531
     2.070
     2.341
     2.787
     2.589
     2.596
     2.258
     2.332
     2.773
     2.455
     2.236
     2.380
     2.385
     2.256
     2.145
     2.415
     2.215
     2.921
     2.362
     2.521
     2.662
     2.108
     2.264
     2.550
     2.887
     2.596
     3.098
     2.214
     2.499
     2.766
     3.133
     2.558
     3.108
     2.158
     2.200
     2.163
     2.441
     2.568
     2.592
     2.863
     2.497
     2.141
     2.487
     2.458
     2.313
     2.689
     2.364
     2.907
     2.677
     2.343
     2.712
     2.168
     2.111
     2.889
     2.954
     2.920
     2.499
     2.690
     1.841
     2.559
     2.787
     2.147
     2.518
     2.152
     2.409
     2.422
     2.576
     1.397
     2.086
     1.435
     2.204
     2.688
     1.456
     2.262
     2.404
     2.176
     2.154
     2.874
     2.635
     2.537
     2.421
     2.896
     2.722
     2.675
     2.689
     2.162
     2.492
     2.445
     2.353
     2.611
     2.524
     3.129
     2.417
     2.215
     2.718
     2.672
     2.520
     2.170
     2.318
     2.637
     2.877
     2.725
     2.357
     2.160
     2.498
     2.800
     2.368
     2.009
     2.270
     2.660
     2.544
     2.477
     2.096
     2.058
     2.107
     2.524
     2.516
     2.842
     2.351
     2.599
     2.490
     2.645
     2.661
     2.256
     2.375
     2.315
     2.334
     2.668
     2.372
     2.707
     2.280
     2.637
     2.708
     2.528
     2.793
     2.541
     2.583
     2.307
     2.766
     2.905
     2.139
     2.776
     2.665
     2.642
     2.537
     2.583
     2.537
     2.839
     2.643
     1.983
     2.055
     2.483
     2.222
     2.750
     2.772
     2.062
     2.766
     2.975
     2.134
     2.997
     2.286
     3.043
     2.913
     2.540
     2.388
     2.330
     2.657
     2.467
     2.528
     2.936
     2.414
     2.384
     1.613
     2.671
     2.962
     2.418
     2.227
     2.414
     2.154
     2.647
     2.842
     2.278
     2.638
     2.620
     2.425
     1.406
     2.517
     2.317
     2.555
     2.717
     2.122
     2.346
     2.883
     2.406
     2.233
     2.556
     2.273
     2.920
     2.430
     2.385
     2.598
     2.815
     2.206
     2.912
     2.389
     2.494
     2.881
     2.787
     3.041
     2.675
     2.831
     2.725
     2.435
     2.933
     2.133
     2.382
     3.028
     3.024
     2.182
     2.709
     2.560
     2.459
     2.628
     2.666
     2.370
     2.768
     1.792
     2.071
     2.677
     2.834
     2.171
     2.173
     1.959
     2.787
     2.359
     2.264
     2.519
     2.876
     2.891
     2.494
     2.275
     2.961
     2.539
     3.048
     2.271
     2.146
     2.416
     2.250
     2.636
     2.638
     2.771
     2.896
     1.456
     2.193
     2.196
     2.597
     2.228
     2.263
     2.898
     2.295
     2.907
     3.081
     3.120
     2.139
     2.652
     2.469
     2.079
     2.265
     1.458
     2.930
     2.902
     1.923
     2.159
     2.762
     2.281
     2.271
     2.251
     2.260
     2.767
     2.516
     1.842
     2.243
     2.907
     2.195
     2.662
     2.419
     2.806
     2.358
     2.230
     2.903
     2.660
     3.115
     2.357
     2.234
     3.034
     2.723
     2.426
     2.520
     2.827
     2.335
     2.186
     2.260
     2.178
     2.254
     2.921
     2.470
     2.697
     2.274
     2.750
     2.737
     2.844
     2.298
     2.754
     2.053
     2.681
     2.726
     2.362
     2.792
     2.801
     2.553
     2.170
     2.337
     2.375
     2.573
     2.814
     2.323
     2.632
     2.540
     2.845
     2.490
     2.683
     2.775
     2.916
     2.413
     2.520
     2.533
     2.153
     2.532
     2.741
     2.789
     2.296
     2.732
     2.751
     2.263
     2.257
     1.941
     2.448
     2.488
     2.314
     2.191
     2.591
     2.295
     2.980
     1.870
     2.134
     2.610
     2.590
     2.762
     2.749
     2.372
     2.303
     2.713
     2.637
     2.858
     2.823
     2.492
     2.457
     2.782
     2.192
     2.583
     2.162
     2.664
     2.648
     2.603
     3.014
     2.652
     2.031
     2.600
     2.424
     3.157
     2.146
     2.175
     2.567
     2.496
     2.700
     2.962
     2.219
     1.636
     2.818
     2.287
     2.411
     2.627
     2.425
     2.578
     2.245
     2.207
     2.389
     2.349
     2.302
     2.574
     2.481
     2.519
     2.209
     2.587
     2.587
     2.612
     2.326
     2.242
     2.585
     2.158
     2.104
     2.878
     2.489
     2.383
     2.824
     2.413
     2.214
     2.260
     2.667
     2.592
     2.247
     2.453
     2.268
     2.647
     2.878
     2.327
     2.344
     2.909
     2.771
     2.000
     2.320
     2.698
     2.254
     2.703
     2.721
     2.578
     2.137
     2.776
     2.232
     2.828
     2.883
     2.163
     2.735
     2.550
     1.982
     2.338
     2.724
     2.068
     2.371
     3.081
     2.806
     2.492
     2.674
     2.180
     2.272
     2.595
     2.532
     2.483
     2.993
     2.585
     2.232
     2.539
     1.976
     2.695
     2.441
     2.991
     2.255
     3.058
     2.684
     2.268
     2.888
     3.037
     2.790
     2.642
     2.382
     2.059
     2.445
     2.420
     2.730
     2.218
     2.521
     2.577
     2.757
     1.920
     2.600
     2.523
     2.492
     2.753
     2.332
     2.493
     2.158
     2.399
     3.165
     2.116
     2.718
     3.100
     2.754
     2.310
     2.604
     3.069
     2.744
     3.044
     2.056
     2.111
     2.526
     1.329
     2.913
     2.311
     2.389
     2.153
     2.729
     2.303
     2.828
     2.558
     2.832
     2.553
     2.183
     2.599
     2.136
     2.383
     1.801
     2.160
     2.582
     1.830
     2.463
     2.206
     2.475
     2.832
     2.351
     2.198
     2.280
     2.375
     2.258
     2.523
     2.886
     2.316
     2.468
     2.411
     2.346
     2.730
     2.500
     2.160
     2.271
     2.549
     2.957
     2.644
     2.825
     2.558
     2.668
     2.100
     2.687
     2.638
     2.613
     2.155
     2.533
     2.707
     2.557
     2.137
     2.791
     2.398
     2.556
     2.834
     2.149
     2.210
     2.105
     2.401
     2.696
     2.946
     2.812
     2.605
     2.643
     2.737
     2.720
     2.567
     2.814
     2.379
     2.679
     2.552
     2.168
     2.452
     2.633
     2.453
     2.103
     2.639
     2.557
     2.570
     2.882
     2.488
     2.579
     2.236
     2.365
     2.266
     2.273
     2.313
     2.153
     2.781
     2.147
     2.650
     2.895
     2.567
     2.797
     2.603
     2.436
     2.412
     2.841
     2.748
     2.575
     2.649
     2.962
     2.790
     2.317
     2.328
     2.186
     2.030
     2.864
     2.153
     3.046
     1.588
     2.122
     2.974
     2.826
     2.168
     2.704
     2.521
     2.332
     2.455
     2.391
     2.618
     2.531
     2.709
     2.684
     2.260
     1.816
     2.752
     2.476
     2.224
     1.925
     2.653
     2.393
     2.604
     2.211
     3.057
     2.409
     2.823
     2.772
     1.251
     1.806
     2.142
     2.170
     2.457
     2.182
     2.437
     2.171
     2.575
     2.297
     2.571
     2.962
     2.395
     3.130
     3.038
     2.670
     2.019
     2.906
     2.125
     2.064
     2.268
     2.656
     2.325
     2.547
     2.116
     2.166
     1.706
     2.801
     2.833
     2.848
     2.537
     2.549
     2.908
     2.638
     2.203
     2.995
     2.974
     2.516
     2.336
     2.247
     1.732
     2.001
     2.778
     2.834
     2.215
     2.371
     2.609
     2.155
     2.241
     2.716
     2.445
     1.499
     2.643
     2.937
     2.660
     2.249
     2.156
     2.620
     2.327
     2.491
     2.354
     2.543
     2.772
     2.056
     2.332
     2.668
     2.268
     2.835
     2.877
     2.856
     2.135
     2.091
     2.442
     2.248
     2.517
     2.891
     2.448
     2.667
     2.754
     2.601
     2.171
     2.727
     3.000
     2.908
     2.558
     2.642
     2.673
     3.101
     2.318
     2.734
     2.641
     2.472
     2.327
     2.627
     2.273
     2.559
     2.411
     2.768
     2.716
     2.449
     2.269
     2.935
     2.577
     2.445
     2.584
     2.930
     2.736
     2.555
     2.846
     2.362
     2.788
     1.971
     2.611
     2.539
     2.576
     2.285
     2.131
     2.212
     2.163
     2.545
     1.451
     2.112
     2.834
     2.158
     2.918
     2.336
     2.233
     2.242
     2.464
     2.753
     3.063
     2.757
     2.601
     2.522
     2.756
     2.396
     2.731
     2.235
     2.776
     2.506
     2.145
     2.885
     2.616
     2.313
     2.628
     2.908
     2.397
     2.712
     2.077
     2.137
     2.770
     2.645
     2.944
     2.405
     2.954
     2.965
     2.180
     2.409
     2.401
     2.074
     2.463
     2.827
     2.222
     2.532
     2.801
     2.355
     2.809
     2.751
     2.565
     2.140
     2.625
     2.560
     2.164
     2.641
     2.926
     2.566
     2.410
     1.907
     2.573
     2.739
     2.183
     1.966
     2.609
     2.684
     2.162
     1.686
     2.986
     2.272
     2.646
     2.208
     2.659
     2.323
     1.190
     3.078
     2.424
     2.712
     2.681
     2.621
     2.850
     2.188
     1.889
     2.329
     2.328
     2.579
     2.434
     1.977
     2.794
     2.242
     2.824
     2.139
     2.664
     2.485
     2.096
     2.182
     2.644
     2.265
     2.585
     2.421
     2.618
     2.887
     2.154
     2.729
     2.409
     2.722
     2.919
     2.632
     2.422
     2.564
     2.443
     2.432
     2.175
     2.318
     2.466
     2.252
     2.191
     2.486
     2.519
     2.759
     2.276
     2.204
     2.564
     2.725
     2.957
     2.139
     2.725
     2.129
     2.706
     2.522
     2.747
     2.853
     2.933
     2.343
     2.574
     2.131
     2.236
     1.941
     2.929
     2.101
     2.873
     2.742
     3.003
     2.519
     3.008
     2.216
     2.165
     2.085
     2.930
     2.434
     2.385
     2.168
     2.697
     2.669
     2.430
     2.587
     2.885
     1.343
     2.517
     2.410
     2.681
     2.455
     2.741
     2.937
     2.935
     2.609
     2.527
     2.765
     2.652
     2.513
     2.481
     2.471
     2.785
     2.530
     2.267
     2.282
     2.204
     2.720
     2.493
     2.465
     2.817
     2.776
     2.023
     2.893
     2.437
     2.135
     2.856
     2.259
     2.373
     2.683
     2.374
     2.937
     2.550
     2.067
     2.180
     2.283
     2.539
     2.526
     2.581
     2.235
     2.718
     2.352
     2.668
     2.432
     2.661
     2.766
     2.111
     2.546
     2.271
     2.554
     2.276
     2.270
     2.139
     2.390
     2.483
     2.648
     2.151
     2.680
     1.894
     2.775
     1.851
     2.473
     3.009
     2.628
     2.191
     2.409
     2.782
     2.738
     2.316
     2.809
     2.599
     2.637
     2.659
     2.557
     2.305
     2.391
     2.715
     2.089
     2.604
     2.839
     2.603
     2.256
     2.590
     2.499
     2.430
     1.408
     2.789
     2.601
     2.771
     2.092
     2.898
     2.669
     2.689
     2.342
     2.794
     2.445
     2.103
     2.476
     2.981
     2.207
     2.517
     2.755
     2.483
     2.951
     3.124
     2.348
     1.898
     2.647
     2.344
     2.981
     2.452
     2.170
     2.123
     1.862
     2.544
     2.677
     2.513
     2.848
     2.194
     2.422
     2.439
     2.617
     2.673
     2.071
     2.559
     2.570
     2.894
     2.580
     2.553
     2.704
     2.505
     2.889
     2.453
     2.276
     2.996
     3.073
     2.327
     2.741
     2.112
     2.362
     2.759
     2.230
     2.148
     2.199
     2.685
     2.836
     3.001
     2.943
     2.911
     2.451
     2.696
     2.220
     2.533
     2.550
     2.290
     2.404
     2.585
     1.656
     2.339
     2.929
     2.664
     2.856
     2.724
     2.681
     2.594
     2.376
     2.261
     2.254
     1.911
     2.417
     2.741
     2.397
     2.758
     2.078
     2.861
     2.666
     2.861
     2.196
     2.155
     2.143
     2.841
     2.238
     2.655
     2.174
     2.160
     2.384
     1.824
     2.572
     2.618
     2.331
     2.606
     2.417
     2.842
     3.017
     2.812
     2.037
     2.083
     2.116
     2.343
     2.454
     2.537
     2.456
     2.437
     2.679
     2.778
     2.605
     2.810
     2.400
     2.659
     2.408
     1.847
     2.259
     2.102
     2.701
     2.902
     2.171
     2.474
     2.879
     2.663
     1.962
     2.853
     1.729
     1.534
     2.315
     1.577
     2.149
     2.724
     3.016
     2.819
     2.271
     2.263
     2.652
     2.419
     2.236
     2.416
     2.225
     2.314
     2.635
     2.916
     2.892
     2.905
     2.311
     2.841
     2.627
     2.131
     2.752
     2.411
     2.650
     2.499
     2.553
     3.051
     2.364
     2.776
     2.728
     2.573
     2.336
     2.258
     2.013
     2.767
     2.486
     2.849
     2.681
     2.546
     2.435
     2.276
     2.589
     2.204
     2.565
     1.581
     2.417
     2.597
     2.740
     2.300
     2.374
     2.884
     2.183
     2.147
     2.253
     2.744
     2.179
     2.442
     2.223
     2.286
     2.176
     2.180
     2.390
     2.307
     2.930
     2.635
     2.839
     2.261
     2.793
     2.504
     2.524
     2.771
     3.001
     2.587
     2.393
     2.524
     2.777
     2.412
     2.423
     2.886
     2.589
     2.406
     2.375
     2.130
     2.547
     2.302
     2.032
     2.134
     2.640
     2.615
     2.481
     2.294
     2.267
     2.205
     2.384
     2.543
     2.604
     1.913
     2.645
     2.682
     2.381
     2.500
     1.679
     2.598
     2.952
     2.449
     2.564
     2.360
     2.406
     2.409
     2.516
     2.464
     2.664
     2.291
     2.212
     2.530
     2.851
     2.444
     2.242
     2.792
     2.437
     2.628
     2.834
     2.769
     2.776
     2.874
     2.268
     2.863
     2.878
     2.336
     2.291
     2.355
     2.673
     2.762
     2.838
     2.460
     2.137
     2.827
     3.012
     2.125
     2.412
     2.199
     2.901
     2.690
     2.573
     2.905
     2.498
     2.728
     2.128
     2.412
     2.265
     2.545
     2.744
     2.222
     2.349
     2.056
     2.603
     2.596
     2.515
     1.839
     1.750
     2.743
     2.263
     2.249
     2.552
     2.017
     2.806
     2.878
     2.243
     2.340
     2.133
     2.450
     2.274
     2.221
     2.508
     2.761
     2.989
     2.752
     2.563
     2.493
     2.338
     2.969
     2.666
     2.990
     2.186
     2.589
     2.232
     2.789
     2.963
     2.615
     2.620
     2.316
     2.508
     2.665
     2.388
     2.300
     2.564
     2.680
     2.027
     2.532
     2.428
     2.603
     2.887
     2.365
     2.466
     2.139
     2.397
     2.536
     3.077
     2.635
     2.968
     2.576
     1.775
     2.152
     2.828
     2.188
     2.318
     2.439
     2.522
     2.860
     2.721
     2.263
     2.541
     2.337
     2.696
     2.328
     2.243
     2.239
     2.470
     2.491
     2.171
     2.255
     2.870
     2.192
     2.739
     2.291
     2.395
     2.657
     2.311
     2.843
     2.744
     2.676
     2.905
     2.759
     2.469
     2.194
     2.329
     2.562
     2.703
     1.578
     2.776
     2.595
     2.444
     2.353
     2.446
     2.172
     2.718
     2.725
     2.281
     2.876
     2.168
     2.823
     2.294
     2.226
     2.611
     2.102
     2.241
     2.242
     2.645
     2.621
     2.826
     1.976
     2.369
     2.728
     2.347
     2.282
     2.266
     2.578
     2.377
     2.610
     2.151
     2.598
     2.664
     2.717
     2.788
     2.239
     2.642
     2.446
     2.456
     2.760
     2.908
     2.492
     2.785
     1.776
     2.516
     2.340
     2.517
     2.168
     2.371
     1.861
     2.667
     2.842
     2.280
     2.664
     2.695
     2.648
     2.587
     2.507
     2.703
     2.177
     2.670
     2.326
     2.248
     2.247
     2.295
     2.300
     2.471
     2.821
     2.640
     2.909
     2.689
     2.585
     2.111
     2.166
     2.498
     2.904
     2.914
     3.057
     2.841
     2.060
     2.358
     2.611
     2.999
     2.159
     2.889
     2.925
     2.692
     2.406
     2.489
     2.887
     2.508
     2.570
     2.302
     2.909
     2.782
     2.130
     2.800
     2.488
     2.429
     2.725
     2.863
     2.207
     2.058
     2.202
     2.804
     2.244
     2.372
     2.731
     2.238
     2.329
     2.998
     2.611
     2.560
     2.801
     2.373
     2.423
     2.268
     2.191
     2.432
     2.376
     2.340
     2.665
     2.973
     2.123
     2.169
     2.580
     2.355
     2.839
     2.588
     2.474
     2.454
     2.260
     2.561
     2.207
     2.859
     2.721
     2.658
     2.731
     2.812
     2.885
     2.981
     2.812
     2.173
     2.918
     2.058
     2.499
     2.484
     2.700
     2.939
     2.118
     2.824
     3.023
     1.929
     2.169
     2.328
     2.705
     2.495
     2.281
     2.214
     2.779
     2.414
     2.748
     2.424
     2.273
     2.278
     2.745
     2.620
     2.508
     2.372
     2.438
     2.776
     2.838
     2.752
     2.468
     2.796
     2.819
     2.569
     2.143
     2.917
     2.614
     2.740
     2.488
     2.197
     2.754
     2.854
     2.603
     2.147
     2.638
     2.111
     1.968
     2.146
     2.844
     1.987
     2.414
     2.196
     2.715
     2.580
     2.290
     2.681
     2.555
     2.683
     2.782
     2.218
     2.166
     2.514
     2.403
     2.251
     2.497
     2.326
     2.840
     2.390
     2.573
     2.390
     2.686
     2.337
     2.240
     2.948
     2.193
     2.188
     2.700
     2.309
     2.351
     2.563
     2.752
     1.679
     2.826
     2.597
     2.836
     2.809
     2.695
     2.549
     2.273
     2.803
     2.624
     2.569
     2.649
     2.240
     2.091
     2.495
     2.009
     2.538
     2.806
     2.743
     2.509
     2.474
     2.933
     2.358
     2.132
     2.460
     2.389
     2.122
     2.405
     2.859
     2.698
     2.506
     2.691
     2.522
     2.644
     2.412
     2.306
     2.943
     1.834
     2.209
     2.915
     2.404
     1.801
     1.573
     2.700
     2.678
     1.896
     2.620
     2.683
     2.659
     2.648
     3.031
     2.286
     2.969
     2.961
     2.725
     2.526
     2.568
     2.686
     2.614
     1.441
     2.578
     2.612
     2.445
     2.490
     2.431
     2.326
     3.013
     2.620
     2.674
     2.606
     2.494
     2.525
     2.250
     2.771
     1.440
     2.686
     2.796
     2.439
     2.582
     2.286
     2.550
     2.375
     2.394
     2.066
     2.608
     2.611
     2.138
     2.532
     2.447
     2.407
     2.375
     2.311
     2.716
     2.728
     2.506
     2.739
     2.390
     2.108
     2.527
     2.915
     2.448
     2.694
     2.474
     2.220
     3.005
     1.467
     2.511
     2.197
     2.680
     2.785
     2.695
     3.048
     2.075
     2.901
     2.452
     2.382
     2.860
     2.278
     2.513
     2.552
     2.106
     2.301
     2.350
     2.395
     2.784
     2.227
     2.318
     2.374
     2.897
     2.854
     2.576
     2.692
     2.708
     2.634
     2.627
     2.401
     2.849
     2.778
     2.153
     2.092
     2.120
     2.379
     2.454
     2.761
     2.181
     2.892
     2.440
     2.690
     1.996
     2.170
     2.230
     2.466
     2.230
     2.399
     2.170
     2.705
     2.191
     2.659
     2.942
     2.889
     2.700
     2.973
     2.427
     2.059
     2.428
     2.272
     2.391
     2.916
     2.616
     2.614
     2.888
     2.653
     1.885
     2.829
     2.518
     2.854
     2.569
     2.592
     2.533
     2.637
     2.422
     2.999
     2.678
     2.383
     3.105
     2.529
     2.173
     2.371
     2.211
     2.836
     2.267
     2.924
     2.348
     2.094
     2.600
     2.194
     2.441
     2.565
     2.362
     2.951
     2.602
     2.310
     2.641
     2.557
     2.374
     2.433
     2.301
     2.590
     2.603
     2.818
     2.135
     2.436
     2.572
     2.295
     1.085
     2.881
     2.239
     2.945
     2.953
     2.510
     2.488
     2.867
     2.624
     2.884
     2.165
     2.238
     3.017
     2.215
     2.400
     2.611
     2.377
     2.715
     2.850
     2.420
     2.713
     2.278
     2.224
     2.210
     2.914
     2.314
     2.316
     2.334
     2.869
     2.981
     2.160
     3.084
     2.275
     2.699
     2.271
     2.819
     2.208
     2.175
     1.749
     2.137
     2.795
     2.546
     2.293
     2.629
     2.663
     1.884
     2.114
     2.555
     2.600
     2.222
     2.855
     2.099
     2.489
     2.350
     2.668
     2.774
     2.217
     2.402
     2.756
     2.157
     1.850
     3.036
     2.586
     2.257
     2.270
     2.149
     2.475
     2.005
     2.390
     2.987
     2.439
     2.388
     2.559
     2.554
     2.741
     2.341
     2.834
     2.893
     2.857
     2.310
     2.243
     2.772
     2.387
     2.329
     2.273
     2.631
     2.363
     2.633
     2.676
     2.678
     2.446
     2.205
     2.768
     2.204
     2.303
     2.513
     2.904
     2.573
     2.184
     2.108
     2.669
     2.075
     2.382
     3.071
     2.395
     2.378
     2.483
     2.162
     1.922
     2.686
     2.398
     2.606
     2.309
     2.284
     2.387
     2.599
     2.509
     2.486
     2.572
     2.293
     2.099
     3.133
     2.593
     3.099
     2.281
     1.405
     2.497
     2.536
     2.106
     2.701
     2.490
     2.382
     2.520
     2.448
     2.327
     2.914
     2.369
     2.548
     2.512
     2.341
     2.900
     2.612
     2.683
     2.535
     3.010
     2.254
     2.701
     2.837
     2.765
     2.870
     2.239
     2.659
     2.354
     2.364
     2.894
     2.486
     2.523
     2.611
     2.063
     2.455
     2.295
     2.701
     2.513
     2.661
     2.688
     1.888
     2.260
     2.423
     1.230
     2.423
     2.956
     2.271
     2.329
     2.299
     2.271
     2.634
     2.233
     2.453
     2.506
     2.655
     2.229
     1.935
     2.275
     2.537
     3.070
     2.550
     2.537
     2.157
     2.157
     2.871
     2.814
     2.607
     2.568
     2.227
     2.609
     2.771
     2.737
     2.693
     2.757
     2.842
     2.528
     2.864
     2.502
     2.517
     2.833
     2.264
     2.406
     2.744
     2.072
     2.392
     2.366
     2.523
     2.236
     1.738
     2.830
     2.448
     2.943
     2.484
     2.187
     2.139
     2.502
     2.466
     2.901
     2.752
     2.433
     2.756
     2.531
     2.628
     2.891
     2.633
     3.002
     2.918
     2.246
     2.165
     2.589
     2.455
     2.349
     2.470
     2.703
     2.560
     2.329
     2.293
     2.716
     2.852
     2.563
     2.653
     2.721
     2.307
     2.661
     2.409
     2.388
     2.928
     2.535
     2.333
     2.990
     2.483
     2.760
     2.268
     2.645
     2.853
     2.812
     2.238
     2.249
     2.764
     2.413
     1.903
     2.854
     2.370
     2.598
     2.485
     2.227
     2.769
     2.472
     2.686
     2.095
     2.383
     2.360
     2.276
     2.585
     2.382
     2.517
     1.103
     2.758
     2.566
     2.517
     2.140
     2.795
     2.478
     2.587
     2.957
     2.374
     2.754
     2.907
     2.715
     2.280
     2.282
     2.404
     2.599
     2.230
     2.638
     3.010
     2.537
     2.603
     2.597
     2.505
     2.209
     2.729
     2.889
     2.877
     2.106
     2.142
     2.068
     2.541
     2.517
     2.740
     2.397
     2.229
     2.079
     2.934
     2.668
     2.129
     2.790
     2.383
     2.225
     1.888
     2.444
     2.638
     1.836
     2.368
     2.994
     2.480
     2.252
     2.696
     2.173
     2.650
     2.603
     2.594
     2.277
     2.785
     2.715
     2.693
     2.891
     1.783
     2.736
     2.346
     2.208
     2.498
     2.087
     2.228
     2.781
     2.236
     2.628
     2.225
     1.705
     2.818
     2.409
     2.482
     2.624
     2.093
     2.605
     2.603
     2.084
     2.476
     2.860
     2.245
     2.580
     3.066
     2.495
     2.650
     2.907
     2.549
     2.420
     2.347
     2.837
     2.544
     2.732
     2.434
     2.913
     2.579
     2.929
     2.492
     2.647
     2.850
     1.411
     2.119
     2.369
     2.467
     2.873
     2.683
     2.559
     2.315
     3.032
     2.604
     2.225
     2.807
     2.363
     2.445
     2.171
     2.672
     2.202
     2.566
     2.800
     2.266
     2.354
     2.834
     2.397
     3.066
     2.210
     2.801
     2.496
     2.529
     1.973
     2.617
     2.634
     2.197
     2.160
     2.545
     2.833
     2.812
     2.206
     1.491
     2.534
     2.166
     2.721
     2.280
     2.867
     2.388
     2.901
     2.240
     2.218
     2.282
     2.493
     2.186
     2.824
     2.662
     2.443
     2.784
     2.669
     2.547
     2.118
     2.527
     3.035
     2.953
     2.969
     2.972
     2.276
     2.817
     2.490
     2.626
     2.721
     2.638
     2.586
     2.230
     2.370
     2.378
     2.470
     1.997
     2.568
     2.576
     1.147
     2.042
     2.648
     2.764
     2.942
     2.823
     2.778
     2.171
     2.717
     2.852
     2.045
     2.494
     2.452
     2.914
     2.913
     2.952
     2.278
     2.476
     2.583
     2.861
     2.606
     2.448
     2.424
     2.546
     2.344
     2.147
     3.027
     2.502
     2.203
     2.167
     2.775
     2.576
     2.387
     2.431
     1.662
     2.269
     2.201
     2.997
     2.436
     2.872
     2.354
     3.072
     2.261
     2.508
     2.632
     2.292
     2.414
     2.610
     2.287
     2.566
     1.602
     2.878
     2.931
     2.937
     2.279
     2.618
     2.972
     2.482
     2.171
     2.305
     2.459
     2.862
     2.710
     2.320
     2.547
     2.459
     2.457
     2.868
     2.334
     3.116
     2.504
     2.321
     2.785
     2.347
     2.152
     2.423
     2.209
     2.258
     2.728
     2.225
     2.055
     2.737
     2.263
     2.317
     1.988
     2.175
     2.211
     2.332
     2.854
     1.929
     2.303
     2.534
     1.495
     1.872
     1.439
     2.753
     2.708
     2.500
     2.213
     2.424
     2.522
     2.621
     2.897
     2.465
     2.645
     2.555
     1.317
     2.901
     2.600
     2.459
     2.549
     2.415
     2.861
     2.574
     2.860
     2.323
     2.790
     1.620
     2.534
     2.634
     2.984
     2.313
     2.273
     2.930
     2.814
     2.817
     2.720
     3.058
     2.494
     2.510
     2.475
     2.656
     2.276
     2.417
     2.717
     2.783
     2.754
     2.776
     2.181
     2.133
     1.571
     2.192
     2.946
     2.555
     2.601
     2.262
     1.855
     2.733
     2.659
     2.193
     2.356
     2.960
     2.141
     2.779
     2.343
     2.394
     2.212
     2.181
     2.139
     2.585
     2.715
     2.251
     2.743
     2.857
     2.692
     2.662
     2.847
     2.250
     3.000
     2.503
     2.109
     2.770
     2.209
     2.166
     2.799
     2.595
     2.421
     2.471
     2.586
     2.240
     2.537
     2.132
     2.369
     2.365
     2.560
     2.688
     2.164
     2.774
     2.985
     2.969
     2.327
     2.156
     2.423
     2.658
     2.222
     2.658
     2.588
     2.850
     2.672
     2.666
     2.321
     2.438
     2.778
     2.849
     2.963
     2.786
     2.350
     2.651
     2.740
     2.558
     2.306
     2.646
     2.387
     2.577
     2.841
     2.438
     2.599
     2.907
     2.256
     2.879
     2.579
     2.283
     2.884
     2.863
     2.775
     2.816
     2.819
     2.762
     2.188
     2.197
     3.131
     2.109
     2.878
     2.528
     2.646
     2.883
     2.890
     2.822
     2.374
     2.875
     2.317
     2.656
     1.890
     2.577
     2.207
     2.249
     2.988
     2.580
     2.520
     2.350
     2.437
     2.826
     2.345
     3.095
     2.629
     2.622
     2.058
     3.128
     2.824
     2.845
     2.062
     2.263
     2.541
     2.912
     2.587
     2.488
     2.575
     2.865
     2.405
     2.757
     2.602
     2.698
     2.875
     2.446
     2.068
     2.721
     1.269
     2.842
     2.080
     2.048
     2.823
     2.546
     1.702
     2.802
     2.507
     2.587
     2.517
     2.527
     2.989
     1.768
     2.746
     2.620
     2.280
     2.832
     2.383
     1.979
     2.785
     2.730
     2.555
     2.794
     2.634
     2.915
     2.862
     2.658
     2.401
     2.734
     2.595
     2.619
     2.070
     2.277
     2.781
     1.957
     2.949
     2.562
     2.913
     2.426
     2.890
     1.388
     2.830
     2.722
     2.517
     2.688
     2.230
     2.794
     2.815
     3.051
     2.527
     2.490
     2.878
     2.650
     2.430
     2.613
     2.700
     2.798
     2.761
     2.627
     2.818
     2.564
     2.515
     2.714
     2.727
     2.396
     2.264
     2.174
     2.365
     2.793
     2.759
     2.356
     2.078
     1.962
     2.782
     2.553
     2.245
     2.558
     2.689
     2.178
     3.053
     3.167
     2.212
     2.600
     2.823
     2.374
     2.680
     2.269
     2.255
     2.831
     2.737
     2.495
     2.570
     2.872
     1.960
     2.095
     2.400
     2.663
     2.377
     2.769
     2.320
     2.560
     2.377
     2.530
     2.485
     2.758
     1.751
     2.214
     2.128
     2.789
     2.746
     2.860
     2.893
     2.785
     2.778
     2.706
     3.009
     2.654
     2.116
     2.133
     2.768
     2.507
     2.583
     1.866
     2.944
     1.937
     2.807
     2.381
     2.470
     2.716
     2.904
     2.603
     3.134
     2.562
     1.765
     2.568
     2.340
     2.867
     2.791
     2.329
     2.141
     2.361
     2.721
     2.908
     2.619
     2.148
     2.205
     2.014
     2.638
     2.661
     2.607
     2.338
     2.650
     2.063
     2.749
     2.216
     2.433
     2.588
     2.406
     2.403
     2.484
     3.145
     2.692
     2.315
     2.203
     2.569
     2.651
     2.208
     2.652
     1.858
     2.356
     2.237
     3.161
     2.952
     2.338
     2.175
     2.608
     2.241
     2.545
     2.675
     2.620
     2.457
     2.563
     2.258
     2.973
     2.260
     2.543
     2.127
     2.241
     2.965
     2.594
     2.861
     1.838
     2.671
     2.973
     2.612
     1.695
     1.868
     2.230
     2.607
     2.212
     2.828
     2.236
     2.881
     2.633
     2.657
     2.739
     2.733
     2.779
     2.115
     2.852
     2.577
     2.771
     2.857
     2.869
     2.586
     2.721
     2.569
     2.479
     2.207
     2.724
     2.914
     2.188
     2.604
     2.639
     2.643
     2.438
     2.263
     2.803
     2.708
     2.123
     2.236
     2.882
     2.163
     3.032
     2.580
     2.450
     2.533
     2.378
     2.512
     2.838
     2.514
     2.794
     2.809
     2.595
     2.601
     2.863
     2.810
     2.965
     2.932
     2.255
     2.808
     2.534
     2.816
     2.107
     2.628
     2.595
     2.924
     2.964
     2.704
     2.703
     2.884
     2.268
     2.582
     2.996
     2.354
     2.692
     2.633
     2.666
     2.906
     2.940
     2.939
     2.685
     2.867
     2.854
     2.135
     2.700
     2.893
     2.735
     2.899
     2.849
     2.711
     1.947
     2.916
     1.973
     2.686
     2.693
     2.743
     2.381
     2.258
     2.626
     2.562
     2.627
     3.058
     2.816
     2.692
     2.639
     2.911
     2.193
     2.913
     2.540
     2.598
     2.287
     2.632
     2.668
     2.728
     2.704
     2.583
     2.658
     2.244
     2.892
     2.629
     2.819
     2.064
     2.846
     2.535
     2.568
     2.731
     2.726
     2.510
     2.363
     2.789
     2.192
     2.833
     2.720
     2.914
     2.249
     2.353
     2.657
     2.704
     2.391
     2.549
     2.603
     2.146
     2.401
     1.485
     2.967
     2.948
     2.813
     2.132
     2.973
     2.714
     2.685
     1.980
     2.404
     2.808
     2.174
     2.492
     2.626
     2.965
     2.753
     2.246
     2.207
     2.460
     2.633
     2.236
     2.238
     2.493
     2.645
     2.229
     2.701
     2.377
     2.691
     2.172
     2.411
     2.922
     2.702
     2.686
     2.135
     1.936
     2.716
     2.311
     2.609
     2.338
     2.654
     2.715
     2.900
     2.224
     2.810
     2.030
     2.150
     2.154
     2.406
     2.354
     2.056
     2.646
     2.685
     2.540
     1.945
     2.818
     2.143
     2.259
     1.663
     2.405
     2.751
     2.181
     3.154
     2.618
     2.305
     2.569
     2.324
     2.958
     2.578
     2.479
     1.825
     2.874
     2.498
     2.329
     2.354
     2.154
     2.830
     2.784
     2.379
     2.911
     2.471
     2.492
     2.555
     2.720
     1.838
     2.990
     1.571
     2.087
     2.029
     2.344
     2.152
     2.844
     2.670
     2.569
     2.912
     2.248
     2.672
     2.893
     2.508
     2.397
     2.479
     2.246
     2.870
     2.374
     2.616
     2.511
     2.144
     2.818
     2.213
     2.341
     2.403
     2.331
     2.959
     2.862
     2.761
     2.266
     2.803
     2.909
     2.946
     2.351
     2.399
     2.862
     2.081
     2.592
     2.168
     2.293
     2.741
     2.488
     2.722
     2.540
     2.949
     2.429
     1.466
     2.379
     2.533
     2.411
     2.407
     2.581
     2.562
     2.177
     2.134
     2.734
     2.609
     2.851
     2.768
     2.812
     2.176
     2.842
     2.406
     1.815
     1.954
     2.997
     2.182
     2.120
     2.421
     2.252
     2.199
     2.373
     2.675
     2.946
     2.144
     2.946
     2.708
     2.611
     2.595
     2.565
     2.756
     2.651
     2.950
     2.190
     2.152
     2.707
     2.192
     2.717
     2.978
     2.593
     2.882
     2.594
     2.607
     2.224
     2.435
     2.929
     2.605
     2.976
     2.811
     2.390
     2.884
     2.595
     2.199
     2.872
     2.983
     2.661
     2.198
     2.687
     2.332
     2.319
     2.660
     2.071
     2.626
     2.823
     2.250
     2.982
     2.937
     2.457
     2.211
     2.733
     2.747
     2.873
     2.810
     2.757
     2.270
     2.455
     1.603
     2.562
     2.402
     2.787
     2.635
     2.634
     3.158
     2.390
     2.666
     2.587
     2.238
     2.573
     2.682
     2.627
     1.934
     2.521
     2.882
     2.721
     2.640
     1.843
     2.857
     2.871
     2.475
     2.832
     2.930
     2.588
     2.382
     2.287
     2.334
     2.855
     2.261
     2.753
     2.816
     2.345
     2.142
     2.326
     2.455
     2.687
     2.056
     2.301
     2.642
     2.591
     2.762
     2.615
     2.354
     2.944
     2.358
     2.944
     2.907
     1.964
     2.847
     2.591
     2.364
     2.352
     2.944
     1.942
     2.882
     2.320
     2.200
     2.746
     2.115
     2.770
     2.588
     2.157
     2.081
     2.353
     3.147
     2.969
     2.786
     2.949
     2.404
     1.719
     2.699
     2.888
     2.150
     2.155
     2.918
     1.816
     2.301
     2.416
     2.007
     2.382
     2.759
     2.121
     2.928
     2.309
     2.452
     2.371
     1.883
     2.441
     2.189
     2.623
     1.769
     2.341
     2.578
     2.684
     2.850
     3.000
     2.369
     2.769
     2.329
     2.484
     2.665
     2.893
     2.158
     2.735
     2.118
     2.574
     2.565
     2.473
     2.889
     2.462
     2.315
     3.026
     2.711
     2.597
     2.852
     2.769
     2.644
     2.581
     2.675
     2.746
     1.938
     2.911
     2.851
     2.672
     2.421
     2.511
     2.459
     2.671
     2.794
     2.214
     2.709
     2.403
     2.195
     2.577
     2.751
     2.077
     2.429
     2.572
     2.743
     2.830
     2.637
     2.426
     2.476
     2.064
     2.562
     2.594
     2.476
     2.456
     2.506
     2.548
     2.829
     2.165
     1.976
     2.616
     2.810
     2.265
     2.267
     2.462
     2.971
     2.898
     2.411
     1.897
     2.569
     2.907
     2.557
     1.970
     2.572
     2.386
     2.364
     2.247
     2.557
     2.909
     2.919
     2.224
     2.861
     2.555
     2.294
     2.557
     2.129
     2.092
     2.944
     2.157
     1.688
     1.968
     2.602
     2.512
     2.986
     2.816
     2.418
     2.104
     2.426
     2.160
     2.728
     2.295
     1.910
     2.938
     2.430
     2.276
     2.675
     2.431
     2.267
     3.081
     2.671
     2.300
     2.291
     2.540
     2.742
     2.680
     2.429
     2.185
     2.233
     2.338
     2.706
     2.475
     2.219
     2.024
     2.289
     2.956
     2.280
     2.508
     2.549
     2.564
     2.695
     2.796
     2.655
     2.842
     2.823
     2.483
     2.746
     2.346
     3.134
     2.717
     2.482
     2.455
     2.952
     2.627
     2.891
     2.461
     2.476
     2.262
     2.761
     2.210
     2.781
     2.381
     3.103
     2.184
     2.610
     2.172
     2.291
     2.218
     2.920
     2.646
     1.603
     2.987
     2.348
     2.214
     2.024
     2.439
     1.807
     2.898
     2.390
     2.285
     2.670
     2.800
     2.371
     2.228
     2.670
     2.699
     2.327
     2.680
     2.683
     2.249
     2.518
     2.183
     2.892
     2.310
     2.393
     1.471
     2.963
     3.067
     2.635
     2.561
     2.846
     2.756
     2.552
     2.678
     2.954
     2.980
     2.161
     2.179
     2.974
     2.588
     2.162
     2.091
     2.240
     2.402
     2.472
     2.366
     2.189
     2.378
     2.144
     2.377
     2.187
     2.657
     2.240
     2.255
     2.686
     2.415
     2.710
     2.269
     2.844
     2.656
     2.644
     2.569
     2.197
     2.721
     2.697
     2.568
     2.288
     2.536
     2.282
     2.981
     2.832
     2.620
     3.056
     2.551
     2.852
     2.274
     2.841
     1.547
     2.808
     2.787
     2.842
     2.744
     2.516
     2.961
     2.470
     2.262
     3.006
     2.431
     2.134
     2.929
     2.266
     2.810
     2.263
     2.649
     2.545
     2.139
     2.554
     2.759
     2.792
     2.031
     1.972
     2.464
     1.703
     2.365
     2.843
     2.721
     2.837
     2.128
     2.255
     2.685
     2.692
     2.661
     2.196
     2.603
     1.922
     2.674
     2.267
     2.279
     2.656
     2.165
     2.239
     2.316
     2.266
     2.059
     2.178
     2.672
     2.695
     2.395
     2.454
     2.695
     2.937
     2.646
     2.686
     1.629
     2.122
     1.974
     2.711
     2.365
     1.462
     2.532
     2.762
     2.559
     2.436
     2.932
     2.369
     2.819
     2.781
     2.865
     2.634
     2.360
     2.475
     2.645
     2.686
     2.476
     2.619
     3.060
     2.733
     2.562
     2.342
     2.498
     2.840
     2.801
     2.162
     2.562
     2.256
     2.964
     2.487
     2.545
     2.237
     2.312
     2.232
     2.572
     2.973
     2.694
     2.157
     2.334
     2.484
     2.826
     2.747
     2.615
     2.845
     2.785
     2.639
     2.580
     2.432
     2.190
     2.762
     2.973
     3.134
     2.673
     2.328
     2.821
     2.359
     2.861
     2.698
     2.255
     2.771
     2.473
     2.297
     1.344
     2.192
     2.789
     2.708
     2.278
     2.297
     2.233
     2.658
     2.356
     2.856
     1.843
     2.458
     2.196
     2.066
     2.732
     2.192
     2.813
     2.326
     3.031
     2.955
     2.584
     2.989
     2.334
     1.377
     2.430
     2.662
     2.517
     2.661
     2.595
     2.236
     2.622
     2.639
     2.560
     2.521
     2.416
     2.703
     2.726
     2.357
     2.246
     2.555
     2.545
     2.687
     2.724
     2.333
     2.174
     2.611
     2.422
     2.588
     1.536
     2.090
     2.705
     2.359
     2.634
     2.200
     2.789
     2.880
     2.621
     2.233
     2.334
     2.653
     2.174
     2.172
     2.538
     2.054
     2.681
     2.640
     2.968
     2.953
     3.012
     2.685
     2.496
     2.492
     2.346
     2.697
     2.747
     2.350
     2.939
     2.141
     2.593
     2.290
     2.386
     2.063
     2.358
     2.478
     2.680
     2.773
     2.244
     1.884
     2.332
     2.657
     2.524
     2.713
     2.710
     2.563
     2.471
     2.625
     2.951
     2.804
     2.872
     2.333
     3.103
     2.920
     2.581
     2.646
     2.841
     2.848
     2.321
     2.988
     2.082
     2.754
     2.817
     2.107
     2.781
     2.707
     2.456
     2.827
     2.828
     2.438
     2.895
     2.600
     2.482
     2.174
     2.586
     2.690
     2.586
     2.264
     2.877
     2.259
     2.811
     2.120
     2.949
     2.036
     2.808
     2.762
     2.410
     2.886
     2.806
     2.339
     2.556
     2.421
     2.704
     2.617
     2.833
     2.208
     2.663
     2.000
     2.848
     2.779
     1.877
     2.334
     2.132
     2.100
     2.992
     2.831
     2.815
     2.696
     2.757
     2.829
     2.570
     2.967
     2.699
     2.950
     2.347
     2.714
     2.607
     2.916
     2.338
     2.767
     2.250
     2.618
     2.643
     1.266
     2.786
     2.799
     2.279
     2.106
     2.386
     2.651
     2.305
     2.254
     2.582
     2.255
     2.252
     2.743
     2.811
     2.953
     2.418
     2.415
     2.155
     2.531
     2.816
     2.727
     2.575
     1.987
     2.626
     2.240
     2.500
     2.876
     3.127
     2.427
     2.470
     2.445
     2.509
     2.538
     2.874
     2.866
     2.765
     2.387
     2.886
     3.144
     2.404
     2.157
     2.232
     2.262
     2.295
     2.248
     2.913
     2.890
     2.193
     3.075
     2.032
     1.316
     2.823
     2.211
     2.788
     2.708
     2.787
     2.501
     2.897
     2.478
     2.265
     2.238
     2.354
     2.530
     2.948
     2.306
     2.367
     2.185
     2.652
     3.009
     2.622
     2.304
     2.542
     2.582
     2.858
     2.793
     2.759
     2.655
     2.289
     2.656
     2.288
     2.229
     2.501
     2.364
     2.454
     2.132
     2.738
     2.482
     2.725
     2.724
     2.848
     3.041
     2.212
     2.818
     2.694
     2.438
     2.775
     2.246
     2.939
     2.763
     2.587
     2.254
     2.515
     2.269
     2.484
     2.935
     2.159
     2.581
     2.422
     2.205
     2.673
     2.656
     2.586
     2.370
     2.415
     2.195
     2.600
     2.244
     2.616
     2.660
     2.787
     2.756
     2.477
     1.969
     2.468
     3.136
     2.765
     2.714
     2.931
     2.691
     2.387
     2.876
     2.955
     2.965
     2.482
     2.851
     2.424
     2.545
     2.416
     2.466
     2.601
     3.097
     2.181
     2.512
     2.593
     2.598
     2.096
     2.544
     1.536
     2.951
     2.799
     2.261
     2.651
     2.688
     2.258
     2.657
     2.641
     2.902
     2.378
     3.021
     2.960
     2.249
     2.652
     1.574
     2.403
     2.002
     2.263
     2.049
     2.367
     2.330
     2.821
     2.445
     2.872
     2.629
     2.178
     2.796
     2.674
     2.518
     2.260
     1.610
     2.532
     2.646
     2.531
     1.633
     2.365
     2.360
     2.276
     2.135
     2.293
     2.598
     2.848
     2.312
     2.868
     1.994
     2.036
     2.595
     2.829
     2.462
     2.491
     2.560
     2.199
     2.635
     2.410
     2.675
     2.763
     2.945
     2.026
     2.478
     2.865
     2.223
     2.184
     2.739
     2.911
     2.769
     2.187
     2.574
     2.541
     2.467
     2.525
     2.540
     2.625
     2.614
     2.613
     2.810
     2.623
     2.660
     2.694
     2.362
     2.453
     2.495
     2.679
     2.948
     2.271
     3.045
     2.310
     2.532
     2.610
     2.764
     2.862
     2.186
     2.936
     2.085
     2.863
     2.494
     2.489
     2.786
     2.754
     2.840
     2.037
     2.533
     2.201
     2.298
     2.216
     2.397
     2.489
     2.759
     2.551
     2.488
     2.852
     2.067
     1.782
     2.709
     2.216
     2.369
     2.914
     2.226
     2.799
     2.794
     2.225
     2.604
     2.969
     2.985
     1.671
     2.169
     2.761
     1.883
     3.090
     2.607
     2.509
     2.629
     2.687
     2.576
     2.272
     2.801
     2.486
     2.443
     2.705
     2.976
     2.199
     2.857
     2.284
     2.862
     2.370
     2.536
     2.840
     2.336
     2.607
     2.672
     2.845
     2.305
     2.685
     2.612
     2.395
     2.566
     2.112
     2.324
     2.712
     3.017
     2.621
     2.963
     2.502
     2.849
     2.533
     1.961
     2.468
     2.653
     2.988
     2.115
     2.523
     2.929
     1.531
     2.698
     2.068
     2.325
     2.547
     2.690
     2.573
     2.446
     2.763
     2.418
     3.088
     2.115
     3.103
     2.878
     2.006
     3.024
     2.026
     2.664
     2.391
     2.223
     2.708
     2.815
     2.260
     2.297
     2.871
     2.400
     2.607
     2.553
     2.869
     2.764
     2.341
     2.133
     2.891
     2.347
     2.405
     2.282
     2.454
     2.622
     2.344
     2.569
     2.452
     2.668
     2.291
     2.270
     2.130
     2.239
     2.231
     2.594
     2.204
     2.566
     2.147
     2.059
     2.593
     2.217
     2.060
     2.186
     1.861
     2.565
     2.851
     2.763
     2.906
     2.185
     2.349
     1.817
     2.216
     2.376
     2.116
     2.132
     2.714
     2.709
     2.726
     2.869
     2.634
     2.118
     3.091
     2.470
     2.262
     2.893
     2.292
     2.478
     2.224
     2.586
     2.628
     2.903
     2.242
     1.579
     2.683
     2.725
     2.289
     2.865
     2.465
     2.909
     2.654
     2.771
     2.712
     2.585
     2.914
     2.581
     2.595
     2.409
     2.674
     2.908
     2.849
     2.218
     2.770
     2.868
     2.275
     2.500
     2.655
     2.332
     2.387
     2.904
     2.929
     2.415
     2.160
     2.954
     2.905
     2.523
     2.280
     2.674
     2.270
     2.947
     2.845
     2.279
     2.430
     2.505
     2.781
     2.464
     2.285
     2.382
     2.331
     2.505
     2.607
     2.274
     2.107
     2.332
     2.261
     2.565
     2.611
     2.260
     2.174
     2.686
     2.388
     2.808
     2.651
     1.914
     2.690
     2.640
     2.872
     2.248
     2.555
     2.389
     2.559
     2.303
     2.673
     2.848
     2.649
     2.836
     2.081
     2.217
     2.270
     2.713
     2.638
     1.130
     2.477
     1.329
     2.280
     2.244
     2.389
     2.783
     2.614
     2.651
     2.393
     2.140
     2.721
     2.627
     1.652
     2.330
     1.055
     2.709
     2.812
     2.811
     2.497
     2.123
     2.231
     2.720
     2.789
     2.651
     2.196
     2.738
     2.884
     2.667
     2.275
     2.688
     2.596
     2.671
     2.485
     2.648
     2.833
     2.274
     1.629
     2.153
     3.005
     2.598
     2.628
     2.848
     2.233
     2.778
     2.258
     2.821
     2.462
     2.307
     1.720
     3.027
     2.901
     2.253
     2.473
     2.522
     2.888
     2.571
     3.001
     2.710
     2.428
     2.333
     2.561
     2.880
     2.474
     2.355
     2.352
     2.287
     2.387
     2.732
     2.183
     2.173
     2.331
     2.202
     1.726
     2.525
     2.309
     2.393
     2.221
     2.480
     2.728
     2.176
     2.863
     2.558
     2.779
     2.177
     2.849
     2.541
     2.354
     2.268
     2.462
     2.585
     2.690
     2.529
     2.184
     2.293
     2.061
     2.521
     2.936
     2.381
     2.924
     2.917
     2.631
     2.557
     2.241
     2.616
     2.634
     2.733
     2.450
     2.516
     2.366
     2.007
     2.291
     2.019
     2.526
     2.613
     2.436
     2.154
     2.133
     2.381
     2.477
     2.424
     2.967
     2.354
     2.893
     2.603
     2.656
     2.218
     2.810
     2.148
     2.243
     2.873
     2.515
     2.426
     2.873
     2.868
     2.541
     2.482
     2.362
     2.238
     2.306
     2.597
     1.872
     2.336
     2.219
     2.742
     2.422
     2.482
     2.336
     2.820
     2.317
     2.273
     2.262
     2.287
     3.047
     2.251
     2.135
     2.076
     2.260
     2.680
     2.665
     2.578
     2.353
     2.487
     2.934
     2.683
     2.906
     2.369
     2.397
     2.669
     2.236
     2.731
     2.737
     2.649
     2.183
     2.296
     2.700
     2.988
     2.064
     2.482
     2.206
     2.504
     2.366
     2.844
     2.714
     2.702
     2.139
     2.622
     2.123
     2.497
     2.394
     2.179
     2.136
     2.972
     2.627
     2.749
     2.851
     2.155
     2.753
     2.450
     2.017
     2.178
     2.247
     2.635
     2.628
     2.826
     2.884
     2.386
     2.190
     2.356
     2.903
     2.554
     2.736
     2.163
     2.213
     2.637
     2.162
     2.474
     2.267
     2.322
     2.702
     2.217
     1.597
     2.648
     2.791
     2.656
     2.321
     2.839
     2.627
     2.770
     2.528
     2.533
     2.423
     2.989
     2.418
     2.414
     1.799
     2.451
     2.176
     2.852
     2.435
     2.736
     2.282
     3.020
     2.849
     2.225
     2.136
     2.680
     2.675
     2.858
     2.029
     2.067
     0.959
     2.511
     2.502
     2.883
     2.334
     2.213
     2.718
     2.626
     2.745
     2.492
     2.604
     2.933
     2.889
     2.238
     2.691
     2.933
     2.460
     3.057
     2.033
     2.671
     2.928
     2.515
     2.241
     2.524
     2.748
     3.025
     2.650
     2.385
     2.994
     2.353
     2.230
     2.219
     2.261
     2.561
     2.688
     2.823
     3.002
     2.634
     2.094
     2.346
     2.021
     2.903
     2.606
     2.046
     2.537
     2.385
     2.552
     2.451
     2.239
     2.125
     2.611
     2.300
     2.254
     2.877
     2.198
     2.958
     2.733
     2.393
     2.534
     2.252
     2.338
     2.911
     2.371
     2.730
     2.672
     1.859
     2.502
     2.250
     2.888
     2.234
     3.008
     2.155
     2.430
     2.270
     2.532
     2.428
     2.667
     2.193
     2.845
     2.757
     2.269
     2.415
     2.583
     2.854
     2.799
     2.389
     2.282
     2.304
     2.574
     2.165
     2.909
     2.337
     3.065
     3.080
     2.099
     2.182
     2.530
     1.862
     2.848
     2.540
     2.927
     2.626
     1.979
     2.270
     2.440
     2.298
     2.577
     2.915
     2.589
     2.208
     2.428
     2.236
     2.470
     2.596
     2.889
     2.446
     2.697
     2.290
     2.978
     2.958
     2.230
     2.953
     2.852
     2.194
     2.614
     2.952
     2.513
     2.267
     2.360
     2.308
     2.305
     2.641
     2.684
     2.760
     2.847
     2.700
     2.255
     2.451
     2.857
     3.036
     2.956
     2.341
     2.373
     2.709
     2.170
     2.525
     2.298
     2.496
     2.211
     3.073
     2.289
     2.177
     2.300
     2.615
     2.326
     2.928
     2.486
     2.609
     2.568
     2.169
     2.195
     2.521
     2.774
     3.133
     1.751
     2.824
     2.426
     2.664
     2.671
     2.192
     2.681
     2.761
     2.350
     2.369
     2.658
     2.901
     2.652
     2.186
     2.538
     2.983
     3.019
     2.153
     2.925
     2.045
     2.388
     2.680
     2.261
     1.860
     2.251
     2.328
     2.387
     2.604
     2.467
     2.372
     2.520
     2.868
     2.575
     2.218
     2.167
     2.985
     2.263
     2.698
     2.796
     2.094
     2.055
     2.458
     2.062
     2.536
     2.855
     2.938
     1.978
     2.962
     2.479
     2.228
     2.558
     2.372
     2.768
     2.917
     2.656
     2.328
     2.117
     2.855
     2.745
     2.743
     2.422
     2.129
     2.574
     2.232
