     1.188
     1.311
     1.190
     1.184
     1.169
     1.149
     1.111
     1.078
     1.075
     1.076
     1.076
     1.091
     1.114
     1.120
     1.119
     1.117
     1.117
     1.121
     1.130
     1.139
     1.147
     1.153
     1.158
     1.158
     1.157
     1.154
     1.156
     1.163
     1.177
     1.188
     1.201
     1.208
     1.212
     1.210
     1.216
     1.216
     1.217
     1.213
     1.220
     1.229
     1.264
     1.284
     1.299
     1.320
     1.329
     1.353
     1.366
     1.371
     1.365
     1.353
     1.334
     1.309
     1.293
     1.272
     1.260
     1.245
     1.237
     1.221
     1.202
     1.187
     1.168
     1.152
     1.149
     1.153
     1.150
     1.154
     1.160
     1.164
     1.165
     1.151
     1.134
     1.121
     1.107
     1.092
     1.083
     1.088
     1.093
     1.100
     1.123
     1.143
     1.164
     1.176
     1.168
     1.165
     1.163
     1.158
     1.203
     1.240
     1.320
     1.372
     1.386
     1.382
     1.373
     1.355
     1.329
     1.317
     1.301
     1.282
     1.259
     1.231
     1.139
     1.060
     0.985
     0.954
     0.949
     0.959
     0.991
     1.086
     1.141
     1.213
     1.284
     1.356
     1.390
     1.395
     1.398
     1.409
     1.405
     1.408
     1.388
     1.383
     1.373
     1.363
     1.363
     1.360
     1.355
     1.335
     1.308
     1.282
     1.251
     1.233
     1.258
     1.315
     1.334
     1.331
     1.316
     1.293
     1.282
     1.287
     1.330
     1.337
     1.327
     1.324
     1.351
     1.382
     1.409
     1.434
     1.461
     1.475
     1.481
     1.482
     1.480
     1.471
     1.457
     1.429
     1.401
     1.394
     1.394
     1.399
     1.426
     1.447
     1.443
     1.431
     1.414
     1.392
     1.334
     1.294
     1.233
     1.210
     1.182
     1.169
     1.161
     1.171
     1.194
     1.216
     1.241
     1.260
     1.290
     1.286
     1.282
     1.298
     1.321
     1.357
     1.392
     1.431
     1.455
     1.464
     1.464
     1.462
     1.457
     1.459
     1.454
     1.447
     1.437
     1.425
     1.418
     1.404
     1.393
     1.378
     1.363
     1.350
     1.332
     1.316
     1.300
     1.290
     1.287
     1.278
     1.258
     1.223
     1.216
     1.263
     1.310
     1.337
     1.361
     1.386
     1.421
     1.458
     1.476
     1.482
     1.475
     1.458
     1.430
     1.374
     1.309
     1.196
     1.146
     1.227
     1.278
     1.340
     1.392
     1.434
     1.465
     1.494
     1.503
     1.503
     1.499
     1.495
     1.466
     1.434
     1.393
     1.328
     1.244
     1.168
     1.201
     1.296
     1.322
     1.325
     1.318
     1.319
     1.322
     1.328
     1.342
     1.351
     1.355
     1.348
     1.331
     1.313
     1.286
     1.246
     1.200
     1.158
     1.121
     1.106
     1.090
     1.080
     1.076
     1.069
     1.072
     1.086
     1.099
     1.104
     1.132
     1.151
     1.168
     1.179
     1.591
     1.265
     1.256
     1.354
     1.423
     1.254
     1.386
     1.149
     1.297
     1.285
     1.379
     1.502
     1.490
     1.224
     1.420
     1.397
     1.401
     1.331
     1.215
     1.160
     1.170
     1.372
     1.461
     1.163
     1.362
     1.310
     1.413
     1.046
     1.370
     1.416
     1.286
     1.432
     1.091
     1.129
     1.192
     1.169
     1.164
     1.176
     1.186
     1.465
     1.191
     1.008
     1.257
     1.143
     1.333
     1.382
     1.427
     1.413
     1.322
     1.396
     1.240
     1.291
     1.383
     1.457
     1.261
     1.413
     1.356
     1.438
     1.381
     1.308
     1.374
     1.374
     1.500
     1.506
     1.477
     0.994
     1.328
     1.519
     1.382
     1.179
     1.427
     0.726
     1.416
     1.176
     1.112
     1.352
     1.206
     1.371
     0.994
     1.250
     1.074
     1.139
     1.218
     1.363
     1.498
     1.109
     1.183
     1.592
     1.436
     1.148
     1.189
     1.382
     0.964
     1.151
     1.310
     1.373
     1.141
     1.121
     1.416
     1.280
     1.312
     1.276
     1.200
     1.312
     1.125
     1.175
     1.305
     1.256
     1.153
     1.219
     1.232
     1.382
     1.218
     1.400
     1.379
     1.378
     1.128
     1.176
     1.328
     1.456
     1.316
     1.303
     1.389
     1.342
     1.257
     1.172
     1.273
     1.357
     1.261
     1.221
     1.446
     1.387
     1.439
     1.352
     1.425
     1.046
     1.551
     1.442
     1.242
     1.362
     1.111
     1.477
     1.401
     1.306
     1.217
     1.480
     1.305
     1.112
     1.185
     1.102
     1.392
     1.245
     1.234
     1.252
     1.463
     1.241
     1.281
     1.172
     1.273
     1.431
     1.235
     1.298
     1.202
     1.215
     1.253
     1.280
     1.233
     1.185
     1.218
     1.484
     1.465
     1.441
     1.225
     1.350
     1.401
     1.203
     1.300
     1.127
     1.218
     1.137
     1.517
     1.209
     1.303
     1.451
     1.405
     1.213
     1.148
     1.388
     1.273
     1.280
     1.531
     1.243
     1.430
     1.431
     1.435
     1.356
     1.207
     1.355
     1.107
     1.492
     1.570
     1.368
     1.455
     1.365
     1.173
     1.150
     1.285
     1.503
     1.384
     1.385
     1.224
     1.554
     1.311
     1.312
     1.327
     1.184
     1.176
     1.264
     1.331
     1.031
     1.448
     1.156
     1.155
     1.384
     1.455
     1.261
     1.220
     1.379
     1.186
     1.179
     1.362
     1.015
     1.176
     1.317
     1.445
     1.369
     1.348
     1.408
     0.764
     1.211
     1.488
     1.451
     1.273
     1.436
     1.175
     1.089
     1.456
     1.142
     1.195
     1.323
     1.124
     1.371
     1.181
     1.331
     1.169
     1.480
     1.276
     1.224
     1.189
     1.412
     1.512
     1.284
     1.229
     1.424
     1.298
     1.058
     1.494
     1.403
     1.206
     1.177
     1.434
     1.412
     1.289
     1.352
     1.271
     1.138
     1.365
     1.387
     1.182
     1.452
     1.517
     1.059
     1.333
     1.159
     1.105
     1.385
     1.368
     1.251
     1.245
     1.325
     1.271
     1.393
     1.160
     1.466
     1.399
     1.406
     1.205
     1.275
     1.295
     1.394
     1.596
     1.257
     1.161
     1.410
     1.390
     1.365
     1.501
     1.523
     1.105
     1.317
     1.208
     1.605
     1.153
     1.343
     1.178
     1.212
     1.105
     1.247
     1.350
     1.101
     1.273
     1.444
     1.113
     1.247
     1.474
     1.406
     1.096
     1.200
     1.168
     1.295
     1.205
     1.219
     1.468
     1.268
     1.103
     1.119
     1.437
     1.314
     1.175
     1.276
     1.080
     1.117
     1.222
     1.290
     1.383
     1.388
     1.291
     1.131
     1.341
     1.171
     1.357
     1.424
     1.478
     1.403
     1.404
     1.222
     1.428
     1.262
     1.189
     1.484
     1.291
     1.334
     1.319
     1.157
     1.257
     1.398
     1.194
     1.309
     1.194
     1.303
     1.249
     1.207
     1.098
     1.277
     1.265
     1.387
     1.398
     1.171
     1.079
     1.447
     1.284
     1.301
     1.080
     1.344
     1.453
     1.469
     1.257
     1.283
     1.413
     1.252
     1.314
     1.277
     1.528
     1.425
     1.297
     1.297
     0.898
     1.360
     1.260
     1.351
     1.125
     1.456
     1.173
     1.075
     1.461
     1.319
     1.158
     1.171
     1.125
     1.049
     1.327
     1.208
     1.214
     1.404
     1.298
     1.471
     1.266
     1.158
     0.976
     1.481
     1.436
     1.374
     1.135
     1.266
     1.165
     1.400
     1.352
     1.196
     1.521
     1.353
     1.334
     1.214
     1.391
     1.454
     1.318
     1.167
     1.122
     1.402
     1.413
     1.504
     1.146
     1.273
     1.386
     1.391
     1.200
     1.132
     1.218
     1.292
     1.391
     1.319
     1.039
     1.135
     1.279
     1.321
     1.244
     1.264
     1.235
     1.366
     1.462
     1.260
     1.424
     1.214
     1.171
     1.282
     1.258
     1.208
     1.347
     1.434
     1.357
     1.394
     1.357
     1.109
     1.535
     1.428
     1.336
     1.188
     1.378
     1.360
     1.099
     1.153
     1.403
     0.997
     1.429
     1.288
     1.168
     1.120
     1.192
     1.425
     1.197
     1.360
     1.446
     1.324
     1.312
     1.330
     1.411
     1.189
     1.128
     1.149
     1.193
     1.385
     1.440
     1.462
     1.380
     1.316
     1.438
     1.434
     1.439
     1.301
     1.224
     1.314
     1.466
     1.303
     1.186
     1.142
     0.886
     1.454
     1.292
     1.418
     1.143
     1.194
     1.204
     1.228
     1.107
     1.301
     1.559
     1.134
     1.536
     1.351
     0.993
     1.369
     1.103
     1.167
     1.178
     1.197
     1.360
     1.220
     1.436
     1.410
     1.174
     1.536
     1.544
     1.430
     1.472
     1.176
     1.130
     1.129
     1.264
     1.238
     1.382
     1.201
     1.202
     1.461
     1.190
     1.415
     1.487
     1.398
     1.120
     1.515
     1.337
     1.170
     1.174
     1.337
     1.212
     1.394
     1.462
     1.280
     1.304
     1.461
     1.340
     1.142
     1.417
     1.006
     1.190
     1.364
     1.403
     1.165
     1.251
     1.373
     1.354
     1.310
     1.336
     1.464
     1.130
     1.281
     1.509
     1.493
     1.356
     1.153
     1.493
     1.285
     1.381
     1.109
     1.337
     1.135
     1.107
     1.519
     1.209
     1.323
     1.226
     1.463
     1.537
     1.332
     1.279
     1.401
     1.165
     1.165
     1.368
     1.188
     1.312
     1.249
     1.256
     1.155
     1.419
     1.292
     1.313
     1.168
     1.147
     1.245
     1.452
     1.315
     1.448
     1.370
     1.325
     1.105
     1.097
     1.457
     1.357
     1.034
     1.328
     1.296
     1.265
     1.138
     1.396
     1.409
     1.225
     1.117
     1.100
     1.543
     1.236
     1.274
     1.510
     1.462
     1.070
     1.258
     1.293
     1.566
     1.341
     1.314
     1.242
     1.405
     1.274
     1.481
     1.399
     1.527
     1.159
     1.453
     1.423
     1.333
     1.067
     1.361
     1.262
     1.257
     1.381
     1.455
     1.183
     1.264
     1.212
     1.216
     1.145
     1.423
     1.368
     1.408
     1.441
     1.448
     1.015
     1.443
     1.302
     1.256
     1.071
     1.359
     1.420
     1.253
     1.602
     1.397
     1.431
     1.284
     1.163
     1.060
     1.162
     1.421
     1.444
     1.409
     1.262
     1.409
     1.277
     1.543
     1.260
     1.346
     1.238
     1.225
     1.486
     1.251
     1.429
     1.382
     1.355
     1.462
     1.378
     1.447
     1.188
     1.303
     1.240
     1.343
     1.376
     1.414
     1.376
     1.329
     1.333
     1.388
     1.178
     1.172
     1.389
     1.278
     1.341
     1.231
     1.127
     1.490
     1.323
     1.347
     1.278
     1.509
     1.079
     1.438
     1.487
     1.148
     1.386
     1.232
     1.452
     1.418
     1.079
     1.381
     1.148
     1.172
     1.158
     1.461
     1.278
     1.171
     1.056
     1.398
     1.202
     1.243
     1.360
     1.416
     1.549
     1.469
     1.340
     1.440
     1.394
     1.314
     1.300
     1.230
     1.312
     1.164
     1.508
     1.189
     1.459
     1.436
     1.341
     1.195
     1.498
     1.224
     1.271
     1.368
     1.474
     1.215
     1.375
     1.189
     1.213
     1.164
     1.465
     1.418
     0.806
     1.411
     1.424
     1.084
     1.442
     1.315
     1.410
     1.446
     1.114
     1.384
     1.185
     0.998
     1.290
     1.058
     1.283
     1.329
     1.263
     1.229
     1.467
     1.572
     1.367
     1.147
     1.067
     1.403
     1.370
     1.099
     1.330
     1.160
     1.182
     1.303
     1.354
     1.244
     1.379
     1.151
     1.027
     1.237
     1.243
     1.277
     1.285
     1.332
     1.495
     1.567
     1.329
     0.873
     1.113
     1.211
     1.282
     1.320
     1.149
     1.176
     1.486
     1.255
     1.415
     1.421
     1.359
     1.245
     1.158
     1.547
     1.156
     1.453
     1.329
     1.177
     1.171
     1.320
     1.367
     1.609
     1.346
     1.168
     0.866
     1.317
     1.465
     1.091
     1.276
     1.366
     1.185
     1.401
     1.346
     1.323
     1.423
     1.334
     1.141
     1.092
     1.200
     1.500
     1.238
     1.138
     1.060
     1.145
     1.390
     1.228
     1.112
     1.477
     1.457
     1.182
     1.466
     1.389
     1.174
     1.397
     1.409
     1.357
     1.354
     1.167
     1.359
     1.156
     1.472
     1.438
     1.231
     1.082
     1.268
     1.174
     1.434
     1.482
     1.330
     1.425
     1.251
     1.294
     1.361
     1.186
     1.452
     1.202
     1.164
     1.228
     1.209
     1.115
     1.321
     1.310
     1.461
     1.238
     1.277
     1.082
     1.321
     1.438
     1.322
     1.182
     1.201
     1.116
     1.228
     1.181
     1.313
     1.204
     1.411
     1.350
     1.594
     1.131
     1.088
     1.197
     1.197
     1.266
     1.416
     1.416
     1.430
     1.401
     1.195
     1.249
     1.312
     1.302
     1.296
     1.201
     1.252
     1.430
     1.257
     1.200
     1.186
     1.309
     1.149
     1.382
     1.320
     1.095
     1.236
     1.441
     1.538
     1.260
     1.212
     1.195
     1.180
     1.239
     1.168
     1.438
     1.500
     1.180
     1.176
     1.279
     0.894
     1.392
     1.445
     1.168
     1.164
     1.366
     1.265
     1.453
     1.254
     1.270
     1.343
     1.325
     1.280
     1.515
     0.996
     1.255
     1.370
     1.471
     1.308
     1.227
     1.348
     1.335
     1.182
     1.077
     1.516
     1.307
     1.377
     1.191
     1.309
     1.452
     1.281
     1.268
     1.062
     1.342
     1.435
     1.451
     1.523
     1.436
     1.127
     1.103
     1.354
     1.224
     1.479
     1.253
     1.406
     0.969
     1.362
     1.310
     1.387
     1.257
     1.120
     1.151
     1.349
     1.274
     1.439
     1.376
     1.333
     1.117
     1.353
     1.182
     1.127
     1.610
     1.182
     1.385
     1.393
     1.382
     1.448
     1.397
     1.445
     1.486
     1.419
     1.494
     1.403
     1.252
     1.496
     1.303
     1.425
     1.240
     1.252
     1.083
     1.440
     1.347
     1.076
     1.195
     1.104
     1.399
     1.375
     1.329
     1.349
     1.246
     1.433
     1.249
     1.249
     1.375
     1.402
     1.440
     1.231
     1.156
     1.296
     1.399
     1.399
     1.141
     1.288
     1.271
     1.126
     1.298
     1.469
     1.426
     1.428
     1.080
     1.398
     1.404
     1.149
     1.362
     1.068
     1.413
     1.217
     1.376
     1.290
     1.408
     1.209
     1.442
     1.293
     1.350
     1.235
     1.057
     1.220
     1.183
     1.349
     1.126
     1.327
     1.246
     1.163
     1.481
     1.211
     1.234
     1.139
     1.319
     1.518
     1.400
     1.459
     0.721
     1.408
     1.500
     1.300
     1.372
     1.453
     1.331
     1.379
     1.196
     1.397
     1.183
     1.353
     1.258
     1.399
     1.030
     1.223
     1.353
     1.093
     1.286
     1.237
     1.134
     1.164
     1.337
     1.219
     1.130
     1.411
     1.156
     1.413
     1.141
     1.298
     1.399
     1.427
     1.110
     1.140
     1.174
     1.138
     1.237
     1.307
     1.239
     1.256
     1.274
     1.319
     1.410
     1.328
     1.037
     1.115
     1.262
     1.190
     1.130
     1.276
     1.420
     1.385
     1.431
     1.357
     1.198
     1.446
     1.231
     1.242
     1.153
     1.304
     0.981
     1.500
     1.462
     1.195
     1.304
     1.340
     1.299
     1.116
     1.310
     1.155
     1.583
     1.169
     1.415
     1.197
     1.199
     1.276
     1.348
     1.441
     1.391
     0.894
     1.153
     1.125
     1.182
     1.305
     1.523
     1.273
     1.262
     1.225
     1.392
     1.192
     1.355
     1.081
     1.192
     1.343
     1.346
     1.459
     1.002
     1.192
     1.471
     1.327
     1.207
     1.289
     1.363
     1.285
     1.456
     1.162
     1.369
     1.452
     1.438
     1.412
     1.339
     1.141
     1.237
     1.321
     1.381
     1.275
     1.542
     1.289
     1.450
     1.368
     1.466
     1.267
     1.295
     1.471
     1.396
     1.159
     1.131
     1.284
     1.057
     1.298
     1.170
     1.338
     1.217
     1.286
     1.254
     1.452
     1.325
     1.252
     1.237
     1.236
     1.146
     1.088
     1.095
     1.311
     1.244
     1.308
     1.186
     1.310
     0.898
     1.213
     1.348
     1.305
     1.173
     1.155
     1.568
     1.245
     1.285
     1.402
     1.306
     1.193
     1.195
     0.962
     1.204
     1.586
     1.266
     1.383
     1.340
     1.102
     1.310
     1.352
     1.429
     1.403
     1.169
     1.299
     1.430
     1.040
     1.337
     1.257
     1.210
     1.422
     1.120
     1.462
     1.068
     1.473
     1.386
     1.342
     1.208
     1.435
     1.252
     1.217
     1.495
     1.326
     1.433
     1.302
     1.514
     1.459
     1.449
     1.480
     1.468
     1.329
     1.199
     1.442
     1.345
     0.999
     1.429
     1.192
     1.413
     1.467
     1.119
     1.154
     1.188
     1.534
     1.140
     1.541
     1.347
     1.207
     1.276
     1.445
     1.373
     0.734
     1.215
     1.123
     1.175
     1.193
     1.296
     1.323
     1.083
     1.382
     1.163
     1.255
     1.437
     1.457
     1.208
     1.367
     1.267
     1.157
     1.293
     1.352
     1.090
     1.134
     1.337
     1.357
     1.345
     1.031
     1.195
     1.145
     1.139
     1.374
     1.232
     1.286
     1.284
     1.368
     1.195
     1.109
     1.347
     1.086
     1.223
     1.259
     1.440
     1.427
     1.159
     1.231
     1.251
     1.457
     1.354
     1.119
     1.292
     1.398
     1.370
     1.176
     1.361
     1.126
     1.073
     1.278
     1.299
     1.159
     1.486
     1.243
     1.203
     1.490
     1.082
     1.274
     1.307
     1.423
     1.256
     1.441
     1.352
     1.258
     1.225
     1.267
     1.447
     1.383
     1.212
     1.284
     1.382
     1.190
     1.455
     1.420
     1.201
     1.348
     1.206
     1.464
     1.232
     1.409
     1.300
     1.396
     1.151
     1.151
     1.137
     1.217
     1.460
     1.232
     1.278
     1.430
     1.160
     1.479
     1.354
     1.464
     1.280
     1.258
     1.297
     1.252
     1.359
     1.293
     1.121
     1.488
     1.438
     1.169
     1.072
     1.171
     1.286
     1.312
     1.226
     1.151
     1.060
     1.410
     1.157
     1.300
     1.140
     1.198
     1.503
     1.221
     1.341
     1.170
     1.303
     1.250
     1.386
     1.328
     1.170
     1.414
     1.294
     1.496
     1.358
     1.215
     1.250
     1.275
     1.221
     1.417
     1.245
     1.246
     1.343
     1.369
     1.314
     1.291
     1.535
     1.245
     1.028
     1.302
     1.335
     1.395
     1.160
     1.338
     1.418
     1.139
     1.186
     1.394
     1.141
     1.095
     1.289
     1.371
     1.125
     1.391
     1.525
     1.486
     1.111
     1.100
     1.393
     1.246
     1.441
     1.305
     1.187
     1.481
     1.298
     1.127
     1.033
     1.146
     1.366
     1.377
     1.470
     1.185
     1.328
     1.051
     1.436
     1.425
     1.406
     1.430
     1.204
     1.453
     1.117
     1.185
     1.232
     1.458
     1.414
     1.267
     1.375
     1.444
     1.534
     1.232
     1.331
     1.374
     1.390
     1.414
     1.236
     1.301
     1.262
     1.525
     1.394
     1.172
     1.429
     1.178
     1.336
     1.490
     1.328
     1.461
     1.362
     1.283
     1.280
     1.091
     1.276
     1.424
     1.453
     1.237
     1.274
     1.105
     0.978
     1.178
     1.325
     1.490
     1.118
     1.155
     1.454
     1.350
     1.468
     1.189
     1.313
     1.278
     1.139
     1.447
     1.295
     1.389
     1.473
     1.199
     1.153
     1.225
     1.129
     1.125
     1.183
     1.389
     1.383
     1.275
     1.160
     1.241
     1.125
     1.341
     1.339
     1.475
     1.330
     1.121
     1.371
     1.188
     1.232
     0.813
     1.394
     1.378
     1.155
     1.359
     1.139
     1.130
     1.367
     1.129
     1.472
     1.185
     1.465
     1.090
     1.217
     1.437
     1.164
     1.160
     1.201
     1.507
     1.446
     1.327
     1.462
     0.953
     1.293
     1.174
     1.008
     1.391
     1.211
     1.110
     1.223
     1.549
     1.320
     1.476
     1.327
     1.380
     1.426
     1.424
     1.208
     1.397
     1.497
     1.501
     1.349
     1.310
     1.381
     1.140
     1.212
     1.061
     1.375
     0.971
     1.276
     1.317
     1.380
     1.477
     1.306
     1.259
     1.229
     1.393
     1.393
     1.428
     1.192
     1.316
     1.120
     1.234
     1.336
     1.352
     1.234
     1.429
     1.316
     1.440
     1.620
     1.220
     1.122
     1.411
     1.265
     1.373
     1.322
     1.123
     1.397
     1.146
     1.257
     1.111
     1.411
     1.165
     1.423
     1.329
     1.389
     1.167
     1.304
     1.232
     1.462
     1.131
     1.484
     1.554
     1.201
     1.342
     1.099
     1.358
     1.526
     1.437
     1.183
     1.362
     1.125
     1.310
     1.377
     1.376
     1.214
     1.455
     1.167
     1.538
     1.299
     1.208
     1.484
     1.147
     1.499
     1.278
     1.145
     1.265
     1.358
     1.296
     1.228
     1.218
     1.436
     1.398
     1.319
     1.306
     1.126
     1.330
     1.337
     1.261
     1.276
     1.379
     1.118
     1.435
     1.199
     1.325
     1.471
     1.363
     1.400
     1.154
     1.371
     1.063
     1.181
     1.035
     1.348
     1.296
     1.368
     1.285
     1.285
     1.357
     1.311
     1.544
     1.270
     1.177
     1.448
     1.175
     1.064
     1.350
     1.234
     1.304
     1.350
     1.330
     1.301
     1.344
     1.324
     1.426
     1.438
     1.204
     1.346
     1.424
     1.203
     1.401
     1.436
     1.417
     1.137
     1.421
     1.518
     1.204
     1.371
     1.309
     1.141
     1.297
     1.142
     1.401
     1.352
     1.389
     1.401
     1.266
     1.290
     1.222
     1.456
     1.209
     1.363
     1.344
     1.210
     1.303
     1.326
     1.352
     1.170
     1.426
     1.295
     1.392
     1.342
     0.930
     1.211
     1.159
     1.367
     1.514
     1.178
     1.217
     1.428
     1.327
     1.144
     1.319
     1.390
     1.094
     1.261
     1.180
     1.306
     1.410
     1.183
     1.555
     1.264
     1.426
     1.423
     1.485
     1.245
     1.162
     1.436
     1.418
     1.286
     1.462
     1.148
     1.175
     1.177
     1.259
     1.090
     1.058
     1.349
     1.112
     1.423
     1.315
     1.502
     1.406
     1.215
     1.362
     1.398
     1.272
     1.261
     1.158
     1.592
     1.537
     1.457
     1.255
     1.369
     1.162
     1.126
     1.245
     1.435
     1.312
     1.326
     1.493
     1.219
     1.362
     1.227
     1.356
     1.264
     1.445
     0.921
     1.129
     1.172
     1.393
     1.188
     1.233
     1.293
     1.127
     1.154
     1.139
     1.172
     1.377
     1.369
     1.271
     1.177
     1.095
     1.283
     1.313
     1.220
     1.500
     1.519
     1.509
     1.418
     1.477
     1.286
     1.385
     1.124
     1.173
     1.513
     1.115
     1.129
     1.141
     1.192
     1.390
     1.299
     1.412
     1.178
     1.171
     1.249
     1.110
     1.213
     1.008
     1.379
     1.210
     1.293
     1.286
     1.185
     1.199
     1.095
     1.185
     1.198
     1.453
     1.413
     1.208
     1.396
     1.354
     1.438
     1.398
     1.312
     1.119
     1.214
     1.143
     1.348
     1.385
     1.095
     1.110
     1.315
     1.327
     1.163
     1.183
     1.244
     1.459
     1.090
     1.503
     1.307
     1.104
     1.212
     1.215
     1.396
     1.276
     1.323
     1.213
     1.090
     1.432
     1.383
     1.528
     1.429
     1.564
     1.367
     1.266
     1.048
     1.233
     1.314
     1.338
     1.331
     1.496
     1.414
     1.279
     1.441
     1.293
     1.376
     1.122
     1.563
     1.311
     1.378
     1.215
     1.431
     1.262
     1.392
     1.422
     1.270
     1.309
     1.468
     1.217
     1.549
     1.124
     1.418
     1.173
     1.331
     1.084
     1.106
     1.462
     1.161
     1.432
     1.465
     1.187
     1.427
     1.410
     1.432
     1.513
     1.166
     1.198
     1.237
     1.278
     1.289
     1.598
     1.345
     1.273
     1.418
     1.356
     1.434
     1.199
     1.357
     1.469
     1.433
     1.424
     1.452
     1.424
     1.149
     1.446
     1.336
     1.300
     1.398
     1.474
     1.344
     1.348
     1.221
     1.270
     1.083
     0.894
     1.381
     1.414
     1.581
     1.179
     1.182
     1.085
     1.291
     1.184
     1.233
     1.403
     1.124
     1.220
     1.123
     1.433
     1.386
     1.456
     1.366
     1.508
     1.447
     1.228
     1.463
     1.310
     1.393
     1.342
     1.401
     1.419
     1.069
     1.422
     1.351
     1.444
     1.429
     1.146
     1.516
     1.369
     1.358
     1.330
     1.376
     1.356
     1.365
     1.383
     1.166
     1.318
     1.275
     1.230
     1.412
     1.452
     1.559
     1.244
     1.443
     1.250
     1.224
     1.523
     1.148
     1.398
     1.457
     1.376
     1.470
     1.156
     1.483
     1.430
     1.233
     1.340
     1.383
     1.419
     1.180
     1.490
     1.153
     1.155
     1.465
     1.367
     1.135
     1.237
     1.250
     1.377
     1.429
     1.309
     1.298
     1.359
     1.367
     1.327
     1.345
     1.451
     1.511
     1.175
     1.297
     1.220
     1.387
     1.192
     1.161
     1.129
     1.231
     1.237
     1.308
     1.174
     1.400
     1.401
     1.368
     1.361
     1.169
     1.307
     1.164
     1.297
     1.437
     1.235
     1.452
     1.180
     1.379
     1.526
     1.358
     1.365
     1.286
     1.169
     1.214
     0.764
     1.489
     1.291
     1.368
     1.072
     1.189
     1.317
     1.302
     1.546
     1.300
     1.299
     1.270
     1.188
     1.228
     1.273
     1.383
     1.224
     1.471
     1.325
     1.306
     1.167
     1.185
     1.312
     1.357
     1.407
     0.791
     1.078
     1.408
     1.409
     1.019
     1.376
     1.454
     1.534
     1.542
     1.514
     1.207
     1.466
     1.116
     1.226
     1.274
     1.243
     1.331
     1.468
     1.466
     1.449
     1.190
     1.449
     1.179
     1.342
     1.213
     1.333
     1.328
     1.505
     1.267
     1.442
     1.221
     1.400
     1.456
     1.482
     1.430
     1.212
     1.155
     1.222
     1.130
     1.472
     1.160
     1.379
     1.377
     1.191
     1.220
     1.221
     1.066
     1.267
     1.203
     1.129
     1.135
     1.256
     1.345
     1.387
     1.297
     1.226
     1.438
     1.336
     1.368
     1.176
     1.103
     1.369
     1.245
     1.246
     1.276
     1.164
     1.142
     1.265
     1.109
     1.169
     1.174
     1.324
     1.426
     1.137
     1.452
     1.173
     1.294
     1.504
     1.077
     1.437
     1.365
     1.158
     1.213
     1.324
     1.232
     1.369
     1.243
     1.484
     1.331
     1.210
     1.281
     1.139
     1.234
     1.393
     1.410
     1.494
     1.263
     1.197
     1.285
     1.479
     1.454
     1.166
     1.416
     1.118
     1.260
     1.526
     1.186
     1.156
     1.185
     1.279
     1.353
     1.168
     1.266
     1.290
     1.400
     1.216
     1.335
     1.417
     1.499
     1.236
     1.170
     1.266
     1.181
     1.425
     1.447
     1.386
     1.099
     1.394
     1.217
     1.412
     1.337
     1.166
     1.508
     1.258
     1.427
     1.221
     1.145
     0.944
     1.072
     1.205
     1.303
     1.316
     1.429
     1.178
     1.388
     0.964
     1.417
     1.300
     1.456
     1.172
     1.295
     1.099
     1.315
     1.323
     1.162
     1.260
     1.292
     1.337
     1.340
     1.087
     1.278
     1.128
     1.253
     0.877
     1.453
     1.198
     1.389
     1.225
     1.459
     1.362
     1.422
     1.086
     1.252
     1.041
     1.487
     1.389
     1.422
     1.206
     1.303
     1.427
     1.344
     1.257
     1.066
     1.356
     1.263
     1.431
     1.594
     1.419
     1.386
     1.592
     1.133
     1.366
     1.297
     1.274
     1.393
     1.171
     1.470
     1.121
     1.436
     1.207
     1.319
     1.237
     1.357
     1.343
     1.333
     1.365
     1.206
     1.286
     1.439
     1.149
     1.312
     1.140
     1.453
     1.346
     1.069
     1.197
     1.449
     1.457
     1.168
     1.279
     1.156
     1.398
     1.258
     1.414
     1.476
     1.189
     1.249
     1.449
     1.324
     1.427
     1.009
     1.343
     1.280
     1.226
     1.220
     1.110
     1.405
     1.371
     1.336
     1.387
     1.461
     1.229
     1.287
     1.459
     1.201
     1.056
     1.168
     1.372
     1.347
     1.166
     1.326
     0.857
     1.285
     1.178
     1.481
     1.526
     1.455
     1.226
     1.401
     1.379
     1.365
     1.287
     1.056
     1.493
     1.413
     1.140
     1.468
     1.180
     1.406
     1.167
     1.271
     1.384
     1.401
     1.519
     1.271
     1.121
     1.345
     1.400
     1.349
     1.540
     1.172
     1.443
     1.276
     1.479
     1.512
     1.281
     1.143
     1.464
     1.187
     1.415
     1.492
     1.273
     1.332
     1.442
     1.442
     1.254
     1.308
     1.361
     1.152
     1.318
     1.324
     1.103
     1.424
     1.145
     1.419
     1.203
     1.296
     1.452
     1.095
     1.396
     1.300
     1.409
     1.428
     1.201
     1.290
     1.236
     1.479
     1.028
     1.242
     1.307
     1.340
     1.321
     1.348
     1.461
     1.190
     1.280
     1.053
     1.264
     1.330
     1.499
     1.142
     1.292
     1.177
     1.430
     1.280
     1.224
     1.404
     1.503
     1.168
     1.281
     1.387
     1.211
     1.025
     1.125
     1.200
     1.354
     1.266
     1.083
     1.229
     1.382
     1.115
     1.369
     1.568
     1.443
     1.407
     1.452
     1.379
     1.288
     1.286
     1.328
     1.052
     1.231
     1.321
     1.284
     1.186
     1.247
     1.163
     1.251
     1.450
     1.127
     1.150
     1.423
     1.429
     1.413
     1.375
     1.222
     1.299
     1.187
     1.204
     1.044
     1.224
     1.345
     1.297
     1.371
     1.394
     0.934
     1.300
     1.360
     1.452
     1.108
     1.430
     1.394
     1.334
     1.131
     1.346
     1.432
     1.375
     1.418
     1.190
     1.080
     1.246
     1.074
     1.406
     1.447
     1.332
     1.525
     1.314
     1.323
     1.279
     1.427
     1.107
     1.359
     1.372
     1.141
     1.232
     1.400
     0.797
     1.386
     1.040
     1.297
     1.425
     1.149
     1.079
     1.372
     1.325
     1.403
     1.283
     1.282
     1.458
     1.115
     1.518
     0.690
     1.295
     1.254
     1.106
     1.544
     1.381
     1.208
     1.399
     1.212
     1.307
     1.285
     1.295
     1.196
     1.190
     1.210
     1.545
     1.374
     1.400
     1.512
     1.099
     1.455
     1.440
     1.359
     1.153
     1.278
     1.358
     1.405
     1.473
     1.332
     1.245
     1.327
     1.266
     1.129
     1.210
     1.467
     1.253
     1.133
     1.396
     1.401
     1.121
     1.246
     1.299
     1.325
     1.444
     1.257
     1.185
     1.264
     1.566
     1.312
     1.413
     1.299
     1.071
     1.036
     1.219
     1.450
     1.112
     1.200
     1.101
     1.618
     1.124
     1.209
     1.121
     1.420
     1.283
     1.038
     1.196
     1.228
     1.053
     1.405
     1.153
     1.150
     1.266
     1.337
     1.498
     1.336
     1.110
     1.436
     1.272
     1.205
     1.156
     1.052
     1.214
     1.444
     1.215
     1.376
     1.333
     1.169
     1.202
     1.111
     1.473
     1.276
     1.332
     1.440
     1.459
     1.220
     1.192
     1.206
     1.357
     1.324
     1.293
     1.135
     1.453
     1.296
     1.144
     1.560
     1.119
     1.063
     1.241
     1.160
     1.167
     1.395
     1.180
     1.321
     1.448
     1.472
     1.551
     1.378
     1.360
     1.126
     1.381
     1.405
     1.385
     1.387
     1.360
     1.307
     1.236
     1.211
     1.324
     1.367
     1.147
     1.450
     1.392
     1.370
     1.287
     1.435
     1.324
     1.205
     1.389
     1.077
     1.058
     1.108
     1.162
     1.235
     1.176
     1.543
     1.315
     0.962
     1.523
     1.144
     1.293
     1.137
     1.430
     1.410
     1.581
     1.507
     1.406
     1.397
     1.200
     1.245
     1.092
     1.351
     1.191
     1.233
     1.256
     1.325
     1.430
     1.461
     1.139
     1.418
     1.261
     1.191
     1.297
     1.065
     1.162
     1.285
     1.167
     1.462
     1.403
     1.404
     1.398
     1.439
     1.167
     1.376
     1.365
     1.438
     1.277
     1.266
     1.172
     1.373
     1.452
     1.298
     1.196
     1.142
     1.520
     1.600
     1.466
     1.393
     1.223
     1.318
     1.406
     1.118
     1.099
     1.199
     1.325
     1.249
     1.487
     1.242
     1.380
     1.572
     1.428
     1.495
     1.280
     1.443
     1.307
     1.239
     1.214
     1.299
     1.355
     1.504
     1.433
     1.453
     1.135
     1.249
     1.187
     1.189
     1.157
     1.293
     1.225
     1.156
     1.130
     1.213
     1.193
     1.409
     1.444
     1.199
     1.362
     1.354
     1.293
     1.323
     1.327
     1.442
     1.472
     1.219
     1.425
     1.096
     1.374
     1.318
     1.353
     1.386
     1.147
     1.217
     1.151
     1.199
     1.370
     1.367
     1.321
     1.326
     1.226
     1.347
     1.333
     1.363
     1.378
     1.178
     1.308
     1.477
     1.134
     1.465
     1.315
     1.178
     1.250
     1.238
     1.239
     1.133
     1.238
     1.330
     1.140
     1.254
     1.171
     1.502
     1.396
     1.258
     1.045
     1.400
     1.188
     1.203
     1.169
     1.332
     1.495
     1.199
     1.341
     1.345
     1.334
     1.149
     1.365
     1.307
     1.520
     1.346
     1.171
     1.223
     1.260
     1.312
     1.161
     1.442
     1.346
     1.445
     1.168
     1.312
     1.269
     1.577
     1.207
     1.488
     1.383
     1.202
     1.323
     1.318
     1.326
     1.210
     1.118
     1.498
     1.202
     1.579
     1.481
     1.141
     1.477
     1.161
     1.361
     1.162
     1.210
     1.225
     1.225
     1.207
     1.179
     1.032
     1.207
     1.455
     1.303
     1.471
     1.414
     1.028
     1.319
     1.202
     1.174
     1.436
     1.178
     1.220
     1.430
     1.174
     1.182
     1.288
     1.148
     1.308
     1.488
     1.150
     1.188
     1.364
     1.193
     1.459
     1.484
     1.324
     1.229
     1.415
     1.446
     1.185
     1.323
     1.381
     1.329
     1.374
     1.176
     1.376
     1.058
     1.329
     1.417
     1.214
     1.365
     1.403
     1.380
     1.318
     1.381
     1.408
     1.391
     1.067
     1.098
     1.107
     1.217
     1.235
     1.263
     1.202
     1.009
     1.115
     1.402
     1.418
     1.275
     1.373
     1.300
     1.204
     1.276
     1.400
     1.192
     1.162
     1.348
     1.116
     1.147
     1.424
     1.431
     1.372
     1.331
     1.151
     1.333
     1.219
     1.223
     1.394
     1.429
     1.503
     1.245
     1.314
     1.427
     1.352
     1.381
     1.410
     1.204
     1.372
     1.279
     1.191
     1.309
     1.526
     1.293
     1.351
     1.351
     1.423
     1.360
     1.471
     1.153
     1.116
     1.195
     1.200
     1.321
     1.474
     1.249
     1.147
     1.184
     1.530
     1.404
     1.294
     1.274
     1.455
     0.788
     0.933
     1.456
     1.203
     1.550
     1.338
     1.268
     1.477
     1.452
     1.247
     1.442
     1.307
     1.241
     1.203
     1.441
     1.084
     1.491
     1.245
     1.455
     1.470
     1.149
     0.781
     1.364
     1.163
     1.293
     1.113
     1.204
     1.416
     1.244
     0.894
     1.376
     1.402
     1.456
     1.478
     1.155
     1.432
     1.457
     1.071
     1.163
     1.065
     1.385
     1.496
     1.470
     1.187
     1.210
     1.161
     1.329
     1.412
     1.514
     1.275
     1.404
     1.600
     1.466
     1.353
     1.276
     1.291
     1.342
     1.465
     1.467
     1.119
     1.255
     1.216
     1.195
     1.256
     1.469
     1.437
     1.412
     1.309
     1.186
     1.242
     1.346
     1.349
     1.451
     1.262
     1.210
     1.056
     1.390
     1.389
     1.213
     1.432
     1.366
     1.421
     1.006
     1.260
     1.137
     1.329
     1.454
     1.311
     1.271
     1.300
     1.178
     1.188
     1.155
     1.271
     1.213
     1.112
     1.458
     1.326
     1.143
     1.454
     1.132
     1.331
     1.462
     1.382
     1.405
     1.179
     1.343
     1.325
     1.317
     1.278
     1.454
     1.412
     1.407
     1.226
     1.213
     1.217
     1.206
     1.302
     1.130
     1.483
     1.351
     1.259
     1.133
     1.089
     0.980
     1.047
     1.297
     1.369
     1.103
     1.184
     1.381
     1.325
     1.324
     1.157
     1.276
     1.482
     1.209
     1.201
     1.324
     1.202
     1.213
     1.145
     1.269
     1.145
     1.454
     1.189
     1.386
     1.249
     1.061
     1.192
     1.343
     1.458
     1.312
     1.602
     1.158
     1.224
     1.417
     1.522
     1.276
     1.600
     1.147
     1.193
     1.252
     1.274
     1.294
     1.353
     1.426
     1.308
     1.171
     1.235
     1.335
     1.161
     1.289
     1.243
     1.431
     1.289
     1.170
     1.373
     1.185
     1.048
     1.399
     1.464
     1.403
     1.251
     1.342
     1.156
     1.344
     1.504
     1.122
     1.223
     1.089
     1.262
     1.298
     1.338
     0.830
     1.107
     0.918
     1.102
     1.328
     0.909
     1.166
     1.242
     1.280
     1.124
     1.384
     1.334
     1.343
     1.236
     1.356
     1.273
     1.481
     1.307
     1.202
     1.230
     1.271
     1.171
     1.449
     1.338
     1.604
     1.249
     1.159
     1.448
     1.318
     1.409
     1.119
     1.129
     1.290
     1.417
     1.449
     1.344
     1.175
     1.243
     1.393
     1.202
     1.224
     1.031
     1.361
     1.330
     1.386
     1.133
     1.156
     1.193
     1.292
     1.378
     1.419
     1.200
     1.281
     1.259
     1.360
     1.418
     1.207
     1.205
     1.146
     1.204
     1.242
     1.193
     1.433
     1.179
     1.404
     1.435
     1.285
     1.431
     1.412
     1.383
     1.320
     1.458
     1.358
     1.153
     1.380
     1.328
     1.247
     1.268
     1.304
     1.297
     1.455
     1.432
     1.144
     1.088
     1.381
     1.265
     1.507
     1.390
     1.189
     1.484
     1.434
     1.128
     1.477
     1.252
     1.562
     1.416
     1.382
     1.297
     1.267
     1.408
     1.231
     1.368
     1.355
     1.326
     1.200
     0.961
     1.414
     1.467
     1.347
     1.135
     1.342
     1.075
     1.315
     1.399
     1.293
     1.455
     1.379
     1.217
     1.022
     1.350
     1.218
     1.297
     1.354
     1.126
     1.261
     1.472
     1.211
     1.109
     1.298
     1.186
     1.512
     1.344
     1.224
     1.313
     1.371
     1.109
     1.465
     1.222
     1.170
     1.325
     1.367
     1.547
     1.496
     1.383
     1.370
     1.213
     1.455
     1.248
     1.213
     1.535
     1.449
     1.135
     1.466
     1.298
     1.312
     1.299
     1.391
     1.185
     1.430
     0.994
     1.101
     1.389
     1.497
     1.184
     1.134
     1.202
     1.385
     1.277
     1.145
     1.283
     1.338
     1.416
     1.243
     1.205
     1.376
     1.383
     1.565
     1.128
     1.128
     1.245
     1.193
     1.462
     1.475
     1.344
     1.416
     0.934
     1.145
     1.196
     1.308
     1.192
     1.268
     1.372
     1.234
     1.501
     1.513
     1.517
     1.111
     1.346
     1.351
     1.044
     1.126
     0.744
     1.411
     1.449
     1.062
     1.093
     1.365
     1.172
     1.167
     1.212
     1.176
     1.331
     1.260
     0.992
     1.118
     1.393
     1.169
     1.325
     1.205
     1.302
     1.289
     1.171
     1.375
     1.372
     1.605
     1.238
     1.157
     1.444
     1.376
     1.311
     1.339
     1.340
     1.176
     1.122
     1.156
     1.143
     1.250
     1.458
     1.368
     1.415
     1.284
     1.381
     1.367
     1.421
     1.277
     1.335
     1.167
     1.358
     1.446
     1.244
     1.444
     1.450
     1.277
     1.109
     1.222
     1.308
     1.280
     1.429
     1.162
     1.328
     1.298
     1.455
     1.241
     1.261
     1.387
     1.435
     1.169
     1.396
     1.310
     1.102
     1.383
     1.382
     1.412
     1.156
     1.377
     1.351
     1.244
     1.152
     1.144
     1.232
     1.270
     1.270
     1.125
     1.315
     1.281
     1.431
     1.128
     1.126
     1.330
     1.344
     1.444
     1.269
     1.244
     1.309
     1.454
     1.366
     1.434
     1.522
     1.253
     1.353
     1.474
     1.107
     1.310
     1.132
     1.429
     1.428
     1.453
     1.486
     1.446
     1.175
     1.326
     1.183
     1.593
     1.120
     1.120
     1.319
     1.377
     1.425
     1.526
     1.169
     0.984
     1.377
     1.142
     1.293
     1.328
     1.231
     1.288
     1.154
     1.175
     1.218
     1.315
     1.159
     1.303
     1.235
     1.169
     1.215
     1.304
     1.304
     1.212
     1.164
     1.129
     1.288
     1.131
     1.152
     1.337
     1.340
     1.281
     1.455
     1.267
     1.126
     1.187
     1.410
     1.285
     1.174
     1.262
     1.197
     1.433
     1.433
     1.167
     1.315
     1.485
     1.350
     1.035
     1.165
     1.454
     1.193
     1.375
     1.460
     1.313
     1.120
     1.455
     1.253
     1.392
     1.442
     1.135
     1.547
     1.267
     1.134
     1.268
     1.474
     1.201
     1.243
     1.457
     1.359
     1.256
     1.365
     1.204
     1.205
     1.420
     1.321
     1.275
     1.426
     1.448
     1.236
     1.291
     1.070
     1.523
     1.225
     1.432
     1.130
     1.453
     1.294
     1.213
     1.443
     1.495
     1.377
     1.387
     1.213
     1.105
     1.323
     1.202
     1.342
     1.136
     1.186
     1.366
     1.358
     1.130
     1.333
     1.280
     1.357
     1.415
     1.274
     1.284
     1.122
     1.294
     1.570
     1.181
     1.543
     1.479
     1.362
     1.251
     1.326
     1.471
     1.450
     1.578
     1.072
     1.252
     1.266
     0.860
     1.485
     1.150
     1.187
     1.212
     1.358
     1.211
     1.521
     1.283
     1.302
     1.385
     1.216
     1.409
     1.132
     1.189
     1.112
     1.246
     1.378
     0.968
     1.239
     1.192
     1.215
     1.383
     1.195
     1.186
     1.179
     1.203
     1.278
     1.267
     1.435
     1.280
     1.259
     1.284
     1.175
     1.434
     1.352
     1.102
     1.194
     1.286
     1.359
     1.245
     1.410
     1.283
     1.350
     1.057
     1.438
     1.291
     1.299
     1.207
     1.277
     1.429
     1.286
     1.250
     1.277
     1.281
     1.251
     1.440
     1.105
     1.106
     1.138
     1.294
     1.429
     1.449
     1.436
     1.316
     1.450
     1.420
     1.445
     1.267
     1.379
     1.218
     1.372
     1.301
     1.156
     1.319
     1.287
     1.256
     1.085
     1.399
     1.301
     1.287
     1.473
     1.237
     1.299
     0.931
     1.231
     1.172
     1.167
     1.250
     1.135
     1.486
     1.062
     1.413
     1.496
     1.233
     1.297
     1.315
     1.323
     1.337
     1.356
     1.418
     1.385
     1.350
     1.364
     1.446
     1.184
     1.179
     1.156
     1.194
     1.460
     1.168
     1.451
     1.047
     1.100
     1.436
     1.375
     1.110
     1.480
     1.225
     1.319
     1.300
     1.183
     1.397
     1.305
     1.289
     1.268
     1.210
     1.038
     1.364
     1.293
     1.169
     1.141
     1.371
     1.305
     1.349
     1.162
     1.531
     1.342
     1.460
     1.408
     0.886
     1.045
     1.130
     1.101
     1.234
     1.148
     1.223
     1.127
     1.299
     1.231
     1.448
     1.502
     1.316
     1.585
     1.507
     1.381
     1.124
     1.397
     1.113
     1.100
     1.197
     1.328
     1.198
     1.332
     1.112
     1.109
     1.021
     1.398
     1.396
     1.443
     1.263
     1.185
     1.408
     1.308
     1.096
     1.485
     1.456
     1.293
     1.260
     1.288
     0.965
     1.067
     1.408
     1.405
     1.164
     1.278
     1.468
     1.123
     1.175
     1.242
     1.363
     0.946
     1.317
     1.417
     1.464
     1.175
     1.106
     1.359
     1.298
     1.279
     1.191
     1.346
     1.428
     1.211
     1.175
     1.356
     1.281
     1.379
     1.392
     1.506
     1.111
     1.083
     1.349
     1.169
     1.243
     1.373
     1.224
     1.421
     1.518
     1.280
     1.214
     1.450
     1.428
     1.481
     1.388
     1.358
     1.386
     1.551
     1.174
     1.442
     1.396
     1.178
     1.262
     1.338
     1.273
     1.254
     1.356
     1.369
     1.335
     1.247
     1.209
     1.423
     1.303
     1.356
     1.376
     1.425
     1.313
     1.291
     1.524
     1.200
     1.496
     1.078
     1.328
     1.274
     1.315
     1.186
     1.142
     1.253
     1.164
     1.311
     0.972
     1.220
     1.457
     1.172
     1.418
     1.165
     1.180
     1.155
     1.204
     1.436
     1.569
     1.365
     1.425
     1.261
     1.388
     1.319
     1.309
     1.199
     1.390
     1.274
     1.079
     1.437
     1.443
     1.212
     1.377
     1.509
     1.300
     1.438
     1.090
     1.175
     1.414
     1.326
     1.447
     1.228
     1.513
     1.400
     1.112
     1.335
     1.365
     1.058
     1.088
     1.365
     1.217
     1.265
     1.454
     1.178
     1.429
     1.493
     1.308
     1.133
     1.328
     1.357
     1.138
     1.341
     1.428
     1.404
     1.223
     1.146
     1.362
     1.407
     1.148
     1.118
     1.389
     1.350
     1.147
     1.085
     1.471
     1.207
     1.393
     1.110
     1.396
     1.197
     0.686
     1.575
     1.194
     1.440
     1.524
     1.461
     1.424
     1.165
     0.929
     1.170
     1.183
     1.309
     1.237
     1.117
     1.388
     1.154
     1.449
     1.114
     1.410
     1.336
     1.102
     1.132
     1.417
     1.235
     1.354
     1.225
     1.326
     1.436
     1.132
     1.326
     1.252
     1.387
     1.337
     1.455
     1.306
     1.401
     1.214
     1.310
     1.130
     1.180
     1.272
     1.202
     1.150
     1.275
     1.266
     1.494
     1.265
     1.228
     1.304
     1.429
     1.501
     1.130
     1.387
     1.105
     1.445
     1.327
     1.382
     1.444
     1.456
     1.154
     1.428
     1.231
     1.127
     1.052
     1.479
     1.093
     1.426
     1.449
     1.458
     1.279
     1.533
     1.202
     1.141
     1.046
     1.476
     1.261
     1.217
     1.086
     1.484
     1.516
     1.207
     1.421
     1.418
     0.859
     1.273
     1.208
     1.474
     1.231
     1.379
     1.481
     1.523
     1.318
     1.419
     1.375
     1.283
     1.336
     1.347
     1.225
     1.346
     1.186
     1.128
     1.178
     1.209
     1.314
     1.222
     1.356
     1.432
     1.294
     1.073
     1.385
     1.236
     1.208
     1.458
     1.151
     1.201
     1.399
     1.281
     1.481
     1.290
     1.086
     1.140
     1.177
     1.203
     1.159
     1.359
     1.138
     1.407
     1.167
     1.438
     1.322
     1.391
     1.436
     1.067
     1.419
     1.256
     1.330
     1.167
     1.189
     1.098
     1.273
     1.166
     1.450
     1.094
     1.481
     1.069
     1.417
     1.142
     1.242
     1.437
     1.461
     1.145
     1.217
     1.420
     1.375
     1.180
     1.379
     1.393
     1.389
     1.374
     1.340
     1.059
     1.245
     1.457
     1.201
     1.364
     1.427
     1.216
     1.165
     1.333
     1.255
     1.224
     0.951
     1.270
     1.310
     1.349
     1.101
     1.454
     1.417
     1.358
     1.161
     1.327
     1.332
     1.269
     1.348
     1.407
     1.137
     1.255
     1.413
     1.360
     1.410
     1.609
     1.286
     1.069
     1.429
     1.186
     1.557
     1.260
     1.206
     1.113
     1.129
     1.270
     1.272
     1.377
     1.412
     1.141
     1.243
     1.227
     1.458
     1.492
     1.132
     1.300
     1.299
     1.333
     1.396
     1.298
     1.405
     1.248
     1.399
     1.291
     1.275
     1.441
     1.500
     1.178
     1.348
     1.220
     1.331
     1.325
     1.273
     1.168
     1.207
     1.470
     1.390
     1.491
     1.412
     1.418
     1.369
     1.458
     1.178
     1.364
     1.285
     1.140
     1.215
     1.322
     1.064
     1.312
     1.406
     1.365
     1.373
     1.416
     1.457
     1.376
     1.328
     1.154
     1.182
     1.098
     1.252
     1.396
     1.210
     1.299
     1.064
     1.409
     1.355
     1.464
     1.114
     1.123
     1.197
     1.457
     1.136
     1.471
     1.131
     1.133
     1.335
     1.100
     1.378
     1.411
     1.179
     1.297
     1.343
     1.392
     1.521
     1.398
     1.032
     1.028
     1.069
     1.047
     1.210
     1.282
     1.240
     1.229
     1.348
     1.548
     1.401
     1.475
     1.330
     1.344
     1.247
     1.131
     1.098
     1.032
     1.307
     1.399
     1.139
     1.389
     1.412
     1.495
     1.118
     1.459
     0.892
     0.986
     1.273
     1.044
     1.139
     1.405
     1.509
     1.404
     1.287
     1.139
     1.337
     1.207
     1.245
     1.185
     1.198
     1.288
     1.234
     1.459
     1.466
     1.416
     1.304
     1.319
     1.334
     1.128
     1.409
     1.282
     1.350
     1.283
     1.275
     1.576
     1.282
     1.312
     1.391
     1.308
     1.185
     1.153
     1.104
     1.409
     1.114
     1.430
     1.256
     1.354
     1.258
     1.071
     1.323
     1.154
     1.361
     0.952
     1.335
     1.319
     1.415
     1.165
     1.265
     1.423
     1.243
     1.133
     1.281
     1.298
     1.187
     1.227
     1.187
     1.116
     1.146
     1.166
     1.265
     1.320
     1.439
     1.323
     1.418
     0.982
     1.411
     1.357
     1.303
     1.370
     1.444
     1.438
     1.324
     1.336
     1.416
     1.275
     1.270
     1.374
     1.277
     1.213
     1.203
     1.123
     1.419
     1.191
     1.071
     1.114
     1.364
     1.235
     1.311
     1.127
     1.166
     1.153
     1.194
     1.405
     1.335
     1.159
     1.452
     1.323
     1.221
     1.280
     1.069
     1.314
     1.456
     1.240
     1.304
     1.198
     1.342
     1.336
     1.272
     1.286
     1.438
     1.176
     1.153
     1.314
     1.469
     1.210
     1.181
     1.397
     1.221
     1.323
     1.461
     1.537
     1.539
     1.465
     1.179
     1.402
     1.363
     1.171
     1.148
     1.185
     1.335
     1.336
     1.451
     1.280
     1.229
     1.414
     1.502
     1.144
     1.350
     1.146
     1.393
     1.380
     1.453
     1.340
     1.268
     1.437
     1.081
     1.258
     1.204
     1.276
     1.466
     1.102
     1.258
     1.169
     1.464
     1.256
     1.352
     1.029
     1.127
     1.450
     1.132
     1.202
     1.370
     1.165
     1.353
     1.429
     1.135
     1.213
     1.127
     1.321
     1.163
     1.234
     1.262
     1.487
     1.500
     1.395
     1.215
     1.365
     1.164
     1.494
     1.277
     1.437
     1.272
     1.372
     1.195
     1.282
     1.541
     1.392
     1.373
     1.152
     1.213
     1.294
     1.193
     1.278
     1.303
     1.292
     1.217
     1.353
     1.200
     1.324
     1.446
     1.184
     1.117
     1.106
     1.305
     1.324
     1.537
     1.420
     1.535
     1.411
     1.033
     1.089
     1.455
     1.190
     1.298
     1.336
     1.357
     1.365
     1.384
     1.186
     1.271
     1.327
     1.465
     1.223
     1.207
     1.154
     1.256
     1.264
     1.274
     1.180
     1.422
     1.121
     1.518
     1.201
     1.172
     1.396
     1.149
     1.465
     1.346
     1.290
     1.404
     1.348
     1.273
     1.114
     1.290
     1.300
     1.383
     0.824
     1.459
     1.260
     1.343
     1.187
     1.334
     1.126
     1.404
     1.411
     1.150
     1.420
     1.219
     1.383
     1.208
     1.101
     1.331
     1.082
     1.164
     1.296
     1.410
     1.386
     1.390
     1.181
     1.271
     1.345
     1.163
     1.178
     1.160
     1.301
     1.221
     1.318
     1.131
     1.438
     1.442
     1.376
     1.297
     1.246
     1.467
     1.266
     1.265
     1.342
     1.440
     1.320
     1.401
     1.120
     1.276
     1.305
     1.383
     1.111
     1.208
     1.082
     1.479
     1.454
     1.137
     1.456
     1.358
     1.462
     1.289
     1.339
     1.479
     1.118
     1.446
     1.205
     1.149
     1.151
     1.218
     1.225
     1.389
     1.392
     1.418
     1.412
     1.357
     1.309
     1.210
     1.127
     1.270
     1.355
     1.447
     1.559
     1.396
     1.139
     1.327
     1.337
     1.480
     1.239
     1.417
     1.424
     1.426
     1.209
     1.260
     1.445
     1.251
     1.304
     1.170
     1.433
     1.355
     1.068
     1.518
     1.309
     1.335
     1.363
     1.454
     1.263
     1.133
     1.255
     1.344
     1.160
     1.328
     1.371
     1.173
     1.325
     1.503
     1.361
     1.320
     1.431
     1.337
     1.196
     1.269
     1.218
     1.248
     1.281
     1.251
     1.253
     1.441
     1.088
     1.137
     1.265
     1.210
     1.462
     1.367
     1.227
     1.185
     1.155
     1.333
     1.128
     1.406
     1.416
     1.463
     1.534
     1.331
     1.429
     1.454
     1.377
     1.132
     1.442
     1.088
     1.281
     1.268
     1.457
     1.401
     1.152
     1.441
     1.480
     1.103
     1.210
     1.266
     1.530
     1.351
     1.152
     1.156
     1.323
     1.215
     1.365
     1.359
     1.253
     1.209
     1.399
     1.240
     1.229
     1.214
     1.195
     1.343
     1.412
     1.531
     1.246
     1.380
     1.466
     1.391
     1.135
     1.424
     1.446
     1.505
     1.251
     1.159
     1.433
     1.397
     1.316
     1.116
     1.307
     1.113
     1.009
     1.165
     1.456
     1.135
     1.352
     1.234
     1.512
     1.312
     1.144
     1.347
     1.298
     1.398
     1.449
     1.102
     1.188
     1.278
     1.229
     1.278
     1.238
     1.156
     1.487
     1.190
     1.305
     1.334
     1.346
     1.166
     1.126
     1.366
     1.158
     1.162
     1.440
     1.286
     1.190
     1.283
     1.372
     0.991
     1.415
     1.324
     1.417
     1.417
     1.407
     1.279
     1.140
     1.383
     1.219
     1.361
     1.304
     1.125
     1.092
     1.350
     1.204
     1.311
     1.458
     1.281
     1.281
     1.353
     1.413
     1.179
     1.051
     1.136
     1.229
     1.070
     1.223
     1.467
     1.421
     1.346
     1.340
     1.389
     1.466
     1.216
     1.153
     1.371
     1.087
     1.125
     1.404
     1.362
     1.006
     1.040
     1.450
     1.395
     1.191
     1.325
     1.415
     1.479
     1.343
     1.533
     1.175
     1.368
     1.434
     1.395
     1.195
     1.324
     1.238
     1.396
     0.936
     1.281
     1.256
     1.277
     1.238
     1.325
     1.290
     1.506
     1.393
     1.315
     1.244
     1.199
     1.260
     1.202
     1.408
     0.952
     1.436
     1.383
     1.340
     1.259
     1.142
     1.410
     1.250
     1.332
     1.123
     1.337
     1.344
     1.125
     1.394
     1.238
     1.255
     1.329
     1.137
     1.353
     1.357
     1.326
     1.472
     1.199
     1.115
     1.325
     1.396
     1.260
     1.393
     1.255
     1.184
     1.561
     0.889
     1.280
     1.115
     1.507
     1.489
     1.430
     1.586
     1.203
     1.484
     1.220
     1.290
     1.383
     1.175
     1.293
     1.302
     1.241
     1.136
     1.177
     1.281
     1.430
     1.127
     1.285
     1.238
     1.363
     1.402
     1.300
     1.337
     1.343
     1.413
     1.398
     1.220
     1.447
     1.481
     1.133
     1.252
     1.171
     1.196
     1.244
     1.420
     1.177
     1.407
     1.313
     1.527
     1.168
     1.177
     1.176
     1.261
     1.219
     1.194
     1.208
     1.459
     1.108
     1.453
     1.408
     1.498
     1.361
     1.455
     1.215
     1.150
     1.329
     1.168
     1.197
     1.451
     1.378
     1.345
     1.399
     1.244
     1.053
     1.472
     1.297
     1.404
     1.377
     1.401
     1.305
     1.453
     1.240
     1.432
     1.406
     1.211
     1.591
     1.294
     1.102
     1.303
     1.122
     1.398
     1.193
     1.457
     1.275
     1.214
     1.414
     1.091
     1.240
     1.192
     1.293
     1.397
     1.339
     1.194
     1.469
     1.316
     1.189
     1.227
     1.258
     1.420
     1.249
     1.378
     1.116
     1.185
     1.311
     1.199
     0.912
     1.516
     1.147
     1.392
     1.465
     1.319
     1.248
     1.390
     1.382
     1.419
     1.149
     1.240
     1.553
     1.178
     1.215
     1.332
     1.199
     1.366
     1.457
     1.333
     1.395
     1.136
     1.189
     1.271
     1.500
     1.165
     1.168
     1.122
     1.385
     1.489
     1.172
     1.582
     1.299
     1.343
     1.180
     1.446
     1.144
     1.193
     1.015
     1.128
     1.439
     1.302
     1.160
     1.272
     1.340
     1.116
     1.198
     1.201
     1.319
     1.097
     1.357
     1.148
     1.395
     1.296
     1.441
     1.429
     1.168
     1.337
     1.329
     1.085
     1.076
     1.493
     1.213
     1.231
     1.269
     1.132
     1.211
     1.161
     1.213
     1.423
     1.235
     1.320
     1.292
     1.282
     1.547
     1.176
     1.453
     1.460
     1.480
     1.192
     0.952
     1.470
     1.214
     1.175
     1.171
     1.242
     1.306
     1.398
     1.251
     1.426
     1.314
     1.118
     1.532
     1.260
     1.147
     1.260
     1.408
     1.307
     1.110
     1.097
     1.487
     1.097
     1.222
     1.518
     1.210
     1.201
     1.268
     1.201
     1.127
     1.434
     1.226
     1.332
     1.157
     1.183
     1.294
     1.374
     1.322
     1.351
     1.306
     1.208
     1.074
     1.613
     1.311
     1.591
     1.153
     0.977
     1.276
     1.355
     1.252
     1.398
     1.210
     1.145
     1.255
     1.311
     1.209
     1.448
     1.199
     1.301
     1.301
     1.283
     1.341
     1.204
     1.363
     1.168
     1.476
     1.151
     1.444
     1.505
     1.404
     1.392
     1.243
     1.260
     1.291
     1.310
     1.420
     1.238
     1.356
     1.307
     1.242
     1.189
     1.272
     1.347
     1.263
     1.382
     1.436
     1.039
     1.193
     1.323
     0.804
     1.327
     1.383
     1.175
     1.167
     1.143
     1.126
     1.327
     1.259
     1.306
     1.281
     1.233
     1.209
     1.185
     1.227
     1.417
     1.580
     1.279
     1.274
     1.130
     1.205
     1.417
     1.465
     1.348
     1.445
     1.237
     1.430
     1.366
     1.317
     1.432
     1.550
     1.399
     1.267
     1.502
     1.356
     1.294
     1.390
     1.259
     1.229
     1.417
     1.073
     1.312
     1.346
     1.260
     1.166
     1.061
     1.441
     1.335
     1.499
     1.262
     1.098
     1.211
     1.324
     1.197
     1.420
     1.326
     1.321
     1.416
     1.203
     1.298
     1.358
     1.466
     1.444
     1.375
     1.183
     1.087
     1.301
     1.335
     1.177
     1.235
     1.313
     1.336
     1.184
     1.296
     1.355
     1.477
     1.381
     1.465
     1.326
     1.176
     1.463
     1.322
     1.206
     1.429
     1.322
     1.181
     1.469
     1.241
     1.415
     1.163
     1.341
     1.425
     1.462
     1.141
     1.188
     1.531
     1.195
     1.121
     1.421
     1.256
     1.247
     1.365
     1.204
     1.554
     1.253
     1.346
     1.061
     1.202
     1.190
     1.237
     1.181
     1.226
     1.418
     0.713
     1.353
     1.364
     1.214
     1.130
     1.373
     1.273
     1.328
     1.489
     1.171
     1.404
     1.415
     1.427
     1.313
     1.188
     1.224
     1.312
     1.161
     1.419
     1.548
     1.271
     1.437
     1.421
     1.243
     1.155
     1.440
     1.370
     1.427
     1.147
     1.116
     1.096
     1.303
     1.179
     1.526
     1.069
     1.240
     1.199
     1.475
     1.425
     1.190
     1.509
     1.235
     1.108
     0.955
     1.257
     1.335
     1.140
     1.250
     1.495
     1.350
     1.262
     1.463
     1.117
     1.226
     1.323
     1.320
     1.182
     1.495
     1.457
     1.466
     1.403
     1.087
     1.404
     1.254
     1.067
     1.295
     1.152
     1.213
     1.408
     1.267
     1.396
     1.203
     1.067
     1.465
     1.223
     1.303
     1.385
     1.113
     1.332
     1.300
     1.072
     1.229
     1.357
     1.159
     1.360
     1.457
     1.355
     1.402
     1.343
     1.394
     1.207
     1.243
     1.372
     1.344
     1.446
     1.285
     1.401
     1.309
     1.448
     1.365
     1.380
     1.373
     0.875
     1.122
     1.301
     1.264
     1.387
     1.361
     1.251
     1.172
     1.462
     1.248
     1.168
     1.386
     1.179
     1.350
     1.155
     1.444
     1.093
     1.294
     1.381
     1.161
     1.213
     1.429
     1.179
     1.489
     1.182
     1.449
     1.382
     1.287
     1.054
     1.342
     1.406
     1.126
     1.132
     1.343
     1.321
     1.382
     1.128
     0.904
     1.188
     1.206
     1.451
     1.142
     1.313
     1.219
     1.393
     1.204
     1.257
     1.266
     1.295
     1.190
     1.436
     1.457
     1.186
     1.386
     1.347
     1.369
     1.078
     1.293
     1.488
     1.475
     1.423
     1.429
     1.240
     1.430
     1.389
     1.330
     1.309
     1.303
     1.439
     1.160
     1.261
     1.216
     1.270
     1.185
     1.291
     1.335
     0.703
     1.161
     1.437
     1.499
     1.424
     1.434
     1.399
     1.179
     1.472
     1.461
     1.078
     1.362
     1.303
     1.431
     1.449
     1.421
     1.183
     1.353
     1.343
     1.454
     1.385
     1.155
     1.204
     1.371
     1.188
     1.136
     1.537
     1.229
     1.251
     1.165
     1.359
     1.307
     1.219
     1.333
     1.057
     1.188
     1.262
     1.512
     1.370
     1.434
     1.199
     1.478
     1.269
     1.282
     1.362
     1.179
     1.195
     1.396
     1.154
     1.408
     1.051
     1.465
     1.516
     1.436
     1.204
     1.319
     1.449
     1.276
     1.222
     1.193
     1.362
     1.395
     1.440
     1.162
     1.249
     1.376
     1.349
     1.450
     1.291
     1.498
     1.161
     1.155
     1.394
     1.219
     1.122
     1.317
     1.240
     1.151
     1.458
     1.281
     1.141
     1.341
     1.161
     1.246
     1.158
     1.236
     1.183
     1.291
     1.493
     1.127
     1.306
     1.257
     0.730
     1.036
     0.862
     1.427
     1.413
     1.254
     1.161
     1.237
     1.193
     1.353
     1.373
     1.293
     1.402
     1.341
     0.869
     1.388
     1.317
     1.236
     1.300
     1.335
     1.503
     1.380
     1.374
     1.173
     1.359
     1.009
     1.281
     1.455
     1.419
     1.167
     1.151
     1.400
     1.443
     1.408
     1.459
     1.562
     1.383
     1.268
     1.308
     1.322
     1.178
     1.218
     1.442
     1.453
     1.413
     1.448
     1.107
     1.111
     0.897
     1.197
     1.439
     1.427
     1.425
     1.205
     1.144
     1.279
     1.282
     1.213
     1.192
     1.407
     1.132
     1.383
     1.286
     1.213
     1.232
     1.143
     1.139
     1.342
     1.541
     1.172
     1.456
     1.366
     1.432
     1.314
     1.373
     1.144
     1.534
     1.269
     1.060
     1.356
     1.138
     1.147
     1.471
     1.383
     1.241
     1.213
     1.248
     1.118
     1.257
     1.221
     1.184
     1.180
     1.302
     1.365
     1.144
     1.472
     1.425
     1.466
     1.293
     1.111
     1.349
     1.343
     1.205
     1.291
     1.312
     1.402
     1.360
     1.439
     1.198
     1.221
     1.544
     1.433
     1.445
     1.462
     1.170
     1.252
     1.338
     1.332
     1.301
     1.357
     1.286
     1.300
     1.308
     1.212
     1.325
     1.361
     1.175
     1.515
     1.320
     1.136
     1.374
     1.399
     1.469
     1.431
     1.406
     1.478
     1.193
     1.155
     1.585
     1.108
     1.476
     1.150
     1.461
     1.328
     1.341
     1.371
     1.255
     1.511
     1.216
     1.380
     0.999
     1.328
     1.139
     1.176
     1.436
     1.255
     1.360
     1.309
     1.366
     1.398
     1.173
     1.476
     1.350
     1.421
     1.180
     1.568
     1.497
     1.507
     1.042
     1.158
     1.425
     1.447
     1.383
     1.329
     1.302
     1.405
     1.298
     1.451
     1.292
     1.407
     1.426
     1.245
     1.033
     1.381
     0.780
     1.463
     1.098
     1.145
     1.395
     1.220
     0.866
     1.318
     1.355
     1.318
     1.282
     1.354
     1.555
     1.139
     1.372
     1.385
     1.183
     1.364
     1.213
     1.160
     1.421
     1.410
     1.293
     1.403
     1.248
     1.444
     1.340
     1.325
     1.227
     1.293
     1.266
     1.349
     1.225
     1.174
     1.463
     1.164
     1.541
     1.274
     1.480
     1.354
     1.396
     0.920
     1.369
     1.445
     1.389
     1.425
     1.190
     1.313
     1.313
     1.448
     1.291
     1.250
     1.318
     1.320
     1.251
     1.356
     1.443
     1.386
     1.415
     1.338
     1.331
     1.166
     1.309
     1.429
     1.362
     1.349
     1.189
     1.163
     1.268
     1.429
     1.390
     1.193
     1.225
     1.162
     1.350
     1.271
     1.013
     1.283
     1.273
     1.133
     1.541
     1.581
     1.122
     1.311
     1.396
     1.224
     1.484
     1.168
     1.204
     1.415
     1.410
     1.224
     1.298
     1.406
     1.178
     1.066
     1.348
     1.456
     1.183
     1.373
     1.215
     1.414
     1.161
     1.258
     1.272
     1.505
     1.130
     1.088
     1.073
     1.411
     1.330
     1.508
     1.514
     1.376
     1.317
     1.512
     1.479
     1.282
     1.123
     1.125
     1.408
     1.381
     1.306
     1.106
     1.540
     1.044
     1.351
     1.209
     1.250
     1.443
     1.399
     1.324
     1.542
     1.334
     1.051
     1.376
     1.165
     1.491
     1.481
     1.172
     1.131
     1.311
     1.442
     1.528
     1.346
     1.129
     1.166
     1.213
     1.408
     1.301
     1.319
     1.159
     1.296
     1.121
     1.389
     1.137
     1.227
     1.313
     1.250
     1.298
     1.272
     1.549
     1.368
     1.148
     1.185
     1.291
     1.410
     1.189
     1.453
     1.003
     1.171
     1.203
     1.621
     1.406
     1.204
     1.188
     1.432
     1.232
     1.210
     1.418
     1.355
     1.259
     1.238
     1.312
     1.554
     1.172
     1.182
     1.104
     1.139
     1.377
     1.364
     1.404
     1.110
     1.364
     1.533
     1.386
     1.040
     1.145
     1.257
     1.458
     1.155
     1.508
     1.181
     1.402
     1.248
     1.450
     1.453
     1.266
     1.355
     1.210
     1.445
     1.315
     1.339
     1.398
     1.434
     1.380
     1.313
     1.305
     1.245
     1.113
     1.410
     1.443
     1.121
     1.322
     1.418
     1.441
     1.234
     1.153
     1.379
     1.333
     1.117
     1.159
     1.400
     1.249
     1.447
     1.422
     1.280
     1.234
     1.268
     1.338
     1.389
     1.248
     1.490
     1.371
     1.370
     1.317
     1.483
     1.353
     1.462
     1.424
     1.186
     1.450
     1.285
     1.497
     1.113
     1.409
     1.307
     1.355
     1.458
     1.473
     1.373
     1.333
     1.171
     1.326
     1.453
     1.193
     1.375
     1.328
     1.258
     1.524
     1.541
     1.538
     1.335
     1.472
     1.509
     1.134
     1.435
     1.500
     1.289
     1.418
     1.421
     1.459
     1.082
     1.394
     1.077
     1.518
     1.525
     1.433
     1.326
     1.189
     1.359
     1.371
     1.415
     1.527
     1.507
     1.470
     1.337
     1.496
     1.191
     1.482
     1.319
     1.307
     1.141
     1.414
     1.396
     1.299
     1.466
     1.319
     1.398
     1.179
     1.341
     1.323
     1.402
     1.086
     1.404
     1.234
     1.274
     1.322
     1.431
     1.335
     1.191
     1.312
     1.131
     1.412
     1.241
     1.349
     1.176
     1.182
     1.451
     1.323
     1.196
     1.203
     1.332
     1.052
     1.333
     0.983
     1.421
     1.459
     1.355
     1.108
     1.434
     1.289
     1.389
     1.126
     1.349
     1.384
     1.161
     1.286
     1.344
     1.394
     1.389
     1.262
     1.222
     1.234
     1.337
     1.148
     1.251
     1.338
     1.336
     1.161
     1.458
     1.219
     1.464
     1.229
     1.229
     1.425
     1.426
     1.358
     1.095
     1.052
     1.384
     1.166
     1.393
     1.186
     1.447
     1.373
     1.505
     1.195
     1.456
     1.154
     1.181
     1.143
     1.195
     1.133
     1.155
     1.250
     1.443
     1.283
     1.168
     1.343
     1.126
     1.255
     0.884
     1.255
     1.406
     1.119
     1.611
     1.319
     1.259
     1.294
     1.170
     1.462
     1.426
     1.238
     1.047
     1.515
     1.191
     1.307
     1.261
     1.128
     1.445
     1.383
     1.222
     1.432
     1.346
     1.172
     1.309
     1.469
     1.069
     1.561
     0.971
     1.079
     1.111
     1.188
     1.244
     1.336
     1.373
     1.290
     1.518
     1.145
     1.380
     1.486
     1.185
     1.263
     1.281
     1.113
     1.502
     1.323
     1.364
     1.343
     1.170
     1.381
     1.204
     1.206
     1.323
     1.322
     1.427
     1.456
     1.345
     1.138
     1.363
     1.528
     1.361
     1.276
     1.336
     1.431
     1.083
     1.356
     1.135
     1.147
     1.352
     1.281
     1.466
     1.276
     1.449
     1.246
     0.883
     1.219
     1.271
     1.332
     1.173
     1.394
     1.322
     1.083
     1.152
     1.318
     1.357
     1.451
     1.534
     1.484
     1.165
     1.403
     1.233
     1.107
     1.086
     1.434
     1.143
     1.079
     1.327
     1.243
     1.097
     1.204
     1.324
     1.503
     1.129
     1.373
     1.333
     1.320
     1.319
     1.422
     1.448
     1.415
     1.376
     1.141
     1.174
     1.366
     1.256
     1.421
     1.554
     1.323
     1.354
     1.371
     1.337
     1.161
     1.220
     1.417
     1.302
     1.464
     1.440
     1.301
     1.446
     1.315
     1.190
     1.347
     1.432
     1.295
     1.209
     1.511
     1.172
     1.270
     1.277
     1.153
     1.398
     1.408
     1.124
     1.445
     1.430
     1.373
     1.126
     1.402
     1.407
     1.394
     1.415
     1.322
     1.298
     1.355
     0.879
     1.271
     1.228
     1.489
     1.312
     1.420
     1.603
     1.324
     1.340
     1.286
     1.156
     1.345
     1.458
     1.399
     1.150
     1.310
     1.437
     1.462
     1.466
     1.068
     1.508
     1.333
     1.315
     1.451
     1.437
     1.313
     1.191
     1.221
     1.188
     1.434
     1.250
     1.395
     1.473
     1.309
     1.120
     1.176
     1.337
     1.421
     1.202
     1.162
     1.343
     1.314
     1.406
     1.327
     1.196
     1.534
     1.203
     1.416
     1.518
     1.072
     1.423
     1.456
     1.305
     1.317
     1.500
     1.137
     1.343
     1.208
     1.230
     1.535
     1.192
     1.355
     1.290
     1.164
     1.090
     1.213
     1.619
     1.372
     1.470
     1.430
     1.219
     1.051
     1.521
     1.508
     1.081
     1.146
     1.454
     1.096
     1.225
     1.353
     1.202
     1.187
     1.425
     1.114
     1.420
     1.287
     1.242
     1.192
     1.107
     1.325
     1.122
     1.342
     1.100
     1.311
     1.307
     1.432
     1.528
     1.535
     1.216
     1.375
     1.210
     1.259
     1.383
     1.415
     1.160
     1.409
     1.057
     1.305
     1.385
     1.261
     1.357
     1.220
     1.170
     1.573
     1.306
     1.320
     1.414
     1.402
     1.428
     1.289
     1.328
     1.408
     1.060
     1.492
     1.459
     1.342
     1.364
     1.265
     1.248
     1.470
     1.361
     1.188
     1.294
     1.236
     1.149
     1.383
     1.354
     1.134
     1.247
     1.317
     1.312
     1.426
     1.452
     1.362
     1.351
     1.037
     1.197
     1.290
     1.227
     1.383
     1.409
     1.433
     1.462
     1.143
     1.182
     1.355
     1.421
     1.169
     1.178
     1.227
     1.450
     1.407
     1.193
     1.106
     1.293
     1.375
     1.349
     1.166
     1.328
     1.303
     1.240
     1.244
     1.153
     1.413
     1.384
     1.242
     1.395
     1.373
     1.248
     1.285
     1.184
     1.086
     1.395
     1.149
     0.986
     1.105
     1.374
     1.364
     1.442
     1.382
     1.341
     1.132
     1.366
     1.109
     1.413
     1.281
     1.178
     1.440
     1.216
     1.199
     1.440
     1.142
     1.169
     1.598
     1.313
     1.256
     1.269
     1.353
     1.482
     1.289
     1.226
     1.180
     1.208
     1.141
     1.397
     1.267
     1.185
     1.077
     1.204
     1.544
     1.288
     1.264
     1.365
     1.294
     1.470
     1.291
     1.498
     1.494
     1.403
     1.274
     1.431
     1.200
     1.613
     1.415
     1.269
     1.288
     1.526
     1.259
     1.443
     1.338
     1.344
     1.074
     1.525
     1.162
     1.517
     1.306
     1.601
     1.150
     1.408
     1.206
     1.160
     1.173
     1.509
     1.347
     1.082
     1.430
     1.293
     1.185
     1.090
     1.157
     1.066
     1.469
     1.218
     1.153
     1.379
     1.429
     1.186
     1.140
     1.238
     1.482
     1.161
     1.444
     1.322
     1.278
     1.287
     1.145
     1.397
     1.138
     1.212
     0.748
     1.444
     1.582
     1.389
     1.395
     1.438
     1.444
     1.409
     1.407
     1.412
     1.477
     1.135
     1.141
     1.484
     1.217
     1.095
     1.094
     1.208
     1.204
     1.232
     1.209
     1.234
     1.303
     1.116
     1.280
     1.219
     1.411
     1.197
     1.177
     1.472
     1.304
     1.356
     1.169
     1.312
     1.423
     1.439
     1.296
     1.218
     1.451
     1.438
     1.364
     1.050
     1.289
     1.177
     1.427
     1.466
     1.484
     1.484
     1.348
     1.402
     1.194
     1.499
     0.938
     1.440
     1.468
     1.493
     1.455
     1.196
     1.475
     1.202
     1.152
     1.567
     1.248
     1.128
     1.455
     1.175
     1.333
     1.206
     1.225
     1.412
     1.192
     1.284
     1.470
     1.365
     1.123
     1.070
     1.340
     0.988
     1.211
     1.302
     1.305
     1.408
     1.110
     1.165
     1.458
     1.468
     1.468
     1.087
     1.409
     0.943
     1.431
     1.169
     1.177
     1.382
     1.171
     1.134
     1.150
     1.156
     1.060
     1.080
     1.334
     1.390
     1.227
     1.226
     1.446
     1.422
     1.487
     1.472
     1.012
     1.152
     1.103
     1.257
     1.207
     0.883
     1.369
     1.513
     1.442
     1.224
     1.426
     1.278
     1.495
     1.398
     1.388
     1.315
     1.193
     1.277
     1.359
     1.334
     1.329
     1.320
     1.583
     1.384
     1.294
     1.304
     1.256
     1.410
     1.397
     1.128
     1.319
     1.123
     1.539
     1.277
     1.396
     1.107
     1.175
     1.222
     1.259
     1.467
     1.423
     1.119
     1.308
     1.281
     1.472
     1.428
     1.269
     1.401
     1.449
     1.460
     1.312
     1.222
     1.222
     1.416
     1.528
     1.568
     1.387
     1.295
     1.444
     1.318
     1.423
     1.478
     1.185
     1.349
     1.237
     1.217
     0.967
     1.155
     1.415
     1.296
     1.161
     1.234
     1.229
     1.428
     1.192
     1.332
     1.022
     1.319
     1.256
     1.076
     1.438
     1.138
     1.384
     1.268
     1.493
     1.529
     1.173
     1.481
     1.265
     0.915
     1.194
     1.335
     1.352
     1.466
     1.318
     1.200
     1.264
     1.255
     1.399
     1.376
     1.296
     1.455
     1.328
     1.310
     1.253
     1.382
     1.268
     1.501
     1.445
     1.265
     1.125
     1.268
     1.358
     1.357
     1.008
     1.142
     1.503
     1.183
     1.324
     1.125
     1.361
     1.407
     1.422
     1.123
     1.316
     1.486
     1.135
     1.134
     1.290
     1.087
     1.331
     1.470
     1.443
     1.442
     1.570
     1.272
     1.236
     1.094
     1.158
     1.471
     1.455
     1.198
     1.431
     1.103
     1.309
     1.219
     1.256
     1.089
     1.183
     1.256
     1.341
     1.334
     1.155
     1.066
     1.167
     1.441
     1.297
     1.357
     1.412
     1.283
     1.356
     1.343
     1.465
     1.457
     1.399
     1.314
     1.531
     1.410
     1.374
     1.444
     1.443
     1.363
     1.242
     1.549
     1.104
     1.433
     1.444
     1.132
     1.358
     1.291
     1.276
     1.400
     1.391
     1.371
     1.453
     1.236
     1.242
     1.115
     1.415
     1.464
     1.259
     1.183
     1.461
     1.297
     1.455
     1.136
     1.364
     1.091
     1.335
     1.299
     1.331
     1.340
     1.434
     1.329
     1.351
     1.156
     1.404
     1.307
     1.422
     1.162
     1.433
     1.158
     1.362
     1.347
     1.144
     1.153
     1.220
     1.183
     1.443
     1.364
     1.424
     1.349
     1.366
     1.426
     1.385
     1.460
     1.386
     1.486
     1.174
     1.385
     1.316
     1.416
     1.165
     1.397
     1.128
     1.241
     1.405
     0.841
     1.489
     1.501
     1.138
     1.156
     1.231
     1.255
     1.304
     1.213
     1.298
     1.230
     1.241
     1.350
     1.415
     1.481
     1.219
     1.218
     1.202
     1.263
     1.478
     1.535
     1.285
     1.137
     1.447
     1.125
     1.345
     1.417
     1.610
     1.065
     1.342
     1.306
     1.278
     1.248
     1.336
     1.352
     1.541
     1.210
     1.403
     1.586
     1.251
     1.241
     1.191
     1.188
     1.190
     1.161
     1.425
     1.331
     1.135
     1.561
     1.090
     0.959
     1.422
     1.118
     1.387
     1.448
     1.376
     1.252
     1.382
     1.263
     1.260
     1.075
     1.256
     1.363
     1.481
     1.271
     1.159
     1.144
     1.350
     1.527
     1.371
     1.270
     1.411
     1.411
     1.424
     1.491
     1.473
     1.264
     1.269
     1.309
     1.192
     1.223
     1.309
     1.293
     1.241
     1.124
     1.474
     1.200
     1.336
     1.344
     1.450
     1.448
     1.198
     1.443
     1.296
     1.299
     1.337
     1.137
     1.353
     1.376
     1.311
     1.152
     1.364
     1.214
     1.354
     1.487
     1.171
     1.305
     1.209
     1.222
     1.502
     1.445
     1.311
     1.211
     1.240
     1.129
     1.345
     1.270
     1.328
     1.383
     1.479
     1.523
     1.142
     1.097
     1.262
     1.598
     1.338
     1.538
     1.513
     1.411
     1.193
     1.332
     1.546
     1.513
     1.338
     1.460
     1.226
     1.298
     1.342
     1.299
     1.403
     1.599
     1.162
     1.120
     1.444
     1.318
     1.210
     1.268
     0.958
     1.357
     1.433
     1.144
     1.395
     1.414
     1.197
     1.368
     1.427
     1.424
     1.283
     1.522
     1.413
     1.194
     1.392
     1.018
     1.233
     1.167
     1.156
     1.045
     1.317
     1.266
     1.490
     1.266
     1.340
     1.402
     1.113
     1.398
     1.370
     1.290
     1.187
     1.044
     1.288
     1.301
     1.406
     1.018
     1.181
     1.010
     1.174
     1.131
     1.217
     1.312
     1.428
     1.175
     1.425
     0.979
     1.160
     1.326
     1.453
     1.200
     1.257
     1.264
     1.163
     1.464
     1.210
     1.350
     1.394
     1.474
     1.188
     1.217
     1.483
     1.108
     1.241
     1.448
     1.337
     1.414
     1.168
     1.418
     1.344
     1.174
     1.279
     1.283
     1.452
     1.318
     1.339
     1.496
     1.383
     1.450
     1.443
     1.212
     1.244
     1.280
     1.368
     1.357
     1.168
     1.538
     1.252
     1.319
     1.334
     1.493
     1.398
     1.111
     1.453
     1.225
     1.403
     1.279
     1.266
     1.290
     1.285
     1.455
     1.174
     1.337
     1.105
     1.311
     1.164
     1.247
     1.340
     1.390
     1.234
     1.285
     1.310
     1.119
     1.104
     1.417
     1.161
     1.316
     1.489
     1.124
     1.372
     1.416
     1.147
     1.415
     1.460
     1.470
     0.937
     1.167
     1.434
     0.969
     1.589
     1.326
     1.355
     1.408
     1.520
     1.334
     1.149
     1.392
     1.157
     1.223
     1.473
     1.473
     1.228
     1.407
     1.176
     1.374
     1.207
     1.225
     1.474
     1.303
     1.314
     1.419
     1.371
     1.283
     1.322
     1.401
     1.213
     1.327
     1.222
     1.172
     1.469
     1.505
     1.234
     1.484
     1.307
     1.485
     1.364
     1.141
     1.378
     1.340
     1.455
     1.102
     1.348
     1.414
     0.970
     1.402
     1.059
     1.231
     1.433
     1.435
     1.299
     1.231
     1.375
     1.234
     1.490
     1.071
     1.568
     1.374
     1.143
     1.448
     1.129
     1.440
     1.273
     1.113
     1.430
     1.480
     1.181
     1.180
     1.476
     1.200
     1.337
     1.224
     1.391
     1.376
     1.304
     1.114
     1.415
     1.202
     1.227
     1.056
     1.238
     1.325
     1.296
     1.304
     1.229
     1.327
     1.252
     1.297
     1.132
     1.227
     1.218
     1.390
     1.178
     1.384
     1.124
     1.036
     1.317
     1.146
     1.193
     1.083
     1.130
     1.195
     1.369
     1.449
     1.397
     1.139
     1.206
     1.034
     1.187
     1.267
     1.138
     1.126
     1.407
     1.356
     1.478
     1.376
     1.407
     1.115
     1.463
     1.269
     1.157
     1.421
     1.231
     1.321
     1.165
     1.235
     1.329
     1.410
     1.205
     1.003
     1.383
     1.284
     1.147
     1.431
     1.319
     1.460
     1.349
     1.405
     1.433
     1.310
     1.434
     1.346
     1.427
     1.187
     1.400
     1.524
     1.309
     1.158
     1.376
     1.376
     1.221
     1.302
     1.407
     1.240
     1.295
     1.441
     1.443
     1.214
     1.103
     1.507
     1.498
     1.208
     1.226
     1.468
     1.199
     1.366
     1.514
     1.246
     1.317
     1.352
     1.392
     1.236
     1.257
     1.216
     1.176
     1.394
     1.358
     1.170
     1.062
     1.147
     1.196
     1.307
     1.325
     1.143
     1.156
     1.347
     1.301
     1.416
     1.314
     1.005
     1.451
     1.310
     1.358
     1.173
     1.371
     1.256
     1.288
     1.248
     1.380
     1.515
     1.484
     1.444
     1.157
     1.133
     1.231
     1.423
     1.286
     0.920
     1.373
     0.988
     1.203
     1.181
     1.332
     1.373
     1.297
     1.447
     1.219
     1.133
     1.469
     1.229
     1.060
     1.165
     0.770
     1.483
     1.394
     1.441
     1.355
     1.196
     1.174
     1.499
     1.383
     1.385
     1.170
     1.432
     1.422
     1.331
     1.164
     1.403
     1.302
     1.457
     1.319
     1.282
     1.410
     1.170
     0.985
     1.104
     1.554
     1.281
     1.267
     1.500
     1.239
     1.299
     1.254
     1.368
     1.356
     1.185
     1.030
     1.508
     1.407
     1.193
     1.356
     1.279
     1.368
     1.305
     1.449
     1.387
     1.189
     1.213
     1.298
     1.405
     1.137
     1.180
     1.179
     1.277
     1.240
     1.465
     1.083
     1.077
     1.184
     1.226
     1.040
     1.267
     1.226
     1.221
     1.215
     1.360
     1.360
     1.110
     1.323
     1.286
     1.491
     1.135
     1.425
     1.291
     1.271
     1.130
     1.332
     1.436
     1.401
     1.311
     1.093
     1.126
     1.051
     1.221
     1.361
     1.207
     1.465
     1.471
     1.420
     1.351
     1.183
     1.314
     1.312
     1.384
     1.244
     1.310
     1.351
     1.108
     1.184
     1.118
     1.327
     1.390
     1.303
     1.099
     1.095
     1.146
     1.256
     1.212
     1.450
     1.344
     1.394
     1.319
     1.256
     0.963
     1.436
     1.226
     1.176
     1.390
     1.258
     1.208
     1.467
     1.417
     1.180
     1.271
     1.186
     1.105
     1.223
     1.318
     1.171
     1.304
     1.239
     1.266
     1.215
     1.086
     1.179
     1.411
     1.158
     1.129
     1.163
     1.274
     1.553
     1.197
     1.128
     1.057
     1.182
     1.412
     1.491
     1.402
     1.192
     1.355
     1.446
     1.351
     1.476
     1.201
     1.205
     1.412
     1.112
     1.351
     1.374
     1.265
     1.284
     1.149
     1.516
     1.476
     1.156
     1.274
     1.124
     1.243
     1.269
     1.340
     1.430
     1.446
     1.131
     1.367
     1.115
     1.242
     1.217
     1.197
     1.112
     1.415
     1.403
     1.381
     1.403
     1.092
     1.378
     1.069
     1.173
     1.163
     1.183
     1.447
     1.285
     1.470
     1.449
     1.219
     1.190
     1.188
     1.347
     1.293
     1.451
     1.127
     1.118
     1.288
     1.142
     1.342
     1.121
     1.168
     1.455
     1.153
     1.014
     1.449
     1.415
     1.361
     1.309
     1.417
     1.455
     1.344
     1.294
     1.347
     1.359
     1.516
     1.340
     1.222
     0.996
     1.229
     1.145
     1.401
     1.331
     1.396
     1.262
     1.546
     1.302
     1.191
     1.136
     1.262
     1.346
     1.476
     1.106
     1.198
     0.607
     1.266
     1.259
     1.415
     1.174
     1.227
     1.472
     1.391
     1.477
     1.258
     1.299
     1.389
     1.362
     1.155
     1.246
     1.424
     1.269
     1.504
     1.211
     1.380
     1.396
     1.275
     1.135
     1.409
     1.385
     1.538
     1.346
     1.295
     1.443
     1.283
     1.188
     1.122
     1.153
     1.196
     1.252
     1.447
     1.425
     1.402
     1.112
     1.183
     1.219
     1.414
     1.307
     1.190
     1.359
     1.223
     1.318
     1.258
     1.126
     1.076
     1.310
     1.168
     1.242
     1.339
     1.094
     1.376
     1.363
     1.237
     1.250
     1.161
     1.202
     1.436
     1.183
     1.451
     1.516
     0.950
     1.313
     1.195
     1.410
     1.164
     1.551
     1.151
     1.341
     1.172
     1.266
     1.350
     1.410
     1.218
     1.402
     1.358
     1.174
     1.342
     1.306
     1.411
     1.295
     1.195
     1.148
     1.158
     1.368
     1.093
     1.421
     1.177
     1.455
     1.592
     1.071
     1.155
     1.405
     1.128
     1.448
     1.264
     1.352
     1.435
     1.174
     1.166
     1.201
     1.244
     1.304
     1.399
     1.361
     1.205
     1.335
     1.203
     1.377
     1.324
     1.322
     1.340
     1.532
     1.272
     1.401
     1.368
     1.146
     1.455
     1.420
     1.183
     1.330
     1.536
     1.275
     1.167
     1.262
     1.191
     1.157
     1.368
     1.508
     1.422
     1.464
     1.419
     1.175
     1.212
     1.369
     1.457
     1.378
     1.281
     1.142
     1.445
     1.196
     1.290
     1.148
     1.185
     1.177
     1.464
     1.131
     1.110
     1.229
     1.348
     1.172
     1.401
     1.097
     1.365
     1.368
     1.113
     1.128
     1.268
     1.391
     1.597
     1.088
     1.464
     1.219
     1.432
     1.433
     1.196
     1.423
     1.297
     1.172
     1.186
     1.234
     1.472
     1.364
     1.077
     1.289
     1.508
     1.559
     1.236
     1.357
     1.068
     1.182
     1.303
     1.207
     1.141
     1.270
     1.204
     1.190
     1.322
     1.268
     1.189
     1.258
     1.339
     1.356
     1.179
     1.287
     1.513
     1.187
     1.469
     1.401
     1.055
     1.238
     1.211
     1.139
     1.398
     1.407
     1.380
     1.179
     1.408
     1.291
     1.246
     1.362
     1.213
     1.387
     1.468
     1.373
     1.178
     1.105
     1.413
     1.377
     1.453
     1.246
     1.105
     1.376
     1.160
