     1.715
     1.825
     1.717
     1.711
     1.692
     1.665
     1.611
     1.561
     1.547
     1.538
     1.529
     1.543
     1.570
     1.581
     1.578
     1.572
     1.554
     1.540
     1.532
     1.540
     1.552
     1.574
     1.599
     1.615
     1.623
     1.627
     1.633
     1.640
     1.652
     1.659
     1.671
     1.674
     1.679
     1.676
     1.685
     1.683
     1.678
     1.663
     1.662
     1.664
     1.702
     1.714
     1.721
     1.739
     1.743
     1.769
     1.774
     1.775
     1.766
     1.755
     1.741
     1.721
     1.717
     1.692
     1.673
     1.640
     1.615
     1.580
     1.550
     1.527
     1.502
     1.486
     1.488
     1.505
     1.514
     1.527
     1.539
     1.546
     1.551
     1.540
     1.527
     1.520
     1.515
     1.508
     1.506
     1.525
     1.545
     1.573
     1.631
     1.683
     1.735
     1.760
     1.748
     1.754
     1.761
     1.758
     1.830
     1.888
     2.004
     2.075
     2.097
     2.095
     2.082
     2.058
     2.022
     2.002
     1.981
     1.962
     1.940
     1.915
     1.822
     1.740
     1.661
     1.617
     1.594
     1.577
     1.581
     1.649
     1.678
     1.728
     1.781
     1.854
     1.885
     1.879
     1.876
     1.890
     1.887
     1.903
     1.880
     1.885
     1.884
     1.880
     1.880
     1.869
     1.851
     1.805
     1.747
     1.698
     1.664
     1.651
     1.704
     1.797
     1.828
     1.843
     1.838
     1.813
     1.794
     1.796
     1.872
     1.904
     1.912
     1.928
     1.986
     2.044
     2.089
     2.127
     2.153
     2.159
     2.154
     2.146
     2.135
     2.114
     2.100
     2.069
     2.045
     2.042
     2.044
     2.049
     2.074
     2.088
     2.058
     2.015
     1.964
     1.897
     1.785
     1.725
     1.657
     1.673
     1.692
     1.709
     1.717
     1.729
     1.743
     1.751
     1.756
     1.759
     1.787
     1.785
     1.790
     1.831
     1.885
     1.960
     2.034
     2.106
     2.152
     2.164
     2.160
     2.149
     2.134
     2.126
     2.110
     2.092
     2.072
     2.051
     2.041
     2.028
     2.030
     2.035
     2.035
     2.027
     2.006
     1.980
     1.947
     1.916
     1.888
     1.848
     1.794
     1.720
     1.688
     1.737
     1.784
     1.811
     1.836
     1.867
     1.920
     1.978
     2.009
     2.023
     2.015
     1.988
     1.943
     1.853
     1.748
     1.561
     1.460
     1.577
     1.647
     1.742
     1.827
     1.896
     1.948
     1.997
     2.010
     2.014
     2.011
     2.008
     1.965
     1.921
     1.865
     1.781
     1.674
     1.578
     1.610
     1.718
     1.740
     1.738
     1.725
     1.721
     1.719
     1.720
     1.739
     1.755
     1.768
     1.768
     1.753
     1.739
     1.712
     1.668
     1.617
     1.568
     1.523
     1.509
     1.494
     1.489
     1.492
     1.490
     1.507
     1.540
     1.571
     1.592
     1.637
     1.667
     1.692
     1.706
     2.229
     1.797
     1.787
     2.093
     2.036
     1.841
     1.796
     1.580
     1.760
     1.865
     1.958
     2.113
     1.969
     1.718
     1.938
     2.027
     2.048
     2.068
     1.637
     1.599
     1.469
     2.007
     2.238
     1.699
     2.087
     1.879
     1.865
     1.519
     1.818
     2.057
     1.726
     1.929
     1.550
     1.591
     1.729
     1.446
     1.795
     1.607
     1.733
     1.912
     1.705
     1.150
     1.771
     1.668
     1.893
     1.957
     2.043
     1.973
     1.747
     1.792
     1.589
     1.815
     2.140
     2.039
     1.806
     2.075
     2.036
     1.955
     1.862
     1.986
     2.031
     1.997
     2.099
     2.057
     2.122
     1.319
     1.817
     2.022
     2.040
     1.704
     1.940
     0.953
     2.136
     1.588
     1.658
     2.109
     1.758
     2.100
     1.415
     1.756
     1.438
     1.571
     1.482
     1.803
     2.137
     1.567
     1.621
     2.268
     2.123
     1.501
     1.785
     2.021
     1.203
     1.675
     1.761
     1.941
     1.577
     1.595
     2.040
     1.809
     1.771
     1.656
     1.443
     1.871
     1.651
     1.606
     1.822
     1.807
     1.533
     1.723
     1.794
     1.990
     1.809
     1.932
     2.021
     1.881
     1.567
     1.497
     1.902
     2.114
     1.787
     1.965
     1.922
     1.912
     1.652
     1.709
     1.810
     1.765
     1.939
     1.599
     1.990
     1.817
     1.932
     2.000
     2.083
     1.442
     2.059
     1.896
     1.871
     1.886
     1.383
     2.069
     1.909
     1.691
     1.867
     2.027
     1.861
     1.563
     1.666
     1.546
     2.038
     1.565
     1.752
     1.808
     2.062
     1.634
     1.962
     1.613
     1.835
     2.151
     1.908
     1.806
     1.667
     1.735
     1.723
     1.800
     1.789
     1.702
     1.791
     2.033
     2.118
     1.934
     1.766
     1.780
     1.976
     1.760
     1.895
     1.584
     1.751
     1.641
     1.941
     1.570
     1.813
     2.143
     2.122
     1.916
     1.615
     1.870
     1.869
     1.603
     2.121
     1.881
     1.983
     2.090
     2.073
     1.956
     1.725
     1.840
     1.617
     2.030
     2.168
     2.016
     1.914
     2.154
     1.632
     1.596
     1.848
     2.157
     1.895
     2.094
     1.609
     2.208
     1.911
     1.874
     1.892
     1.697
     1.723
     1.808
     1.710
     1.297
     1.942
     1.629
     1.607
     2.139
     2.231
     1.763
     1.769
     1.967
     1.590
     1.536
     1.850
     1.404
     1.521
     2.078
     1.972
     1.853
     1.933
     2.047
     0.927
     1.516
     1.972
     1.893
     1.553
     1.961
     1.634
     1.527
     2.172
     1.603
     1.768
     1.954
     1.577
     1.898
     1.668
     1.797
     1.721
     2.087
     1.649
     1.703
     1.861
     2.086
     2.204
     1.884
     1.797
     1.995
     1.873
     1.409
     2.202
     1.925
     1.686
     1.609
     1.958
     2.100
     2.049
     1.923
     1.681
     1.424
     1.864
     2.090
     1.601
     1.970
     2.057
     1.563
     1.781
     1.619
     1.793
     1.928
     1.893
     1.969
     1.641
     1.912
     1.714
     2.077
     1.538
     1.993
     1.820
     1.926
     1.587
     1.852
     1.859
     1.965
     2.233
     1.808
     1.692
     2.082
     2.050
     2.007
     2.012
     2.027
     1.538
     1.834
     1.594
     2.246
     1.687
     1.999
     1.725
     1.736
     1.461
     1.820
     1.772
     1.562
     1.772
     1.976
     1.508
     1.706
     1.911
     1.918
     1.401
     1.615
     1.708
     1.856
     1.580
     1.579
     2.070
     1.795
     1.535
     1.590
     2.057
     2.070
     1.658
     1.973
     1.371
     1.557
     1.735
     1.700
     1.854
     2.047
     1.738
     1.573
     1.742
     1.690
     1.859
     2.144
     2.177
     1.944
     2.034
     1.680
     2.016
     1.744
     1.798
     2.182
     1.943
     1.750
     1.878
     1.619
     1.971
     2.067
     1.761
     1.776
     1.721
     1.858
     1.825
     1.779
     1.554
     1.862
     1.873
     2.084
     2.012
     1.624
     1.259
     2.097
     1.667
     1.914
     1.501
     2.053
     1.946
     1.921
     1.845
     1.839
     2.028
     1.682
     1.886
     1.786
     2.178
     2.166
     1.966
     1.887
     1.054
     1.980
     1.769
     1.930
     1.616
     2.068
     1.630
     1.417
     1.960
     1.778
     1.385
     1.572
     1.620
     1.496
     1.882
     1.583
     1.765
     2.058
     1.711
     1.951
     1.644
     1.457
     1.146
     2.122
     2.062
     1.870
     1.657
     1.813
     1.686
     2.110
     1.782
     1.730
     2.191
     1.808
     1.930
     1.746
     1.986
     2.104
     1.849
     1.599
     1.570
     1.881
     2.000
     2.108
     1.667
     1.840
     1.964
     1.874
     1.822
     1.579
     1.790
     1.980
     1.894
     1.790
     1.613
     1.570
     1.808
     1.884
     1.598
     1.838
     1.798
     2.023
     1.941
     1.838
     2.002
     1.833
     1.698
     1.812
     1.637
     1.766
     1.867
     1.878
     1.846
     1.894
     1.923
     1.612
     1.995
     2.127
     1.728
     1.672
     2.090
     1.870
     1.553
     1.622
     1.809
     1.317
     2.053
     1.704
     1.615
     1.577
     1.875
     1.981
     1.624
     2.121
     2.039
     1.884
     1.896
     1.812
     2.125
     1.832
     1.658
     1.619
     1.658
     1.958
     1.988
     2.053
     2.035
     1.716
     2.138
     1.946
     2.174
     1.863
     1.754
     1.748
     1.966
     1.863
     1.472
     1.669
     0.752
     2.095
     1.728
     1.944
     1.599
     1.722
     1.558
     1.721
     1.378
     1.853
     2.193
     1.598
     1.978
     1.803
     1.372
     1.846
     1.558
     1.601
     1.645
     1.575
     1.812
     1.666
     1.924
     2.092
     1.612
     2.112
     2.262
     1.990
     2.129
     1.658
     1.610
     1.588
     1.660
     1.724
     1.922
     1.607
     1.742
     1.941
     1.737
     1.931
     2.111
     1.890
     1.485
     2.140
     2.059
     1.622
     1.628
     2.014
     1.729
     2.048
     2.115
     1.877
     1.964
     1.957
     1.953
     1.381
     2.026
     1.249
     1.672
     1.812
     1.874
     1.542
     1.713
     1.860
     1.775
     1.873
     1.873
     1.935
     1.579
     1.852
     2.064
     2.079
     2.095
     1.632
     2.146
     1.994
     2.014
     1.513
     1.924
     1.580
     1.619
     2.061
     1.745
     1.959
     1.604
     2.117
     2.055
     1.886
     1.687
     1.910
     1.640
     1.433
     1.796
     1.680
     1.740
     1.757
     1.641
     1.483
     2.004
     1.860
     2.006
     1.634
     1.589
     1.711
     1.937
     1.709
     1.929
     2.146
     1.855
     1.577
     1.382
     1.976
     1.886
     1.518
     1.908
     1.841
     1.611
     1.602
     1.976
     1.978
     1.715
     1.470
     1.500
     2.118
     1.629
     1.859
     2.097
     2.070
     1.477
     1.837
     1.872
     2.166
     1.955
     1.762
     1.721
     2.102
     1.907
     2.092
     2.056
     2.019
     1.566
     1.919
     1.908
     1.895
     1.280
     2.047
     1.614
     1.899
     1.822
     1.981
     1.580
     1.873
     1.758
     1.741
     1.666
     2.024
     1.814
     2.100
     2.187
     2.179
     1.167
     2.135
     2.073
     1.906
     1.341
     1.986
     2.124
     1.915
     2.251
     2.096
     2.030
     1.676
     1.554
     1.738
     1.667
     2.037
     1.923
     1.844
     1.634
     2.084
     1.863
     2.168
     1.767
     1.878
     1.634
     1.653
     2.060
     1.748
     2.148
     2.096
     2.049
     1.942
     2.061
     2.036
     1.702
     1.829
     1.638
     1.876
     2.103
     2.046
     1.893
     1.900
     1.823
     1.809
     1.599
     1.651
     1.976
     1.831
     2.074
     1.648
     1.566
     2.015
     1.891
     2.122
     1.605
     1.953
     1.566
     1.983
     1.991
     1.625
     2.031
     1.732
     2.195
     2.039
     1.632
     2.107
     1.657
     1.680
     1.723
     2.019
     1.916
     1.638
     1.206
     2.000
     1.728
     1.803
     1.979
     1.976
     2.204
     1.950
     1.973
     1.962
     2.076
     1.921
     2.034
     1.754
     1.740
     1.615
     2.163
     1.735
     2.233
     1.940
     1.925
     1.688
     2.062
     1.810
     1.657
     1.816
     2.020
     1.594
     1.851
     1.696
     1.697
     1.704
     1.959
     2.114
     0.988
     2.157
     1.915
     1.596
     2.124
     1.884
     2.108
     2.075
     1.453
     1.929
     1.633
     1.153
     1.850
     1.496
     1.698
     1.761
     1.970
     1.562
     2.120
     2.238
     1.999
     1.715
     1.534
     2.039
     2.130
     1.566
     1.959
     1.678
     1.598
     1.813
     2.120
     1.790
     2.103
     1.723
     1.178
     1.762
     1.805
     1.821
     2.011
     1.814
     2.017
     2.203
     1.897
     1.004
     1.584
     1.696
     1.839
     1.891
     1.655
     1.713
     1.920
     1.872
     1.942
     1.940
     1.834
     1.871
     1.699
     2.150
     1.659
     1.922
     1.847
     1.553
     1.560
     1.879
     1.947
     2.265
     1.777
     1.642
     1.252
     1.960
     1.989
     1.319
     2.010
     2.145
     1.555
     2.004
     1.922
     1.825
     2.024
     1.913
     1.555
     1.474
     1.585
     2.217
     1.823
     1.574
     1.519
     1.625
     1.986
     1.755
     1.321
     2.119
     2.049
     1.727
     2.115
     1.985
     1.626
     1.858
     2.064
     1.904
     1.763
     1.595
     1.782
     1.684
     2.108
     1.953
     1.741
     1.393
     1.808
     1.630
     1.988
     1.956
     1.976
     2.044
     1.783
     1.641
     1.796
     1.588
     2.121
     1.625
     1.762
     1.812
     1.747
     1.757
     1.889
     1.877
     1.926
     1.627
     1.894
     1.483
     1.952
     1.911
     2.071
     1.634
     1.615
     1.557
     1.784
     1.828
     1.903
     1.592
     2.124
     1.820
     2.211
     1.650
     1.577
     1.703
     1.551
     1.676
     1.980
     1.911
     2.106
     1.891
     1.610
     1.537
     1.819
     1.948
     1.832
     1.646
     1.716
     2.039
     1.688
     1.614
     1.646
     1.875
     1.590
     1.961
     1.790
     1.562
     1.665
     2.080
     2.144
     1.680
     1.726
     1.793
     1.699
     1.613
     1.725
     2.064
     2.239
     1.693
     1.514
     1.836
     1.180
     1.888
     2.196
     1.622
     1.500
     1.958
     1.872
     2.002
     1.672
     1.980
     1.931
     1.851
     1.965
     1.998
     1.319
     1.665
     2.012
     2.109
     1.873
     1.740
     1.900
     2.062
     1.623
     1.120
     2.008
     1.661
     2.111
     1.880
     1.790
     2.165
     1.834
     1.845
     1.438
     2.004
     1.971
     2.046
     2.214
     1.926
     1.646
     1.561
     1.970
     1.837
     2.159
     1.996
     2.067
     1.148
     1.935
     1.772
     1.828
     1.789
     1.582
     1.542
     1.792
     1.844
     1.962
     1.999
     1.992
     1.538
     1.813
     1.694
     1.582
     2.249
     1.697
     2.055
     2.041
     1.950
     2.224
     2.053
     1.957
     1.981
     2.161
     1.999
     1.963
     1.699
     2.200
     1.722
     2.015
     1.801
     1.910
     1.476
     1.993
     1.881
     1.592
     1.742
     1.560
     1.913
     2.053
     1.859
     1.827
     1.756
     1.881
     1.923
     1.560
     1.918
     2.087
     2.117
     1.810
     1.634
     1.908
     2.065
     1.905
     1.772
     1.865
     1.837
     1.561
     1.843
     1.926
     2.025
     2.046
     1.592
     1.888
     2.033
     1.601
     1.969
     1.379
     1.945
     1.618
     1.850
     1.858
     2.143
     1.774
     1.963
     1.693
     2.041
     1.628
     1.549
     1.746
     1.465
     1.779
     1.558
     1.804
     1.784
     1.619
     2.074
     1.764
     1.603
     1.591
     1.854
     2.160
     1.966
     1.887
     0.977
     1.927
     1.916
     1.967
     1.867
     2.055
     1.780
     1.833
     1.751
     1.923
     1.492
     1.995
     1.632
     2.085
     1.290
     1.585
     2.017
     1.543
     1.726
     1.607
     1.600
     1.698
     1.892
     1.673
     1.576
     2.006
     1.582
     2.127
     1.606
     1.800
     1.854
     2.022
     1.504
     1.612
     1.647
     1.677
     1.907
     2.060
     1.813
     1.715
     1.706
     1.765
     2.062
     1.724
     1.487
     1.583
     1.820
     1.527
     1.659
     1.807
     1.863
     2.040
     2.155
     1.950
     1.641
     2.108
     1.779
     1.815
     1.600
     1.819
     1.053
     1.942
     1.937
     1.748
     1.905
     1.894
     1.969
     1.559
     1.791
     1.633
     2.204
     1.495
     1.930
     1.618
     1.549
     1.861
     1.883
     1.885
     1.999
     1.081
     1.645
     1.519
     1.504
     1.863
     2.049
     1.848
     1.860
     1.601
     1.894
     1.609
     1.933
     1.568
     1.579
     2.023
     1.843
     1.920
     1.425
     1.665
     1.974
     1.795
     1.596
     1.775
     1.773
     1.708
     2.082
     1.698
     1.983
     2.044
     2.027
     2.041
     1.873
     1.599
     1.861
     1.895
     2.032
     1.832
     2.061
     1.867
     2.082
     1.984
     2.126
     1.761
     1.751
     2.092
     2.035
     1.665
     1.586
     1.650
     1.385
     1.981
     1.522
     1.905
     1.781
     1.837
     1.804
     1.928
     1.892
     1.754
     1.664
     1.625
     1.644
     1.470
     1.520
     1.856
     1.844
     1.914
     1.565
     1.795
     1.081
     1.852
     2.061
     1.874
     1.693
     1.662
     2.227
     1.819
     1.817
     2.027
     1.888
     1.724
     1.569
     1.573
     1.569
     2.230
     1.847
     2.004
     1.856
     1.568
     1.706
     1.836
     1.911
     1.882
     1.629
     1.695
     1.943
     1.459
     1.833
     1.834
     1.791
     2.161
     1.678
     1.934
     1.521
     2.187
     1.937
     1.874
     1.737
     2.093
     1.625
     1.727
     2.247
     1.922
     2.082
     1.771
     2.119
     2.051
     1.976
     2.191
     2.143
     1.767
     1.802
     2.008
     1.854
     1.035
     2.106
     1.652
     2.068
     2.090
     1.635
     1.446
     1.622
     2.049
     1.511
     2.014
     1.757
     1.771
     1.784
     2.139
     1.976
     0.809
     1.742
     1.644
     1.627
     1.706
     1.860
     1.711
     1.565
     1.817
     1.684
     1.721
     2.077
     1.975
     1.718
     1.956
     1.837
     1.585
     1.725
     1.779
     1.540
     1.582
     1.724
     1.950
     1.737
     1.417
     1.703
     1.389
     1.587
     1.813
     1.758
     1.717
     1.743
     1.862
     1.722
     1.393
     1.964
     1.548
     1.537
     1.604
     1.883
     2.029
     1.621
     1.693
     1.810
     2.079
     1.876
     1.286
     1.687
     2.111
     1.908
     1.720
     1.820
     1.578
     1.532
     1.831
     1.674
     1.593
     1.953
     1.808
     1.694
     2.075
     1.539
     1.805
     1.865
     2.176
     1.848
     1.973
     1.754
     1.665
     1.780
     1.843
     2.168
     1.901
     1.521
     1.706
     1.966
     1.666
     1.952
     2.107
     1.764
     1.784
     1.890
     1.916
     1.712
     2.027
     1.936
     2.074
     1.569
     1.613
     1.391
     1.745
     2.028
     1.913
     1.709
     1.940
     1.605
     1.994
     1.817
     1.930
     1.643
     1.775
     1.864
     1.655
     2.115
     1.761
     1.562
     2.185
     2.187
     1.743
     1.226
     1.713
     1.651
     2.007
     1.709
     1.649
     1.176
     2.112
     1.481
     1.869
     1.639
     1.868
     2.106
     1.884
     1.822
     1.713
     1.875
     1.928
     2.029
     1.931
     1.645
     1.862
     1.649
     2.155
     1.822
     1.749
     1.834
     1.899
     1.785
     2.091
     1.776
     1.844
     1.769
     1.874
     2.001
     1.788
     2.181
     1.877
     1.330
     1.862
     1.750
     2.008
     1.698
     2.056
     1.944
     1.586
     1.601
     2.081
     1.677
     1.600
     1.827
     1.902
     1.540
     2.005
     2.189
     1.978
     1.571
     1.524
     2.023
     1.664
     2.085
     1.847
     1.723
     2.007
     1.858
     1.589
     1.271
     1.661
     1.853
     1.961
     2.032
     1.711
     1.869
     1.314
     1.980
     2.116
     2.108
     1.858
     1.886
     1.934
     1.607
     1.653
     1.563
     1.919
     2.156
     1.852
     1.853
     2.146
     1.970
     1.742
     2.107
     2.091
     1.867
     1.830
     1.745
     1.844
     1.580
     2.185
     2.093
     1.625
     1.867
     1.561
     1.804
     1.988
     1.889
     2.116
     2.015
     1.704
     1.951
     1.533
     1.647
     2.031
     2.064
     1.794
     1.784
     1.617
     1.159
     1.732
     1.709
     2.121
     1.446
     1.598
     2.014
     1.846
     2.131
     1.702
     1.864
     1.831
     1.584
     1.966
     1.882
     2.027
     1.984
     1.820
     1.581
     1.762
     1.589
     1.577
     1.662
     2.058
     2.130
     1.747
     1.620
     1.918
     1.577
     1.824
     1.991
     2.045
     1.790
     1.552
     2.037
     1.767
     1.803
     1.214
     2.131
     1.927
     1.574
     1.830
     1.535
     1.596
     1.826
     1.519
     2.117
     1.706
     1.934
     1.560
     1.610
     2.050
     1.620
     1.665
     1.751
     2.019
     1.972
     2.035
     2.142
     1.239
     1.926
     1.634
     1.469
     2.049
     1.788
     1.550
     1.627
     2.018
     1.871
     2.071
     1.899
     1.934
     2.166
     1.948
     1.604
     2.033
     2.127
     2.172
     2.040
     1.873
     1.921
     1.599
     1.690
     1.502
     2.004
     1.084
     1.668
     1.882
     1.859
     2.058
     2.022
     1.795
     1.789
     2.037
     2.006
     2.061
     1.652
     1.725
     1.589
     1.768
     1.910
     1.998
     1.615
     2.067
     1.896
     1.934
     2.270
     1.472
     1.325
     2.111
     1.830
     1.844
     1.877
     1.466
     1.994
     1.597
     1.870
     1.652
     2.153
     1.645
     2.077
     1.886
     1.927
     1.677
     1.762
     1.723
     2.056
     1.593
     2.011
     2.246
     1.733
     1.867
     1.272
     1.844
     2.089
     2.006
     1.597
     1.988
     1.558
     1.870
     1.932
     1.961
     1.653
     1.989
     1.790
     2.047
     2.010
     1.611
     1.996
     1.602
     2.199
     1.854
     1.401
     1.801
     1.847
     1.829
     1.708
     1.640
     1.961
     1.858
     1.753
     1.910
     1.627
     1.741
     2.099
     1.831
     1.915
     1.934
     1.566
     1.915
     1.580
     1.937
     1.947
     1.889
     1.873
     1.583
     2.040
     1.372
     1.838
     1.354
     1.966
     1.695
     1.861
     1.852
     1.904
     1.786
     1.881
     2.039
     1.928
     1.627
     2.040
     1.812
     1.510
     1.856
     1.785
     1.819
     1.987
     1.900
     1.869
     2.122
     2.086
     2.106
     2.163
     1.643
     1.761
     1.963
     1.718
     1.979
     1.881
     2.000
     1.494
     2.001
     2.024
     1.579
     1.838
     1.848
     1.669
     1.805
     1.489
     2.000
     2.133
     1.977
     2.012
     1.801
     1.698
     1.886
     2.021
     1.596
     1.862
     1.755
     1.684
     1.793
     1.943
     1.919
     1.702
     1.903
     2.044
     2.019
     1.803
     1.336
     1.666
     1.687
     2.013
     1.975
     1.721
     1.761
     2.012
     1.929
     1.577
     1.889
     2.052
     1.374
     1.636
     1.453
     1.930
     1.933
     1.545
     2.242
     1.656
     2.025
     1.852
     2.008
     1.944
     1.612
     2.088
     1.972
     1.840
     1.995
     1.543
     1.626
     1.611
     1.681
     1.527
     1.482
     1.798
     1.394
     1.932
     1.849
     2.067
     2.005
     1.704
     1.832
     1.911
     1.900
     1.750
     1.648
     2.236
     2.160
     2.026
     1.633
     1.900
     1.663
     1.644
     1.792
     1.940
     1.893
     1.926
     2.144
     1.744
     1.746
     1.775
     2.092
     1.674
     2.030
     1.153
     1.565
     1.732
     2.089
     1.809
     1.790
     1.871
     1.566
     1.640
     1.609
     1.439
     1.898
     1.995
     1.657
     1.621
     1.550
     1.756
     1.726
     1.550
     2.038
     2.075
     2.082
     1.905
     1.959
     1.725
     1.996
     1.608
     1.630
     2.170
     1.421
     1.582
     1.595
     1.642
     1.948
     1.974
     1.903
     1.578
     1.584
     1.902
     1.625
     1.773
     1.654
     1.945
     1.737
     1.731
     1.968
     1.786
     1.661
     1.616
     1.617
     1.603
     2.066
     1.925
     1.682
     1.958
     1.875
     2.005
     2.118
     1.750
     1.561
     1.688
     1.624
     1.782
     1.851
     1.667
     1.540
     1.911
     1.845
     1.608
     1.711
     1.771
     2.062
     1.461
     2.097
     1.946
     1.277
     1.745
     1.563
     2.125
     1.802
     1.899
     1.810
     1.759
     1.947
     1.950
     2.099
     1.952
     2.157
     1.804
     1.695
     1.191
     1.627
     1.886
     1.858
     1.757
     2.137
     2.011
     1.657
     2.102
     2.027
     1.882
     1.579
     2.181
     1.961
     2.031
     1.544
     2.072
     1.862
     2.086
     1.911
     1.845
     1.857
     2.066
     1.531
     2.138
     1.563
     1.955
     1.512
     1.788
     1.447
     1.491
     2.020
     1.638
     2.053
     2.107
     1.626
     2.136
     2.034
     1.977
     2.094
     1.860
     1.489
     1.830
     1.822
     1.837
     2.257
     1.774
     1.741
     2.171
     1.920
     2.044
     1.713
     1.985
     1.994
     2.055
     2.122
     2.146
     1.954
     1.614
     1.910
     2.073
     1.761
     1.880
     1.999
     1.961
     1.964
     1.746
     1.645
     1.302
     0.959
     2.084
     2.092
     2.226
     1.619
     1.561
     1.464
     1.967
     1.728
     1.619
     2.051
     1.605
     1.783
     1.574
     1.978
     1.900
     2.139
     1.906
     1.972
     1.916
     1.550
     2.102
     1.873
     2.070
     2.067
     2.071
     2.109
     1.579
     1.883
     1.975
     1.905
     2.179
     1.676
     2.072
     1.999
     2.085
     1.728
     2.021
     1.811
     1.949
     2.038
     1.616
     1.884
     1.861
     1.622
     1.916
     1.966
     2.145
     1.890
     2.034
     1.747
     1.716
     2.130
     1.676
     2.127
     1.932
     1.813
     1.925
     1.633
     1.904
     1.903
     1.917
     1.755
     2.013
     1.885
     1.608
     2.017
     1.624
     1.674
     1.971
     2.019
     1.484
     1.792
     1.772
     1.852
     2.138
     1.752
     1.860
     2.129
     2.152
     1.903
     1.890
     2.193
     2.068
     1.690
     1.698
     1.767
     2.039
     1.737
     1.622
     1.600
     1.770
     1.768
     1.967
     1.708
     2.103
     2.084
     2.017
     1.917
     1.623
     1.869
     1.687
     1.733
     2.093
     1.888
     1.999
     1.597
     2.019
     1.970
     1.965
     2.063
     1.820
     1.693
     1.736
     0.929
     2.027
     1.849
     1.983
     1.341
     1.770
     1.886
     1.876
     2.150
     1.707
     1.898
     1.862
     1.706
     1.755
     1.728
     2.120
     1.741
     2.132
     1.887
     1.861
     1.691
     1.583
     2.039
     1.935
     1.917
     0.672
     1.516
     1.836
     2.028
     1.320
     1.847
     2.016
     2.155
     2.181
     2.145
     1.686
     2.135
     1.443
     1.714
     1.771
     1.870
     1.938
     1.963
     1.983
     2.169
     1.718
     1.964
     1.689
     1.892
     1.806
     1.955
     1.775
     2.071
     1.806
     2.044
     1.457
     1.898
     2.070
     2.158
     1.906
     1.700
     1.473
     1.740
     1.600
     2.047
     1.608
     1.935
     1.980
     1.724
     1.751
     1.663
     1.462
     1.818
     1.549
     1.583
     1.445
     1.697
     1.826
     2.078
     1.940
     1.599
     2.104
     2.058
     2.050
     1.573
     1.565
     2.138
     1.987
     1.748
     1.917
     1.631
     1.415
     1.810
     1.572
     1.582
     1.808
     2.066
     1.920
     1.595
     2.044
     1.655
     1.923
     2.045
     1.449
     2.198
     1.932
     1.699
     1.748
     1.676
     1.620
     1.833
     1.639
     1.982
     2.093
     1.769
     1.760
     1.650
     1.793
     1.911
     1.904
     2.063
     1.871
     1.659
     1.862
     1.967
     1.974
     1.547
     2.063
     1.581
     1.828
     2.172
     1.537
     1.523
     1.734
     1.829
     2.065
     1.617
     1.828
     1.792
     1.853
     1.701
     1.892
     2.046
     2.118
     1.952
     1.572
     1.786
     1.622
     2.050
     2.143
     1.899
     1.528
     2.116
     1.727
     2.093
     1.714
     1.705
     2.010
     1.691
     1.935
     1.708
     1.599
     1.251
     1.334
     1.621
     1.725
     1.884
     2.094
     1.795
     2.084
     1.224
     1.875
     1.637
     2.114
     1.538
     1.985
     1.564
     1.877
     2.051
     1.379
     1.666
     1.687
     1.822
     1.759
     1.524
     1.735
     1.572
     1.699
     1.058
     2.117
     1.711
     1.856
     1.701
     1.923
     2.058
     2.037
     1.485
     1.722
     1.506
     2.078
     2.017
     2.100
     1.731
     1.861
     1.934
     1.991
     1.802
     1.455
     1.759
     1.836
     1.831
     2.242
     2.140
     2.081
     2.212
     1.601
     1.815
     1.862
     1.913
     1.955
     1.690
     2.103
     1.525
     2.133
     1.727
     2.069
     1.816
     2.088
     1.884
     2.004
     2.067
     1.716
     1.863
     1.941
     1.556
     1.863
     1.581
     2.235
     1.954
     1.461
     1.701
     2.181
     1.958
     1.693
     1.880
     1.460
     1.871
     1.805
     1.912
     1.970
     1.734
     1.837
     1.945
     1.977
     1.923
     1.334
     2.037
     1.802
     1.691
     1.792
     1.551
     1.935
     2.013
     1.913
     1.882
     2.138
     1.580
     1.852
     1.911
     1.806
     1.172
     1.677
     1.854
     1.968
     1.645
     1.998
     1.223
     1.645
     1.673
     1.962
     2.199
     2.004
     1.741
     2.114
     2.017
     1.962
     1.828
     1.522
     2.205
     2.112
     1.577
     2.099
     1.585
     2.067
     1.610
     1.719
     1.919
     1.964
     2.033
     1.818
     1.581
     1.775
     1.842
     1.859
     2.204
     1.626
     2.024
     1.938
     1.891
     2.026
     1.617
     1.406
     2.222
     1.646
     1.923
     2.043
     1.947
     1.784
     1.953
     1.932
     1.657
     1.905
     1.970
     1.616
     2.003
     1.779
     1.614
     2.135
     1.553
     2.135
     1.665
     1.810
     2.076
     1.558
     1.996
     1.870
     2.104
     1.928
     1.704
     1.692
     1.720
     2.110
     1.745
     1.956
     1.936
     1.883
     1.976
     1.864
     2.148
     1.705
     1.814
     1.342
     1.700
     1.911
     2.118
     1.587
     1.665
     1.519
     2.097
     1.761
     1.794
     1.812
     2.197
     1.606
     1.711
     1.864
     1.586
     1.486
     1.545
     1.537
     1.881
     1.798
     1.340
     1.571
     2.008
     1.634
     2.069
     2.210
     2.005
     2.069
     2.216
     1.876
     1.861
     1.690
     1.857
     1.468
     1.601
     1.903
     1.684
     1.725
     1.620
     1.705
     1.887
     2.019
     1.682
     1.794
     2.079
     1.919
     1.889
     2.141
     1.630
     1.967
     1.566
     1.671
     1.512
     1.498
     2.108
     1.934
     2.001
     1.936
     0.982
     1.854
     1.800
     2.065
     1.613
     2.065
     1.996
     1.976
     1.600
     1.951
     1.869
     1.824
     1.871
     1.715
     1.777
     1.543
     1.437
     2.018
     1.907
     1.897
     2.135
     1.881
     1.891
     1.947
     2.102
     1.586
     1.863
     2.078
     1.658
     1.734
     1.972
     0.892
     1.958
     1.540
     1.860
     2.166
     1.754
     1.573
     1.874
     1.890
     1.911
     2.046
     1.808
     1.941
     1.673
     2.138
     0.773
     1.869
     1.840
     1.559
     2.065
     1.975
     1.662
     2.037
     1.782
     1.884
     1.701
     1.797
     1.668
     1.864
     1.740
     2.165
     1.858
     2.048
     2.159
     1.483
     2.081
     1.896
     2.126
     1.566
     1.677
     1.872
     1.828
     2.053
     1.769
     1.653
     2.077
     1.712
     1.592
     1.790
     2.083
     1.638
     1.541
     1.878
     2.107
     1.567
     1.727
     1.810
     1.893
     1.984
     1.938
     1.644
     1.633
     2.171
     1.963
     2.074
     1.863
     1.314
     1.324
     1.748
     1.944
     1.628
     1.673
     1.622
     2.265
     1.591
     1.739
     1.563
     1.909
     1.820
     1.269
     1.594
     1.888
     1.479
     2.099
     1.668
     1.670
     1.890
     1.953
     1.938
     1.952
     1.576
     2.096
     1.978
     1.640
     1.722
     1.403
     1.743
     2.181
     1.732
     1.870
     1.904
     1.731
     1.604
     1.377
     2.244
     1.968
     1.777
     2.093
     2.104
     1.596
     1.616
     1.788
     1.879
     1.781
     1.888
     1.542
     2.109
     1.821
     1.596
     2.182
     1.459
     1.446
     1.750
     1.638
     1.677
     2.056
     1.653
     1.823
     2.178
     2.078
     2.209
     1.884
     1.802
     1.558
     2.129
     2.061
     2.031
     1.917
     2.090
     1.826
     1.619
     1.647
     1.918
     1.944
     1.575
     2.030
     2.113
     1.936
     1.991
     2.093
     1.883
     1.798
     1.928
     1.423
     1.575
     1.351
     1.687
     1.633
     1.529
     2.046
     2.002
     1.561
     2.024
     1.623
     1.863
     1.327
     2.044
     1.916
     2.258
     1.987
     2.148
     1.945
     1.595
     1.831
     1.540
     1.867
     1.508
     1.550
     1.642
     1.806
     1.954
     1.953
     1.575
     2.029
     1.827
     1.592
     1.789
     1.219
     1.604
     1.667
     1.696
     2.074
     2.052
     2.052
     1.812
     1.956
     1.674
     1.904
     2.143
     1.931
     1.852
     1.732
     1.630
     2.084
     1.938
     1.700
     1.631
     1.603
     1.954
     2.226
     2.041
     1.833
     1.817
     2.044
     1.919
     1.636
     1.614
     1.549
     1.931
     1.919
     2.156
     1.884
     2.148
     2.226
     2.148
     1.966
     1.934
     1.967
     1.807
     1.643
     1.757
     1.811
     1.822
     1.963
     2.042
     2.164
     1.620
     1.791
     1.605
     1.627
     1.517
     1.868
     1.587
     1.718
     1.629
     1.748
     1.718
     1.938
     1.999
     1.634
     2.023
     1.961
     1.901
     1.892
     1.803
     2.091
     2.199
     1.625
     2.046
     1.557
     2.069
     1.888
     1.948
     2.097
     1.685
     1.733
     1.641
     1.665
     1.792
     1.929
     2.050
     1.814
     1.583
     1.898
     1.898
     2.119
     1.792
     1.724
     1.777
     2.127
     1.576
     1.978
     1.835
     1.717
     1.813
     1.803
     1.804
     1.553
     1.789
     1.877
     1.628
     1.834
     1.571
     2.217
     1.916
     1.787
     1.506
     2.086
     1.756
     1.727
     1.624
     1.716
     2.045
     1.726
     1.883
     1.864
     1.877
     1.662
     2.147
     1.873
     2.239
     1.947
     1.739
     1.681
     1.589
     1.842
     1.648
     2.012
     2.036
     2.075
     1.739
     1.694
     1.825
     2.206
     1.579
     2.017
     1.817
     1.742
     2.070
     1.881
     1.723
     1.591
     1.563
     2.144
     1.389
     2.184
     1.983
     1.521
     1.951
     1.638
     2.027
     1.681
     1.610
     1.835
     1.635
     1.668
     1.683
     1.288
     1.580
     2.221
     1.709
     1.969
     2.040
     1.479
     1.842
     1.584
     1.613
     2.014
     1.633
     1.683
     1.889
     1.600
     1.834
     1.713
     1.634
     1.878
     2.194
     1.713
     1.491
     2.023
     1.844
     2.006
     2.136
     1.783
     1.864
     1.993
     1.965
     1.587
     1.747
     1.908
     1.754
     1.972
     1.648
     2.125
     1.416
     2.099
     2.091
     1.789
     1.841
     2.012
     1.988
     1.921
     2.087
     2.091
     1.877
     1.522
     1.538
     1.621
     1.783
     1.666
     1.810
     1.640
     1.215
     1.580
     2.035
     1.956
     1.773
     1.989
     1.869
     1.579
     1.833
     2.057
     1.707
     1.704
     2.109
     1.561
     1.597
     2.040
     2.050
     1.927
     1.753
     1.644
     1.908
     1.829
     1.832
     1.958
     2.053
     1.936
     1.784
     1.934
     2.078
     1.846
     1.837
     2.032
     1.721
     1.858
     1.832
     1.738
     1.818
     2.183
     1.698
     1.783
     1.983
     2.109
     1.934
     2.076
     1.630
     1.567
     1.431
     1.727
     1.767
     2.160
     1.649
     1.674
     1.733
     2.044
     2.034
     1.905
     2.010
     2.078
     0.969
     1.205
     1.979
     1.586
     2.137
     1.866
     1.818
     2.139
     2.028
     1.618
     2.194
     1.883
     1.719
     1.868
     2.029
     1.457
     2.201
     1.579
     1.948
     1.931
     1.623
     1.055
     1.849
     1.612
     1.867
     1.636
     1.567
     2.143
     1.800
     1.053
     2.010
     1.980
     1.934
     1.965
     1.545
     2.018
     1.985
     1.455
     1.815
     1.289
     2.057
     1.997
     1.968
     1.539
     1.569
     1.622
     1.804
     1.964
     1.948
     1.818
     2.087
     2.265
     2.121
     1.895
     1.825
     2.051
     2.016
     1.918
     1.929
     1.397
     1.747
     1.563
     1.746
     1.818
     2.077
     1.964
     2.089
     1.774
     1.700
     1.722
     1.760
     1.803
     2.176
     1.826
     1.743
     1.502
     1.960
     1.928
     1.800
     1.998
     1.821
     1.904
     1.220
     1.639
     1.593
     1.875
     1.945
     1.881
     1.793
     1.799
     1.537
     1.632
     1.685
     1.837
     1.751
     1.573
     2.106
     2.015
     1.602
     2.140
     1.593
     1.739
     2.032
     1.817
     2.029
     1.693
     1.796
     1.762
     1.761
     1.828
     2.157
     2.033
     1.914
     1.716
     1.745
     1.592
     1.756
     1.832
     1.581
     2.034
     1.907
     1.856
     1.587
     1.494
     1.143
     1.339
     1.860
     1.851
     1.482
     1.720
     2.010
     1.879
     1.876
     1.609
     1.682
     1.998
     1.772
     1.604
     1.769
     1.710
     1.665
     1.588
     1.755
     1.605
     2.119
     1.712
     1.838
     1.928
     1.529
     1.620
     1.847
     2.109
     1.903
     2.234
     1.617
     1.828
     2.008
     2.257
     1.864
     2.233
     1.538
     1.579
     1.591
     1.771
     1.859
     1.873
     2.058
     1.790
     1.542
     1.816
     1.783
     1.678
     1.956
     1.750
     2.097
     1.945
     1.701
     1.961
     1.570
     1.526
     2.105
     2.156
     2.116
     1.811
     1.933
     1.345
     1.845
     2.023
     1.555
     1.798
     1.561
     1.736
     1.763
     1.865
     1.027
     1.523
     1.099
     1.588
     1.957
     1.078
     1.618
     1.785
     1.614
     1.600
     2.080
     1.882
     1.849
     1.796
     2.089
     1.973
     1.931
     1.909
     1.568
     1.810
     1.776
     1.708
     1.891
     1.854
     2.250
     1.740
     1.598
     1.963
     1.913
     1.866
     1.565
     1.693
     1.907
     2.094
     1.978
     1.731
     1.549
     1.822
     2.010
     1.729
     1.508
     1.609
     1.920
     1.849
     1.798
     1.510
     1.503
     1.520
     1.836
     1.833
     2.037
     1.708
     1.884
     1.847
     1.902
     1.937
     1.645
     1.734
     1.702
     1.673
     1.932
     1.737
     1.955
     1.634
     1.902
     1.960
     1.851
     2.018
     1.848
     1.877
     1.696
     1.996
     2.109
     1.543
     2.019
     1.937
     1.877
     1.850
     1.871
     1.838
     2.048
     1.903
     1.449
     1.506
     1.789
     1.625
     1.999
     2.000
     1.557
     1.999
     2.163
     1.583
     2.160
     1.650
     2.182
     2.113
     1.839
     1.744
     1.691
     1.908
     1.790
     1.827
     2.125
     1.787
     1.747
     1.231
     1.950
     2.133
     1.761
     1.618
     1.761
     1.527
     1.953
     2.065
     1.650
     1.906
     1.921
     1.775
     1.028
     1.847
     1.664
     1.829
     1.979
     1.547
     1.688
     2.097
     1.747
     1.631
     1.855
     1.687
     2.113
     1.774
     1.752
     1.883
     2.057
     1.611
     2.115
     1.744
     1.808
     2.086
     2.024
     2.209
     1.984
     2.058
     1.991
     1.754
     2.156
     1.564
     1.728
     2.191
     2.188
     1.584
     1.956
     1.869
     1.762
     1.906
     1.934
     1.718
     2.023
     1.327
     1.475
     1.925
     2.059
     1.559
     1.577
     1.469
     2.025
     1.729
     1.642
     1.847
     2.087
     2.083
     1.817
     1.645
     2.142
     1.833
     2.211
     1.648
     1.562
     1.779
     1.608
     1.915
     1.922
     2.016
     2.111
     1.083
     1.582
     1.576
     1.886
     1.649
     1.672
     2.103
     1.672
     2.091
     2.219
     2.244
     1.536
     1.932
     1.825
     1.503
     1.647
     1.061
     2.147
     2.086
     1.394
     1.551
     1.981
     1.634
     1.628
     1.621
     1.643
     2.008
     1.838
     1.378
     1.629
     2.114
     1.600
     1.937
     1.761
     2.030
     1.715
     1.613
     2.097
     1.947
     2.249
     1.728
     1.655
     2.211
     1.973
     1.751
     1.814
     2.056
     1.694
     1.601
     1.619
     1.546
     1.654
     2.140
     1.797
     1.939
     1.684
     1.967
     1.989
     2.038
     1.688
     2.010
     1.514
     1.964
     1.983
     1.709
     2.009
     2.023
     1.865
     1.574
     1.693
     1.741
     1.862
     2.050
     1.700
     1.922
     1.842
     2.058
     1.809
     1.943
     1.990
     2.111
     1.752
     1.865
     1.814
     1.561
     1.873
     1.993
     1.999
     1.658
     1.999
     2.008
     1.619
     1.628
     1.431
     1.792
     1.805
     1.698
     1.608
     1.870
     1.668
     2.163
     1.358
     1.582
     1.894
     1.857
     1.982
     1.993
     1.716
     1.703
     1.969
     1.950
     2.078
     2.048
     1.811
     1.770
     2.014
     1.586
     1.876
     1.534
     1.924
     1.919
     1.897
     2.177
     1.968
     1.497
     1.885
     1.790
     2.262
     1.597
     1.567
     1.898
     1.815
     1.964
     2.168
     1.596
     1.208
     2.050
     1.663
     1.734
     1.901
     1.766
     1.883
     1.633
     1.600
     1.707
     1.696
     1.684
     1.869
     1.806
     1.791
     1.600
     1.895
     1.892
     1.896
     1.702
     1.621
     1.890
     1.602
     1.534
     2.085
     1.799
     1.729
     2.045
     1.738
     1.586
     1.666
     1.915
     1.846
     1.620
     1.759
     1.663
     1.915
     2.088
     1.688
     1.728
     2.099
     2.016
     1.437
     1.686
     1.949
     1.617
     1.957
     1.965
     1.874
     1.591
     2.018
     1.624
     2.044
     2.065
     1.572
     2.011
     1.860
     1.448
     1.700
     1.970
     1.520
     1.704
     2.240
     2.038
     1.825
     1.977
     1.560
     1.677
     1.879
     1.830
     1.824
     2.168
     1.916
     1.601
     1.861
     1.437
     1.990
     1.780
     2.175
     1.650
     2.229
     1.959
     1.635
     2.111
     2.214
     1.999
     1.908
     1.731
     1.508
     1.769
     1.757
     1.953
     1.579
     1.791
     1.864
     2.003
     1.412
     1.882
     1.836
     1.802
     2.014
     1.705
     1.792
     1.558
     1.748
     2.269
     1.522
     1.992
     2.243
     2.013
     1.667
     1.889
     2.217
     1.994
     2.186
     1.476
     1.562
     1.835
     0.984
     2.134
     1.690
     1.696
     1.589
     1.978
     1.655
     2.051
     1.870
     2.050
     1.849
     1.586
     1.895
     1.586
     1.728
     1.328
     1.590
     1.881
     1.309
     1.765
     1.597
     1.768
     2.060
     1.719
     1.583
     1.627
     1.730
     1.671
     1.844
     2.091
     1.661
     1.824
     1.737
     1.717
     1.990
     1.837
     1.566
     1.626
     1.864
     2.145
     1.916
     2.037
     1.855
     1.938
     1.499
     1.938
     1.914
     1.905
     1.583
     1.837
     1.954
     1.861
     1.554
     2.028
     1.741
     1.861
     2.056
     1.554
     1.594
     1.529
     1.732
     1.945
     2.098
     2.039
     1.882
     1.961
     1.976
     1.977
     1.856
     2.065
     1.732
     1.979
     1.873
     1.600
     1.777
     1.906
     1.776
     1.491
     1.909
     1.856
     1.837
     2.090
     1.812
     1.860
     1.579
     1.712
     1.618
     1.625
     1.702
     1.590
     2.009
     1.562
     1.911
     2.104
     1.893
     2.030
     1.889
     1.757
     1.736
     2.059
     1.989
     1.852
     1.921
     2.149
     2.028
     1.677
     1.690
     1.577
     1.490
     2.081
     1.549
     2.228
     1.177
     1.543
     2.164
     2.041
     1.561
     1.980
     1.832
     1.708
     1.773
     1.745
     1.906
     1.845
     1.970
     1.947
     1.627
     1.315
     1.979
     1.794
     1.633
     1.426
     1.901
     1.753
     1.889
     1.612
     2.204
     1.770
     2.030
     1.991
     0.894
     1.322
     1.576
     1.575
     1.783
     1.570
     1.779
     1.600
     1.867
     1.670
     1.864
     2.140
     1.753
     2.244
     2.188
     1.957
     1.469
     2.108
     1.581
     1.527
     1.658
     1.940
     1.690
     1.841
     1.507
     1.569
     1.256
     2.042
     2.064
     2.062
     1.841
     1.853
     2.104
     1.915
     1.611
     2.136
     2.163
     1.867
     1.694
     1.656
     1.283
     1.467
     1.992
     2.076
     1.639
     1.710
     1.908
     1.563
     1.642
     1.970
     1.787
     1.144
     1.928
     2.097
     1.934
     1.604
     1.543
     1.890
     1.718
     1.805
     1.731
     1.832
     2.028
     1.530
     1.691
     1.907
     1.668
     2.058
     2.071
     2.074
     1.546
     1.502
     1.767
     1.616
     1.823
     2.099
     1.784
     1.941
     2.009
     1.911
     1.563
     1.985
     2.172
     2.131
     1.873
     1.906
     1.952
     2.225
     1.697
     1.987
     1.932
     1.798
     1.684
     1.927
     1.634
     1.861
     1.760
     2.012
     1.986
     1.777
     1.638
     2.136
     1.866
     1.782
     1.864
     2.123
     1.987
     1.854
     2.064
     1.714
     2.015
     1.431
     1.891
     1.853
     1.912
     1.700
     1.534
     1.628
     1.560
     1.828
     1.079
     1.551
     2.055
     1.550
     2.120
     1.699
     1.592
     1.598
     1.793
     2.003
     2.222
     2.003
     1.879
     1.854
     2.017
     1.780
     1.982
     1.602
     2.012
     1.831
     1.552
     2.066
     1.908
     1.688
     1.910
     2.113
     1.734
     1.970
     1.535
     1.531
     2.023
     1.913
     2.142
     1.752
     2.146
     2.150
     1.583
     1.781
     1.764
     1.505
     1.753
     2.052
     1.590
     1.844
     2.045
     1.712
     2.028
     2.001
     1.862
     1.566
     1.899
     1.844
     1.590
     1.935
     2.136
     1.879
     1.748
     1.417
     1.851
     2.014
     1.590
     1.431
     1.878
     1.953
     1.586
     1.252
     2.144
     1.623
     1.922
     1.602
     1.929
     1.695
     0.844
     2.207
     1.766
     1.951
     1.953
     1.922
     2.042
     1.572
     1.343
     1.706
     1.689
     1.870
     1.767
     1.433
     2.036
     1.611
     2.039
     1.550
     1.925
     1.806
     1.487
     1.572
     1.911
     1.675
     1.856
     1.776
     1.895
     2.090
     1.585
     2.011
     1.740
     2.003
     2.118
     1.921
     1.768
     1.873
     1.756
     1.757
     1.568
     1.682
     1.817
     1.609
     1.586
     1.824
     1.827
     1.996
     1.650
     1.613
     1.862
     1.965
     2.145
     1.588
     1.983
     1.509
     1.955
     1.842
     1.966
     2.071
     2.135
     1.706
     1.856
     1.565
     1.623
     1.412
     2.114
     1.549
     2.116
     1.970
     2.164
     1.841
     2.185
     1.591
     1.608
     1.509
     2.143
     1.780
     1.738
     1.582
     1.947
     1.937
     1.774
     1.889
     2.095
     1.024
     1.825
     1.757
     1.944
     1.775
     1.966
     2.100
     2.108
     1.888
     1.860
     1.980
     1.944
     1.866
     1.799
     1.826
     2.012
     1.841
     1.643
     1.631
     1.619
     1.978
     1.779
     1.780
     2.042
     2.010
     1.461
     2.105
     1.766
     1.555
     2.065
     1.627
     1.724
     1.957
     1.702
     2.122
     1.850
     1.523
     1.574
     1.650
     1.844
     1.832
     1.856
     1.622
     1.950
     1.699
     1.920
     1.758
     1.917
     1.984
     1.502
     1.864
     1.630
     1.848
     1.628
     1.647
     1.547
     1.732
     1.801
     1.915
     1.531
     1.935
     1.376
     2.032
     1.342
     1.809
     2.198
     1.913
     1.579
     1.754
     2.004
     2.004
     1.676
     2.025
     1.894
     1.898
     1.922
     1.833
     1.630
     1.769
     1.976
     1.532
     1.879
     2.037
     1.893
     1.615
     1.885
     1.828
     1.781
     1.043
     2.025
     1.897
     1.989
     1.493
     2.114
     1.942
     1.933
     1.702
     2.032
     1.751
     1.570
     1.787
     2.158
     1.574
     1.837
     1.975
     1.833
     2.138
     2.256
     1.696
     1.363
     1.905
     1.701
     2.143
     1.778
     1.574
     1.559
     1.380
     1.884
     1.942
     1.850
     2.073
     1.589
     1.754
     1.776
     1.939
     1.980
     1.497
     1.854
     1.835
     2.099
     1.891
     1.887
     1.970
     1.816
     2.076
     1.798
     1.653
     2.194
     2.216
     1.703
     1.997
     1.554
     1.739
     2.001
     1.664
     1.544
     1.585
     1.993
     2.052
     2.155
     2.126
     2.136
     1.768
     1.953
     1.643
     1.820
     1.861
     1.665
     1.735
     1.868
     1.233
     1.697
     2.126
     1.926
     2.069
     1.991
     1.934
     1.889
     1.750
     1.629
     1.657
     1.373
     1.781
     1.993
     1.758
     2.005
     1.507
     2.065
     1.907
     2.064
     1.577
     1.561
     1.564
     2.053
     1.597
     1.963
     1.579
     1.575
     1.746
     1.361
     1.846
     1.891
     1.694
     1.926
     1.772
     2.063
     2.189
     2.073
     1.477
     1.515
     1.514
     1.657
     1.793
     1.856
     1.783
     1.768
     1.959
     2.059
     1.898
     2.045
     1.736
     1.947
     1.748
     1.365
     1.639
     1.533
     1.954
     2.069
     1.609
     1.808
     2.076
     1.944
     1.434
     2.064
     1.299
     1.138
     1.680
     1.158
     1.600
     1.972
     2.170
     2.037
     1.686
     1.653
     1.921
     1.770
     1.624
     1.765
     1.597
     1.676
     1.905
     2.088
     2.070
     2.112
     1.684
     2.055
     1.901
     1.582
     2.010
     1.761
     1.920
     1.815
     1.856
     2.201
     1.702
     2.014
     1.998
     1.862
     1.709
     1.618
     1.461
     2.037
     1.801
     2.077
     1.921
     1.840
     1.742
     1.607
     1.879
     1.631
     1.879
     1.154
     1.761
     1.884
     1.982
     1.654
     1.722
     2.087
     1.599
     1.588
     1.666
     1.988
     1.586
     1.775
     1.644
     1.654
     1.548
     1.616
     1.744
     1.703
     2.126
     1.897
     2.034
     1.595
     2.028
     1.816
     1.810
     2.020
     2.182
     1.871
     1.743
     1.819
     2.026
     1.743
     1.752
     2.098
     1.888
     1.721
     1.732
     1.530
     1.835
     1.668
     1.442
     1.532
     1.909
     1.899
     1.777
     1.629
     1.620
     1.587
     1.730
     1.843
     1.866
     1.410
     1.913
     1.934
     1.734
     1.820
     1.244
     1.883
     2.115
     1.749
     1.858
     1.725
     1.765
     1.739
     1.842
     1.782
     1.924
     1.639
     1.631
     1.849
     2.080
     1.779
     1.641
     2.003
     1.771
     1.900
     2.066
     2.053
     2.057
     2.103
     1.629
     2.060
     2.093
     1.708
     1.674
     1.711
     1.944
     1.999
     2.060
     1.781
     1.591
     2.025
     2.200
     1.573
     1.739
     1.583
     2.104
     1.948
     1.856
     2.105
     1.812
     1.967
     1.530
     1.745
     1.669
     1.855
     1.982
     1.618
     1.687
     1.485
     1.918
     1.887
     1.829
     1.318
     1.285
     2.000
     1.636
     1.666
     1.841
     1.454
     2.046
     2.086
     1.601
     1.683
     1.582
     1.804
     1.624
     1.619
     1.823
     2.001
     2.138
     1.998
     1.868
     1.808
     1.706
     2.146
     1.943
     2.166
     1.584
     1.898
     1.622
     2.024
     2.164
     1.904
     1.905
     1.688
     1.846
     1.951
     1.746
     1.660
     1.860
     1.947
     1.512
     1.875
     1.770
     1.874
     2.094
     1.729
     1.775
     1.569
     1.757
     1.856
     2.202
     1.916
     2.131
     1.870
     1.295
     1.561
     2.043
     1.570
     1.675
     1.749
     1.815
     2.072
     1.959
     1.617
     1.810
     1.710
     1.950
     1.670
     1.620
     1.619
     1.812
     1.825
     1.594
     1.619
     2.067
     1.594
     2.030
     1.659
     1.744
     1.939
     1.676
     2.064
     1.959
     1.912
     2.106
     2.001
     1.767
     1.562
     1.723
     1.859
     1.979
     1.181
     2.017
     1.841
     1.790
     1.714
     1.753
     1.566
     1.946
     1.980
     1.655
     2.091
     1.587
     2.050
     1.664
     1.606
     1.869
     1.549
     1.623
     1.613
     1.909
     1.891
     2.053
     1.459
     1.732
     1.987
     1.714
     1.634
     1.627
     1.885
     1.732
     1.888
     1.530
     1.875
     1.927
     1.970
     2.018
     1.648
     1.920
     1.755
     1.754
     2.014
     2.100
     1.805
     1.999
     1.318
     1.835
     1.725
     1.834
     1.570
     1.716
     1.360
     1.943
     2.066
     1.654
     1.926
     1.951
     1.923
     1.877
     1.813
     1.957
     1.569
     1.939
     1.672
     1.612
     1.607
     1.693
     1.693
     1.829
     2.029
     1.919
     2.100
     1.953
     1.869
     1.543
     1.566
     1.830
     2.105
     2.102
     2.194
     2.066
     1.480
     1.727
     1.894
     2.168
     1.603
     2.098
     2.110
     1.943
     1.745
     1.781
     2.096
     1.830
     1.861
     1.673
     2.109
     1.985
     1.541
     2.033
     1.803
     1.762
     1.954
     2.080
     1.624
     1.504
     1.616
     2.032
     1.607
     1.732
     1.983
     1.652
     1.706
     2.163
     1.880
     1.858
     2.020
     1.732
     1.769
     1.684
     1.599
     1.763
     1.742
     1.740
     1.941
     2.185
     1.539
     1.583
     1.881
     1.687
     2.054
     1.861
     1.799
     1.811
     1.633
     1.838
     1.604
     2.066
     1.966
     1.974
     2.013
     2.037
     2.081
     2.142
     2.046
     1.584
     2.114
     1.514
     1.836
     1.835
     1.946
     2.130
     1.524
     2.044
     2.181
     1.404
     1.569
     1.683
     1.983
     1.807
     1.656
     1.573
     1.997
     1.764
     1.995
     1.796
     1.629
     1.649
     1.994
     1.901
     1.825
     1.725
     1.776
     2.042
     2.036
     2.030
     1.809
     2.036
     2.047
     1.859
     1.587
     2.142
     1.929
     2.011
     1.818
     1.606
     2.007
     2.070
     1.895
     1.539
     1.926
     1.557
     1.446
     1.548
     2.080
     1.456
     1.764
     1.591
     2.017
     1.873
     1.675
     1.953
     1.844
     1.934
     2.001
     1.621
     1.560
     1.825
     1.755
     1.674
     1.820
     1.701
     2.061
     1.737
     1.865
     1.755
     1.949
     1.709
     1.624
     2.137
     1.625
     1.567
     1.965
     1.675
     1.718
     1.873
     2.004
     1.232
     2.027
     1.882
     2.065
     2.050
     1.959
     1.851
     1.650
     2.030
     1.909
     1.843
     1.930
     1.639
     1.552
     1.789
     1.477
     1.819
     2.031
     1.989
     1.820
     1.791
     2.132
     1.709
     1.555
     1.757
     1.765
     1.545
     1.718
     2.071
     1.956
     1.816
     1.963
     1.823
     1.920
     1.752
     1.672
     2.134
     1.389
     1.590
     2.112
     1.767
     1.313
     1.166
     1.961
     1.943
     1.371
     1.907
     1.927
     1.967
     1.941
     2.200
     1.635
     2.153
     2.156
     1.970
     1.806
     1.873
     1.951
     1.903
     1.079
     1.874
     1.898
     1.757
     1.814
     1.763
     1.730
     2.174
     1.893
     1.932
     1.893
     1.811
     1.844
     1.666
     2.031
     1.080
     1.945
     2.032
     1.756
     1.876
     1.660
     1.844
     1.698
     1.732
     1.543
     1.889
     1.900
     1.575
     1.885
     1.778
     1.787
     1.737
     1.687
     1.952
     1.974
     1.805
     1.987
     1.749
     1.567
     1.845
     2.129
     1.773
     1.940
     1.814
     1.598
     2.156
     1.065
     1.821
     1.579
     1.982
     2.011
     1.942
     2.196
     1.525
     2.124
     1.784
     1.728
     2.075
     1.631
     1.821
     1.852
     1.527
     1.630
     1.719
     1.775
     2.016
     1.595
     1.687
     1.720
     2.092
     2.064
     1.881
     1.968
     1.950
     1.903
     1.886
     1.745
     2.068
     2.016
     1.598
     1.558
     1.518
     1.743
     1.769
     1.979
     1.589
     2.101
     1.775
     1.960
     1.458
     1.560
     1.604
     1.791
     1.617
     1.709
     1.582
     1.953
     1.573
     1.919
     2.134
     2.094
     1.976
     2.146
     1.755
     1.494
     1.800
     1.647
     1.735
     2.123
     1.880
     1.889
     2.090
     1.925
     1.406
     2.052
     1.826
     2.060
     1.858
     1.897
     1.842
     1.923
     1.736
     2.179
     1.926
     1.739
     2.228
     1.833
     1.563
     1.702
     1.588
     2.047
     1.622
     2.097
     1.741
     1.528
     1.894
     1.585
     1.771
     1.868
     1.732
     2.135
     1.883
     1.676
     1.918
     1.836
     1.723
     1.766
     1.673
     1.870
     1.844
     2.029
     1.579
     1.757
     1.886
     1.655
     0.807
     2.071
     1.609
     2.139
     2.110
     1.822
     1.817
     2.087
     1.891
     2.080
     1.610
     1.657
     2.164
     1.632
     1.748
     1.891
     1.690
     1.964
     2.041
     1.745
     1.971
     1.629
     1.602
     1.626
     2.098
     1.680
     1.680
     1.650
     2.108
     2.157
     1.552
     2.235
     1.671
     1.973
     1.668
     2.061
     1.568
     1.556
     1.314
     1.581
     2.034
     1.835
     1.679
     1.938
     1.965
     1.389
     1.542
     1.861
     1.882
     1.612
     2.045
     1.526
     1.791
     1.705
     1.924
     2.019
     1.591
     1.732
     1.992
     1.542
     1.339
     2.200
     1.883
     1.629
     1.695
     1.595
     1.829
     1.454
     1.743
     2.172
     1.788
     1.736
     1.856
     1.866
     2.022
     1.711
     2.060
     2.098
     2.061
     1.690
     1.587
     2.001
     1.740
     1.700
     1.626
     1.879
     1.694
     1.924
     1.940
     1.934
     1.764
     1.580
     2.050
     1.614
     1.675
     1.824
     2.104
     1.874
     1.581
     1.551
     1.978
     1.476
     1.740
     2.200
     1.742
     1.731
     1.784
     1.550
     1.450
     1.933
     1.741
     1.888
     1.675
     1.638
     1.730
     1.893
     1.804
     1.782
     1.866
     1.663
     1.523
     2.260
     1.880
     2.229
     1.656
     1.050
     1.785
     1.863
     1.551
     1.952
     1.811
     1.698
     1.821
     1.766
     1.672
     2.111
     1.718
     1.851
     1.832
     1.689
     2.104
     1.898
     1.950
     1.843
     2.171
     1.635
     1.965
     2.047
     2.016
     2.090
     1.630
     1.886
     1.710
     1.698
     2.103
     1.813
     1.826
     1.896
     1.548
     1.786
     1.680
     1.965
     1.822
     1.904
     1.950
     1.427
     1.627
     1.754
     0.937
     1.799
     2.138
     1.633
     1.690
     1.675
     1.647
     1.899
     1.643
     1.775
     1.837
     1.931
     1.602
     1.430
     1.677
     1.868
     2.224
     1.847
     1.845
     1.579
     1.583
     2.082
     2.047
     1.887
     1.867
     1.599
     1.910
     2.011
     1.998
     1.946
     2.035
     2.062
     1.807
     2.055
     1.822
     1.828
     2.060
     1.642
     1.742
     1.993
     1.507
     1.755
     1.748
     1.834
     1.626
     1.266
     2.071
     1.790
     2.123
     1.798
     1.576
     1.576
     1.798
     1.790
     2.063
     2.000
     1.748
     1.998
     1.843
     1.871
     2.079
     1.913
     2.183
     2.098
     1.660
     1.594
     1.896
     1.779
     1.699
     1.804
     1.955
     1.834
     1.689
     1.678
     1.987
     2.050
     1.871
     1.923
     1.961
     1.690
     1.924
     1.739
     1.733
     2.155
     1.827
     1.707
     2.135
     1.808
     2.017
     1.622
     1.910
     2.045
     2.043
     1.607
     1.660
     2.030
     1.765
     1.399
     2.062
     1.713
     1.905
     1.827
     1.599
     2.046
     1.793
     1.929
     1.490
     1.739
     1.724
     1.645
     1.868
     1.709
     1.865
     0.821
     1.989
     1.850
     1.806
     1.565
     2.033
     1.799
     1.880
     2.145
     1.729
     1.982
     2.110
     1.962
     1.680
     1.628
     1.715
     1.882
     1.617
     1.930
     2.185
     1.845
     1.891
     1.926
     1.829
     1.590
     1.967
     2.104
     2.094
     1.514
     1.565
     1.485
     1.842
     1.829
     2.031
     1.723
     1.606
     1.533
     2.130
     1.943
     1.552
     2.024
     1.716
     1.627
     1.346
     1.757
     1.910
     1.352
     1.736
     2.140
     1.781
     1.644
     1.949
     1.565
     1.922
     1.889
     1.882
     1.626
     2.012
     1.975
     1.944
     2.098
     1.322
     1.961
     1.710
     1.560
     1.804
     1.551
     1.650
     2.015
     1.641
     1.920
     1.595
     1.260
     2.045
     1.753
     1.802
     1.885
     1.557
     1.883
     1.901
     1.480
     1.806
     2.078
     1.613
     1.860
     2.225
     1.831
     1.913
     2.109
     1.844
     1.764
     1.703
     2.059
     1.839
     1.960
     1.748
     2.122
     1.841
     2.115
     1.801
     1.952
     2.044
     1.039
     1.574
     1.703
     1.786
     2.088
     1.957
     1.819
     1.681
     2.187
     1.899
     1.602
     2.040
     1.714
     1.796
     1.596
     1.928
     1.609
     1.869
     2.019
     1.639
     1.709
     2.066
     1.747
     2.208
     1.604
     2.040
     1.811
     1.833
     1.422
     1.920
     1.926
     1.593
     1.589
     1.832
     2.055
     2.026
     1.604
     1.141
     1.837
     1.578
     1.978
     1.653
     2.081
     1.738
     2.112
     1.604
     1.612
     1.676
     1.789
     1.566
     2.042
     1.961
     1.776
     2.011
     1.935
     1.834
     1.534
     1.814
     2.201
     2.112
     2.175
     2.173
     1.669
     2.018
     1.790
     1.895
     1.930
     1.919
     1.899
     1.659
     1.733
     1.731
     1.779
     1.471
     1.862
     1.863
     0.825
     1.493
     1.935
     2.000
     2.124
     2.051
     2.016
     1.583
     1.964
     2.059
     1.451
     1.798
     1.757
     2.115
     2.092
     2.143
     1.630
     1.828
     1.895
     2.073
     1.898
     1.776
     1.770
     1.830
     1.701
     1.547
     2.174
     1.784
     1.637
     1.559
     1.999
     1.872
     1.709
     1.786
     1.237
     1.657
     1.625
     2.170
     1.776
     2.061
     1.709
     2.220
     1.674
     1.828
     1.923
     1.640
     1.760
     1.871
     1.675
     1.851
     1.179
     2.105
     2.131
     2.130
     1.666
     1.928
     2.121
     1.802
     1.620
     1.666
     1.832
     2.081
     1.967
     1.698
     1.813
     1.772
     1.775
     2.082
     1.723
     2.250
     1.817
     1.696
     2.029
     1.678
     1.557
     1.753
     1.598
     1.613
     1.970
     1.636
     1.471
     1.996
     1.616
     1.703
     1.459
     1.601
     1.639
     1.711
     2.071
     1.412
     1.693
     1.850
     1.113
     1.355
     1.055
     1.977
     1.958
     1.810
     1.622
     1.761
     1.802
     1.910
     2.076
     1.799
     1.906
     1.853
     1.015
     2.108
     1.886
     1.793
     1.845
     1.773
     2.077
     1.856
     2.073
     1.683
     1.986
     1.237
     1.838
     1.911
     2.165
     1.680
     1.651
     2.122
     2.034
     2.052
     1.971
     2.220
     1.822
     1.837
     1.797
     1.935
     1.627
     1.769
     1.976
     2.023
     1.997
     2.003
     1.582
     1.550
     1.133
     1.591
     2.167
     1.861
     1.935
     1.675
     1.393
     1.978
     1.958
     1.592
     1.728
     2.148
     1.591
     2.009
     1.717
     1.745
     1.599
     1.572
     1.579
     1.889
     1.993
     1.616
     1.993
     2.055
     1.960
     1.901
     2.062
     1.613
     2.156
     1.810
     1.533
     2.018
     1.602
     1.607
     2.035
     1.861
     1.746
     1.761
     1.901
     1.624
     1.850
     1.548
     1.733
     1.729
     1.860
     1.974
     1.569
     2.007
     2.170
     2.163
     1.703
     1.554
     1.768
     1.915
     1.622
     1.942
     1.876
     2.056
     1.915
     1.926
     1.663
     1.794
     2.059
     2.068
     2.158
     2.025
     1.709
     1.924
     1.979
     1.855
     1.686
     1.914
     1.738
     1.855
     2.057
     1.769
     1.882
     2.104
     1.618
     2.082
     1.872
     1.660
     2.100
     2.034
     2.019
     2.057
     2.036
     1.996
     1.593
     1.616
     2.243
     1.561
     2.089
     1.825
     1.910
     2.085
     2.090
     2.007
     1.723
     2.064
     1.676
     1.903
     1.355
     1.894
     1.584
     1.652
     2.175
     1.895
     1.820
     1.698
     1.774
     2.040
     1.701
     2.238
     1.885
     1.897
     1.519
     2.239
     2.048
     2.059
     1.495
     1.619
     1.853
     2.084
     1.894
     1.831
     1.867
     2.084
     1.722
     2.006
     1.899
     1.966
     2.089
     1.747
     1.496
     1.965
     0.903
     2.076
     1.524
     1.509
     2.032
     1.855
     1.213
     2.034
     1.810
     1.872
     1.826
     1.819
     2.160
     1.284
     1.996
     1.891
     1.694
     2.019
     1.729
     1.434
     2.046
     1.987
     1.848
     2.010
     1.880
     2.113
     2.062
     1.915
     1.720
     1.963
     1.891
     1.917
     1.544
     1.669
     2.024
     1.459
     2.150
     1.870
     2.086
     1.780
     2.102
     1.032
     2.033
     1.961
     1.822
     1.942
     1.649
     2.024
     2.036
     2.216
     1.811
     1.807
     2.089
     1.914
     1.767
     1.893
     1.950
     2.024
     1.984
     1.907
     2.050
     1.857
     1.810
     1.946
     1.988
     1.747
     1.640
     1.565
     1.730
     2.012
     2.009
     1.710
     1.555
     1.423
     2.021
     1.820
     1.583
     1.854
     1.961
     1.576
     2.205
     2.268
     1.577
     1.879
     2.030
     1.766
     1.985
     1.623
     1.665
     2.040
     1.996
     1.783
     1.868
     2.086
     1.452
     1.520
     1.768
     1.922
     1.734
     2.010
     1.679
     1.848
     1.686
     1.842
     1.825
     2.014
     1.284
     1.573
     1.518
     2.027
     1.954
     2.072
     2.099
     2.032
     2.020
     2.002
     2.187
     1.938
     1.521
     1.576
     2.032
     1.825
     1.874
     1.372
     2.114
     1.452
     2.043
     1.728
     1.799
     1.981
     2.102
     1.888
     2.248
     1.852
     1.336
     1.844
     1.693
     2.086
     2.015
     1.691
     1.590
     1.718
     1.964
     2.094
     1.939
     1.592
     1.615
     1.468
     1.914
     1.936
     1.887
     1.695
     1.937
     1.499
     2.009
     1.605
     1.768
     1.867
     1.735
     1.744
     1.804
     2.260
     1.954
     1.679
     1.584
     1.877
     1.925
     1.599
     1.929
     1.386
     1.680
     1.601
     2.273
     2.149
     1.711
     1.580
     1.936
     1.617
     1.804
     1.925
     1.878
     1.778
     1.818
     1.668
     2.140
     1.617
     1.850
     1.525
     1.604
     2.150
     1.875
     2.073
     1.369
     1.926
     2.161
     1.877
     1.243
     1.379
     1.648
     1.908
     1.617
     2.053
     1.608
     2.082
     1.911
     1.922
     1.972
     1.985
     1.972
     1.587
     2.084
     1.860
     1.982
     2.060
     2.054
     1.881
     1.982
     1.863
     1.802
     1.580
     1.987
     2.138
     1.575
     1.888
     1.906
     1.915
     1.763
     1.619
     2.017
     1.955
     1.507
     1.621
     2.087
     1.562
     2.218
     1.889
     1.785
     1.840
     1.739
     1.809
     2.056
     1.837
     2.024
     2.012
     1.869
     1.889
     2.085
     2.038
     2.112
     2.110
     1.627
     2.035
     1.838
     2.045
     1.563
     1.912
     1.885
     2.118
     2.143
     2.005
     1.944
     2.082
     1.626
     1.850
     2.201
     1.708
     1.926
     1.903
     1.931
     2.103
     2.119
     2.124
     1.949
     2.092
     2.057
     1.572
     1.964
     2.079
     1.982
     2.116
     2.062
     1.959
     1.421
     2.108
     1.479
     1.969
     1.979
     1.973
     1.719
     1.656
     1.897
     1.867
     1.891
     2.197
     2.041
     1.980
     1.903
     2.112
     1.588
     2.134
     1.837
     1.896
     1.661
     1.926
     1.953
     1.977
     1.956
     1.871
     1.906
     1.609
     2.086
     1.925
     2.028
     1.528
     2.043
     1.813
     1.871
     1.937
     1.982
     1.834
     1.733
     2.021
     1.618
     2.033
     1.972
     2.111
     1.658
     1.723
     1.939
     1.964
     1.742
     1.849
     1.889
     1.522
     1.724
     1.102
     2.137
     2.112
     2.047
     1.530
     2.149
     1.978
     1.929
     1.442
     1.764
     2.030
     1.610
     1.784
     1.943
     2.153
     2.019
     1.646
     1.593
     1.788
     1.911
     1.614
     1.657
     1.800
     1.924
     1.604
     1.963
     1.730
     1.948
     1.563
     1.770
     2.123
     1.969
     1.985
     1.550
     1.458
     1.989
     1.691
     1.872
     1.711
     1.940
     1.950
     2.109
     1.644
     2.030
     1.487
     1.562
     1.597
     1.714
     1.672
     1.495
     1.891
     1.958
     1.848
     1.455
     2.043
     1.544
     1.628
     1.247
     1.775
     1.994
     1.573
     2.264
     1.891
     1.702
     1.866
     1.686
     2.132
     1.867
     1.801
     1.371
     2.072
     1.814
     1.697
     1.683
     1.580
     2.042
     2.032
     1.707
     2.107
     1.814
     1.811
     1.838
     1.966
     1.326
     2.154
     1.160
     1.510
     1.515
     1.701
     1.583
     2.069
     1.932
     1.879
     2.114
     1.630
     1.911
     2.088
     1.820
     1.766
     1.823
     1.629
     2.085
     1.759
     1.910
     1.836
     1.537
     2.035
     1.591
     1.693
     1.735
     1.681
     2.117
     2.075
     1.959
     1.659
     1.999
     2.092
     2.137
     1.742
     1.750
     2.051
     1.539
     1.879
     1.577
     1.662
     1.996
     1.801
     1.965
     1.855
     2.110
     1.741
     1.073
     1.706
     1.812
     1.774
     1.751
     1.881
     1.859
     1.589
     1.558
     1.940
     1.916
     2.074
     2.041
     2.044
     1.572
     2.090
     1.745
     1.353
     1.418
     2.169
     1.623
     1.506
     1.782
     1.624
     1.598
     1.733
     1.940
     2.132
     1.570
     2.132
     1.952
     1.889
     1.885
     1.895
     2.008
     1.929
     2.133
     1.610
     1.551
     1.949
     1.607
     1.950
     2.150
     1.880
     2.070
     1.879
     1.888
     1.641
     1.736
     2.121
     1.886
     2.139
     2.040
     1.748
     2.068
     1.882
     1.586
     2.065
     2.171
     1.924
     1.594
     1.944
     1.706
     1.718
     1.912
     1.486
     1.885
     2.025
     1.634
     2.144
     2.159
     1.777
     1.579
     1.994
     2.002
     2.083
     2.049
     1.999
     1.666
     1.769
     1.142
     1.882
     1.718
     2.013
     1.884
     1.913
     2.265
     1.750
     1.916
     1.882
     1.622
     1.907
     1.946
     1.913
     1.399
     1.814
     2.060
     1.971
     1.962
     1.344
     2.056
     2.071
     1.784
     2.062
     2.125
     1.877
     1.728
     1.650
     1.695
     2.067
     1.627
     1.969
     2.019
     1.728
     1.563
     1.687
     1.770
     1.954
     1.485
     1.670
     1.914
     1.879
     2.000
     1.894
     1.720
     2.134
     1.732
     2.138
     2.085
     1.425
     2.039
     1.915
     1.737
     1.694
     2.140
     1.431
     2.077
     1.672
     1.599
     2.036
     1.560
     2.040
     1.889
     1.551
     1.501
     1.708
     2.265
     2.154
     2.001
     2.136
     1.750
     1.283
     1.981
     2.072
     1.557
     1.557
     2.116
     1.357
     1.656
     1.740
     1.488
     1.733
     2.003
     1.568
     2.119
     1.727
     1.747
     1.737
     1.381
     1.759
     1.590
     1.879
     1.301
     1.716
     1.868
     1.946
     2.068
     2.180
     1.729
     2.004
     1.679
     1.819
     1.911
     2.094
     1.564
     1.983
     1.532
     1.853
     1.861
     1.811
     2.085
     1.794
     1.679
     2.184
     1.986
     1.866
     2.053
     1.990
     1.931
     1.888
     1.969
     1.986
     1.405
     2.118
     2.060
     1.949
     1.793
     1.822
     1.783
     1.980
     1.984
     1.594
     1.964
     1.732
     1.622
     1.849
     1.986
     1.511
     1.739
     1.838
     1.987
     2.041
     1.927
     1.785
     1.814
     1.495
     1.824
     1.904
     1.784
     1.812
     1.838
     1.871
     2.059
     1.602
     1.461
     1.880
     2.038
     1.621
     1.649
     1.795
     2.131
     2.105
     1.754
     1.388
     1.874
     2.102
     1.862
     1.470
     1.876
     1.720
     1.696
     1.643
     1.852
     2.110
     2.124
     1.629
     2.042
     1.846
     1.647
     1.878
     1.527
     1.512
     2.120
     1.600
     1.266
     1.468
     1.874
     1.803
     2.144
     2.043
     1.782
     1.529
     1.768
     1.568
     1.967
     1.692
     1.407
     2.089
     1.767
     1.676
     1.932
     1.723
     1.617
     2.219
     1.951
     1.670
     1.663
     1.841
     1.983
     1.899
     1.733
     1.573
     1.600
     1.704
     1.977
     1.815
     1.597
     1.442
     1.661
     2.138
     1.664
     1.835
     1.845
     1.866
     1.987
     2.025
     1.919
     2.040
     2.053
     1.823
     1.968
     1.676
     2.258
     1.988
     1.822
     1.778
     2.146
     1.918
     2.076
     1.814
     1.784
     1.597
     2.034
     1.591
     2.022
     1.740
     2.241
     1.623
     1.888
     1.578
     1.674
     1.627
     2.125
     1.890
     1.152
     2.166
     1.722
     1.585
     1.472
     1.772
     1.352
     2.120
     1.739
     1.658
     1.926
     2.037
     1.733
     1.601
     1.937
     1.959
     1.702
     1.949
     1.943
     1.672
     1.821
     1.581
     2.115
     1.680
     1.738
     1.043
     2.136
     2.220
     1.927
     1.899
     2.077
     1.997
     1.849
     1.925
     2.144
     2.129
     1.604
     1.614
     2.143
     1.879
     1.543
     1.554
     1.616
     1.743
     1.806
     1.692
     1.617
     1.708
     1.551
     1.725
     1.604
     1.907
     1.600
     1.652
     1.958
     1.753
     1.982
     1.621
     2.056
     1.913
     1.929
     1.863
     1.575
     1.956
     1.937
     1.850
     1.625
     1.841
     1.632
     2.160
     2.063
     1.898
     2.198
     1.837
     2.071
     1.648
     2.042
     1.139
     2.028
     2.029
     2.067
     1.998
     1.795
     2.162
     1.817
     1.613
     2.160
     1.793
     1.585
     2.130
     1.625
     2.040
     1.633
     1.926
     1.877
     1.539
     1.854
     1.992
     1.981
     1.478
     1.436
     1.765
     1.246
     1.692
     2.065
     1.939
     2.065
     1.523
     1.620
     1.938
     1.946
     1.926
     1.602
     1.900
     1.367
     1.945
     1.646
     1.656
     1.918
     1.557
     1.624
     1.683
     1.634
     1.490
     1.592
     1.909
     1.970
     1.714
     1.761
     1.939
     2.135
     1.947
     1.966
     1.201
     1.545
     1.436
     1.970
     1.718
     1.067
     1.819
     2.017
     1.848
     1.769
     2.125
     1.717
     2.029
     2.028
     2.082
     1.899
     1.724
     1.783
     1.911
     1.951
     1.779
     1.893
     2.211
     1.984
     1.869
     1.719
     1.840
     2.039
     2.026
     1.558
     1.856
     1.623
     2.150
     1.804
     1.863
     1.623
     1.671
     1.610
     1.869
     2.131
     1.964
     1.585
     1.723
     1.788
     2.058
     1.970
     1.886
     2.064
     2.029
     1.919
     1.878
     1.767
     1.605
     2.009
     2.162
     2.246
     1.918
     1.741
     2.040
     1.743
     2.066
     1.961
     1.635
     1.972
     1.797
     1.690
     0.972
     1.582
     2.025
     1.941
     1.655
     1.658
     1.621
     1.924
     1.719
     2.076
     1.334
     1.802
     1.611
     1.464
     1.987
     1.586
     2.038
     1.690
     2.194
     2.144
     1.847
     2.149
     1.737
     1.033
     1.790
     1.945
     1.846
     1.927
     1.903
     1.603
     1.912
     1.916
     1.902
     1.841
     1.742
     1.955
     1.990
     1.754
     1.651
     1.867
     1.848
     1.996
     1.967
     1.697
     1.570
     1.899
     1.771
     1.868
     1.142
     1.544
     1.953
     1.723
     1.928
     1.600
     1.984
     2.090
     1.906
     1.612
     1.728
     1.928
     1.566
     1.567
     1.842
     1.474
     1.936
     1.943
     2.161
     2.140
     2.168
     1.921
     1.812
     1.801
     1.712
     1.949
     1.999
     1.705
     2.137
     1.544
     1.878
     1.674
     1.733
     1.476
     1.709
     1.799
     1.945
     2.015
     1.627
     1.416
     1.707
     1.915
     1.833
     1.959
     1.940
     1.874
     1.810
     1.900
     2.116
     2.040
     2.086
     1.718
     2.231
     2.126
     1.858
     1.909
     2.064
     2.044
     1.677
     2.164
     1.546
     1.998
     2.045
     1.532
     2.006
     1.925
     1.760
     2.054
     2.039
     1.806
     2.099
     1.897
     1.806
     1.577
     1.884
     1.962
     1.880
     1.627
     2.086
     1.667
     2.041
     1.544
     2.139
     1.468
     2.036
     2.008
     1.802
     2.095
     2.036
     1.683
     1.859
     1.758
     1.973
     1.912
     2.058
     1.589
     1.931
     1.451
     2.068
     2.038
     1.364
     1.696
     1.564
     1.547
     2.159
     2.027
     2.045
     1.948
     1.995
     2.058
     1.872
     2.121
     1.972
     2.111
     1.704
     1.963
     1.887
     2.107
     1.698
     2.025
     1.631
     1.898
     1.907
     0.956
     2.026
     2.036
     1.655
     1.563
     1.727
     1.924
     1.668
     1.620
     1.870
     1.629
     1.632
     1.989
     2.023
     2.140
     1.761
     1.761
     1.579
     1.849
     2.040
     2.016
     1.867
     1.440
     1.922
     1.627
     1.798
     2.090
     2.248
     1.748
     1.790
     1.762
     1.830
     1.849
     2.071
     2.064
     2.051
     1.746
     2.105
     2.252
     1.746
     1.583
     1.609
     1.640
     1.668
     1.630
     2.088
     2.087
     1.579
     2.204
     1.513
     0.942
     2.050
     1.604
     2.030
     1.957
     2.020
     1.806
     2.104
     1.798
     1.680
     1.581
     1.699
     1.825
     2.137
     1.678
     1.690
     1.574
     1.918
     2.157
     1.885
     1.697
     1.832
     1.905
     2.046
     2.020
     1.994
     1.931
     1.653
     1.944
     1.650
     1.594
     1.826
     1.713
     1.781
     1.539
     1.978
     1.804
     1.987
     1.987
     2.060
     2.217
     1.588
     2.032
     1.936
     1.755
     2.008
     1.631
     2.132
     1.983
     1.877
     1.620
     1.819
     1.648
     1.782
     2.104
     1.548
     1.869
     1.756
     1.588
     1.971
     1.923
     1.897
     1.716
     1.775
     1.580
     1.862
     1.653
     1.899
     1.948
     2.004
     2.040
     1.796
     1.431
     1.792
     2.249
     1.981
     1.990
     2.143
     1.943
     1.745
     2.076
     2.123
     2.157
     1.799
     2.057
     1.764
     1.825
     1.781
     1.802
     1.885
     2.237
     1.616
     1.814
     1.887
     1.879
     1.544
     1.857
     1.174
     2.141
     2.035
     1.641
     1.903
     1.932
     1.633
     1.914
     1.906
     2.136
     1.718
     2.187
     2.127
     1.611
     1.900
     1.165
     1.717
     1.497
     1.633
     1.486
     1.731
     1.674
     2.042
     1.759
     2.085
     1.895
     1.568
     2.003
     1.925
     1.822
     1.616
     1.202
     1.854
     1.913
     1.824
     1.235
     1.715
     1.676
     1.630
     1.575
     1.656
     1.878
     2.070
     1.681
     2.087
     1.415
     1.466
     1.868
     2.044
     1.749
     1.824
     1.855
     1.611
     1.915
     1.759
     1.958
     1.986
     2.129
     1.490
     1.805
     2.079
     1.613
     1.601
     1.976
     2.109
     2.021
     1.562
     1.890
     1.833
     1.790
     1.806
     1.816
     1.917
     1.890
     1.894
     2.027
     1.881
     1.975
     1.946
     1.692
     1.800
     1.808
     1.955
     2.136
     1.651
     2.185
     1.663
     1.850
     1.894
     1.999
     2.072
     1.587
     2.126
     1.506
     2.074
     1.807
     1.825
     2.017
     1.994
     2.051
     1.489
     1.854
     1.607
     1.690
     1.578
     1.733
     1.803
     1.997
     1.883
     1.824
     2.068
     1.501
     1.336
     1.951
     1.594
     1.734
     2.098
     1.592
     2.035
     2.038
     1.614
     1.906
     2.129
     2.162
     1.229
     1.578
     1.983
     1.375
     2.238
     1.888
     1.801
     1.915
     1.962
     1.861
     1.649
     2.025
     1.768
     1.786
     1.994
     2.139
     1.616
     2.074
     1.634
     2.043
     1.731
     1.804
     2.064
     1.706
     1.910
     1.942
     2.033
     1.692
     1.955
     1.877
     1.737
     1.851
     1.549
     1.688
     1.960
     2.174
     1.907
     2.117
     1.856
     2.044
     1.861
     1.453
     1.777
     1.895
     2.137
     1.514
     1.834
     2.132
     1.134
     1.971
     1.505
     1.693
     1.880
     1.942
     1.841
     1.789
     1.981
     1.768
     2.226
     1.517
     2.223
     2.061
     1.515
     2.191
     1.470
     1.942
     1.765
     1.638
     1.947
     2.020
     1.673
     1.664
     2.076
     1.741
     1.864
     1.810
     2.086
     1.999
     1.694
     1.556
     2.085
     1.679
     1.722
     1.610
     1.776
     1.921
     1.680
     1.863
     1.777
     1.948
     1.664
     1.665
     1.586
     1.602
     1.598
     1.872
     1.632
     1.875
     1.532
     1.497
     1.882
     1.606
     1.487
     1.590
     1.382
     1.862
     2.036
     1.993
     2.113
     1.613
     1.703
     1.364
     1.640
     1.710
     1.526
     1.578
     1.984
     1.935
     1.971
     2.082
     1.919
     1.573
     2.244
     1.823
     1.628
     2.086
     1.661
     1.793
     1.603
     1.879
     1.897
     2.109
     1.605
     1.157
     1.980
     1.979
     1.673
     2.055
     1.787
     2.108
     1.920
     2.008
     1.979
     1.917
     2.122
     1.852
     1.897
     1.754
     1.916
     2.087
     2.067
     1.604
     2.014
     2.063
     1.668
     1.796
     1.931
     1.687
     1.741
     2.090
     2.156
     1.756
     1.556
     2.137
     2.091
     1.792
     1.642
     1.937
     1.666
     2.137
     2.068
     1.644
     1.748
     1.803
     2.033
     1.792
     1.636
     1.749
     1.700
     1.839
     1.931
     1.628
     1.509
     1.694
     1.625
     1.866
     1.890
     1.640
     1.572
     1.949
     1.735
     2.018
     1.920
     1.373
     1.939
     1.915
     2.065
     1.616
     1.875
     1.757
     1.860
     1.661
     1.934
     2.068
     1.916
     2.050
     1.554
     1.583
     1.654
     1.970
     1.910
     0.821
     1.838
     0.977
     1.644
     1.624
     1.724
     2.028
     1.889
     1.928
     1.709
     1.591
     1.969
     1.902
     1.221
     1.705
     0.751
     1.961
     2.047
     2.029
     1.808
     1.537
     1.604
     2.006
     2.004
     1.910
     1.586
     1.990
     2.082
     1.946
     1.651
     1.934
     1.852
     1.936
     1.791
     1.940
     2.088
     1.626
     1.195
     1.560
     2.171
     1.877
     1.912
     2.068
     1.631
     2.022
     1.657
     2.056
     1.781
     1.667
     1.278
     2.182
     2.105
     1.610
     1.786
     1.846
     2.083
     1.864
     2.204
     1.977
     1.768
     1.682
     1.865
     2.093
     1.792
     1.722
     1.721
     1.680
     1.718
     1.967
     1.595
     1.588
     1.702
     1.610
     1.276
     1.827
     1.695
     1.736
     1.602
     1.828
     1.951
     1.580
     2.071
     1.859
     2.008
     1.607
     2.061
     1.844
     1.747
     1.659
     1.794
     1.867
     1.951
     1.838
     1.604
     1.682
     1.463
     1.813
     2.129
     1.737
     2.134
     2.131
     1.908
     1.869
     1.611
     1.876
     1.923
     1.963
     1.797
     1.825
     1.740
     1.505
     1.662
     1.453
     1.812
     1.902
     1.767
     1.556
     1.544
     1.731
     1.816
     1.754
     2.131
     1.729
     2.097
     1.888
     1.896
     1.570
     2.028
     1.569
     1.613
     2.084
     1.837
     1.769
     2.087
     2.071
     1.836
     1.775
     1.714
     1.623
     1.687
     1.884
     1.348
     1.751
     1.634
     1.992
     1.768
     1.795
     1.696
     2.023
     1.680
     1.658
     1.636
     1.688
     2.213
     1.614
     1.560
     1.475
     1.613
     1.947
     1.965
     1.867
     1.705
     1.788
     2.159
     1.953
     2.126
     1.730
     1.756
     1.914
     1.621
     1.984
     1.984
     1.923
     1.572
     1.665
     1.992
     2.155
     1.500
     1.823
     1.585
     1.828
     1.712
     2.071
     1.974
     1.963
     1.573
     1.914
     1.514
     1.822
     1.738
     1.589
     1.551
     2.162
     1.888
     1.971
     2.073
     1.546
     2.010
     1.768
     1.457
     1.590
     1.639
     1.950
     1.926
     2.054
     2.117
     1.706
     1.572
     1.711
     2.102
     1.841
     1.974
     1.534
     1.580
     1.942
     1.564
     1.776
     1.644
     1.697
     1.961
     1.596
     1.189
     1.911
     2.027
     1.920
     1.696
     2.035
     1.910
     2.020
     1.835
     1.825
     1.789
     2.166
     1.779
     1.751
     1.357
     1.792
     1.614
     2.059
     1.757
     1.963
     1.644
     2.194
     2.069
     1.648
     1.591
     1.949
     1.951
     2.062
     1.473
     1.515
     0.689
     1.824
     1.819
     2.101
     1.698
     1.604
     1.964
     1.888
     1.983
     1.820
     1.893
     2.124
     2.099
     1.622
     1.952
     2.123
     1.782
     2.226
     1.503
     1.945
     2.115
     1.839
     1.621
     1.839
     2.028
     2.198
     1.937
     1.725
     2.165
     1.696
     1.602
     1.610
     1.629
     1.855
     1.946
     2.049
     2.178
     1.889
     1.527
     1.713
     1.492
     2.109
     1.884
     1.506
     1.824
     1.740
     1.881
     1.799
     1.625
     1.541
     1.911
     1.669
     1.614
     2.086
     1.607
     2.146
     1.987
     1.779
     1.833
     1.610
     1.724
     2.111
     1.732
     1.966
     1.945
     1.329
     1.825
     1.611
     2.093
     1.644
     2.184
     1.598
     1.747
     1.648
     1.850
     1.793
     1.926
     1.593
     2.053
     2.013
     1.621
     1.760
     1.891
     2.068
     2.032
     1.738
     1.670
     1.685
     1.884
     1.574
     2.097
     1.696
     2.234
     2.213
     1.528
     1.619
     1.846
     1.385
     2.070
     1.856
     2.123
     1.898
     1.453
     1.646
     1.782
     1.659
     1.881
     2.114
     1.871
     1.582
     1.742
     1.652
     1.822
     1.857
     2.097
     1.769
     1.976
     1.670
     2.156
     2.143
     1.611
     2.137
     2.079
     1.602
     1.897
     2.118
     1.812
     1.641
     1.729
     1.655
     1.685
     1.921
     1.946
     1.980
     2.044
     1.936
     1.616
     1.789
     2.048
     2.191
     2.145
     1.708
     1.684
     1.971
     1.582
     1.839
     1.669
     1.773
     1.615
     2.224
     1.668
     1.551
     1.663
     1.895
     1.688
     2.126
     1.794
     1.888
     1.885
     1.541
     1.562
     1.840
     1.989
     2.249
     1.300
     2.032
     1.767
     1.935
     1.941
     1.579
     1.931
     2.000
     1.718
     1.737
     1.933
     2.106
     1.918
     1.558
     1.840
     2.167
     2.187
     1.586
     2.121
     1.496
     1.737
     1.927
     1.672
     1.347
     1.647
     1.672
     1.741
     1.888
     1.769
     1.735
     1.837
     2.072
     1.848
     1.594
     1.608
     2.149
     1.639
     2.001
     2.004
     1.491
     1.532
     1.795
     1.501
     1.887
     2.061
     2.130
     1.464
     2.145
     1.775
     1.645
     1.846
     1.698
     2.016
     2.134
     1.938
     1.689
     1.517
     2.082
     1.997
     1.994
     1.756
     1.568
     1.848
     1.601
