     2.590
     2.312
     2.605
     2.620
     2.632
     2.636
     2.600
     2.569
     2.579
     2.586
     2.576
     2.604
     2.653
     2.678
     2.687
     2.694
     2.691
     2.689
     2.687
     2.685
     2.684
     2.695
     2.703
     2.696
     2.674
     2.652
     2.642
     2.648
     2.665
     2.671
     2.678
     2.665
     2.645
     2.602
     2.589
     2.560
     2.541
     2.507
     2.516
     2.546
     2.680
     2.749
     2.803
     2.877
     2.933
     3.046
     3.133
     3.189
     3.219
     3.231
     3.239
     3.239
     3.257
     3.244
     3.234
     3.212
     3.200
     3.172
     3.137
     3.111
     3.083
     3.060
     3.060
     3.074
     3.069
     3.069
     3.069
     3.072
     3.074
     3.059
     3.041
     3.034
     3.029
     3.016
     3.003
     3.025
     3.059
     3.123
     3.208
     3.272
     3.289
     3.257
     3.170
     3.094
     3.047
     3.018
     3.114
     3.186
     3.307
     3.387
     3.421
     3.437
     3.444
     3.441
     3.432
     3.440
     3.444
     3.450
     3.445
     3.429
     3.351
     3.285
     3.218
     3.199
     3.212
     3.254
     3.289
     3.351
     3.390
     3.437
     3.481
     3.508
     3.519
     3.516
     3.510
     3.510
     3.483
     3.477
     3.439
     3.427
     3.402
     3.372
     3.350
     3.308
     3.253
     3.151
     3.009
     2.851
     2.632
     2.439
     2.404
     2.461
     2.375
     2.289
     2.242
     2.185
     2.178
     2.217
     2.442
     2.540
     2.590
     2.646
     2.770
     2.872
     2.928
     2.959
     2.959
     2.927
     2.877
     2.852
     2.830
     2.791
     2.734
     2.658
     2.614
     2.665
     2.729
     2.794
     2.872
     2.930
     2.924
     2.849
     2.742
     2.600
     2.258
     2.015
     1.854
     1.966
     2.057
     2.115
     2.155
     2.217
     2.280
     2.329
     2.392
     2.452
     2.555
     2.608
     2.656
     2.747
     2.829
     2.946
     3.068
     3.220
     3.333
     3.394
     3.413
     3.415
     3.408
     3.403
     3.381
     3.348
     3.307
     3.259
     3.220
     3.168
     3.131
     3.102
     3.073
     3.044
     3.002
     2.960
     2.909
     2.853
     2.800
     2.725
     2.634
     2.518
     2.426
     2.450
     2.452
     2.416
     2.383
     2.369
     2.410
     2.471
     2.508
     2.547
     2.558
     2.577
     2.576
     2.493
     2.419
     2.211
     2.140
     2.306
     2.403
     2.508
     2.597
     2.666
     2.711
     2.758
     2.757
     2.764
     2.765
     2.767
     2.737
     2.715
     2.692
     2.663
     2.613
     2.577
     2.617
     2.726
     2.747
     2.747
     2.740
     2.747
     2.748
     2.747
     2.759
     2.767
     2.773
     2.767
     2.741
     2.715
     2.681
     2.634
     2.596
     2.554
     2.512
     2.476
     2.452
     2.454
     2.473
     2.474
     2.476
     2.481
     2.480
     2.475
     2.526
     2.559
     2.576
     2.583
     3.100
     1.944
     2.624
     2.782
     2.839
     2.489
     2.927
     2.424
     2.054
     2.615
     2.923
     2.821
     3.025
     2.586
     2.873
     2.184
     2.603
     2.998
     2.647
     2.591
     1.099
     2.520
     2.965
     2.532
     3.120
     2.804
     3.269
     2.454
     3.415
     3.088
     3.189
     2.646
     2.577
     2.525
     2.432
     1.077
     2.587
     2.600
     2.328
     2.570
     2.585
     1.629
     2.179
     2.567
     2.866
     2.954
     2.708
     2.625
     2.646
     3.063
     3.185
     2.426
     3.165
     3.492
     2.350
     3.356
     2.749
     3.185
     2.144
     2.964
     2.907
     2.831
     2.865
     2.889
     2.977
     1.450
     2.590
     2.961
     2.892
     2.589
     3.088
     0.990
     2.903
     2.505
     2.512
     2.893
     2.431
     2.791
     3.418
     2.536
     2.596
     2.742
     0.957
     2.374
     2.713
     2.351
     2.557
     3.161
     2.797
     1.804
     2.099
     2.623
     2.173
     2.603
     2.051
     2.602
     2.570
     2.556
     3.284
     2.788
     2.520
     3.217
     1.726
     2.760
     2.628
     2.413
     2.740
     2.551
     2.516
     2.660
     2.580
     2.704
     2.112
     3.721
     3.154
     3.344
     2.472
     2.987
     2.563
     3.118
     2.893
     2.581
     2.160
     2.109
     3.294
     2.600
     2.538
     2.852
     2.813
     2.591
     3.360
     2.883
     2.654
     2.672
     3.345
     1.838
     3.293
     3.042
     2.626
     1.923
     2.329
     2.832
     2.686
     1.989
     2.619
     2.823
     2.757
     2.637
     2.655
     2.442
     2.830
     1.659
     2.055
     2.368
     2.882
     1.983
     2.177
     2.628
     2.709
     3.079
     2.696
     2.635
     2.678
     2.664
     1.414
     3.549
     2.679
     3.761
     2.075
     3.111
     3.305
     2.676
     2.673
     2.814
     2.351
     1.989
     2.458
     2.384
     2.667
     2.509
     3.149
     2.695
     2.753
     2.802
     3.056
     2.650
     2.547
     2.438
     2.155
     1.452
     3.057
     2.457
     2.473
     3.152
     2.826
     2.989
     2.545
     2.861
     2.543
     2.548
     3.027
     3.042
     2.889
     2.993
     2.494
     2.284
     2.585
     2.956
     2.588
     2.896
     3.066
     2.970
     2.506
     2.754
     2.876
     2.612
     2.664
     2.293
     3.144
     1.586
     2.955
     2.685
     2.513
     2.862
     3.087
     1.528
     2.583
     2.100
     2.049
     1.693
     3.011
     1.262
     3.183
     2.945
     3.637
     2.823
     3.055
     3.211
     2.436
     1.214
     3.136
     3.318
     2.249
     3.411
     2.434
     2.631
     3.101
     2.525
     2.473
     2.644
     2.510
     2.185
     2.586
     2.396
     2.474
     2.644
     2.204
     2.608
     2.897
     3.076
     3.031
     2.737
     2.021
     2.572
     2.516
     2.624
     3.230
     3.505
     1.882
     2.641
     2.724
     3.317
     2.846
     2.711
     1.471
     1.426
     3.178
     2.828
     2.926
     2.490
     2.826
     2.570
     2.587
     2.568
     2.438
     2.745
     3.251
     2.781
     2.983
     2.465
     2.681
     2.592
     2.543
     3.154
     2.522
     2.458
     2.343
     2.463
     2.672
     2.813
     2.982
     2.651
     2.413
     2.676
     2.811
     2.920
     3.222
     3.034
     2.437
     2.695
     2.623
     3.060
     2.643
     3.247
     2.120
     2.365
     3.067
     2.506
     3.356
     2.551
     2.575
     3.498
     2.659
     2.850
     2.984
     3.243
     1.250
     2.613
     3.631
     2.287
     3.268
     3.167
     3.000
     2.238
     2.596
     2.398
     3.343
     2.989
     3.516
     2.765
     2.625
     2.556
     2.662
     2.522
     2.746
     2.244
     1.897
     2.516
     2.377
     2.538
     2.133
     2.858
     2.991
     2.755
     2.756
     2.492
     2.713
     2.713
     2.294
     3.383
     2.318
     2.148
     2.773
     2.504
     2.607
     3.320
     2.068
     3.304
     2.645
     2.762
     2.645
     2.325
     2.525
     2.272
     2.495
     2.910
     2.867
     2.504
     0.933
     2.884
     1.267
     2.451
     2.563
     2.673
     2.695
     2.785
     2.582
     2.557
     3.207
     2.718
     2.820
     2.657
     2.651
     3.149
     2.706
     2.504
     1.344
     2.676
     3.715
     3.491
     2.618
     2.730
     2.661
     2.718
     2.558
     1.511
     1.590
     2.653
     2.617
     2.360
     2.885
     3.122
     2.410
     3.178
     3.332
     3.116
     2.768
     1.920
     2.045
     2.985
     2.803
     1.855
     2.596
     2.774
     2.310
     2.997
     2.531
     2.593
     2.986
     2.769
     2.504
     2.655
     3.114
     2.754
     2.661
     2.376
     2.426
     2.309
     2.826
     2.924
     2.628
     2.476
     2.617
     2.776
     2.659
     2.363
     2.486
     3.080
     3.698
     1.942
     3.614
     2.456
     2.623
     2.909
     3.179
     2.549
     2.518
     2.692
     2.823
     1.728
     3.445
     2.254
     2.574
     1.837
     1.532
     2.648
     2.581
     3.147
     3.136
     2.704
     2.450
     2.498
     3.188
     2.866
     3.180
     2.564
     2.844
     3.605
     2.617
     2.557
     2.957
     1.877
     3.317
     2.879
     2.982
     2.538
     2.616
     2.443
     2.667
     3.062
     3.006
     2.641
     2.828
     2.048
     2.631
     2.590
     1.932
     2.658
     2.531
     2.463
     3.632
     3.391
     3.229
     2.287
     3.086
     3.261
     3.179
     2.654
     2.663
     2.029
     3.009
     2.627
     1.988
     2.520
     0.987
     2.963
     2.704
     2.509
     2.384
     2.632
     3.182
     2.091
     2.937
     2.677
     2.941
     2.583
     3.203
     2.185
     1.587
     2.579
     1.994
     3.343
     2.353
     2.421
     2.879
     2.582
     3.039
     2.826
     1.528
     2.876
     3.186
     2.925
     2.690
     1.786
     2.403
     2.499
     2.568
     2.682
     2.663
     2.631
     2.652
     3.038
     2.588
     3.359
     2.901
     2.464
     2.775
     2.861
     3.023
     2.578
     2.592
     2.825
     2.607
     2.602
     3.398
     2.590
     2.674
     3.001
     2.883
     1.359
     3.236
     1.598
     2.034
     2.831
     3.011
     2.570
     2.072
     2.370
     2.671
     2.819
     2.322
     3.153
     2.628
     2.481
     3.082
     3.120
     2.900
     2.535
     3.085
     2.627
     2.971
     2.664
     2.515
     2.505
     2.493
     2.872
     2.254
     2.907
     2.486
     3.025
     3.189
     2.389
     1.516
     2.666
     2.708
     1.204
     2.005
     2.518
     1.430
     2.677
     2.734
     2.411
     2.931
     2.705
     2.816
     2.551
     2.696
     2.697
     2.709
     1.542
     2.896
     2.891
     2.710
     2.664
     1.789
     2.485
     2.878
     2.541
     2.859
     2.243
     3.099
     2.485
     2.620
     2.506
     2.540
     2.583
     2.603
     3.007
     3.304
     2.458
     2.575
     2.604
     2.606
     2.112
     1.709
     3.082
     2.856
     2.705
     2.539
     2.822
     1.746
     3.001
     2.898
     3.287
     2.991
     2.503
     2.846
     2.584
     0.907
     3.069
     3.030
     2.544
     3.325
     2.810
     2.649
     3.597
     2.551
     2.678
     2.604
     2.942
     2.228
     2.970
     3.051
     3.147
     0.784
     2.935
     2.828
     2.678
     1.001
     2.660
     3.236
     2.664
     3.046
     3.366
     2.336
     3.031
     2.505
     2.606
     2.523
     2.994
     2.561
     2.935
     2.085
     2.495
     2.456
     3.024
     3.169
     3.312
     1.599
     2.676
     2.875
     2.641
     3.062
     2.764
     3.031
     2.962
     2.631
     2.917
     2.604
     3.738
     1.576
     2.804
     3.027
     3.315
     2.655
     2.743
     2.725
     3.338
     1.895
     2.349
     2.716
     2.289
     3.059
     1.710
     2.387
     3.059
     2.884
     2.957
     2.437
     3.089
     3.668
     2.717
     3.112
     2.611
     3.267
     2.555
     2.974
     2.571
     3.586
     2.943
     2.532
     2.577
     2.012
     3.564
     2.496
     2.558
     1.559
     3.247
     2.627
     2.391
     2.520
     2.193
     3.016
     2.662
     2.311
     3.352
     2.753
     2.579
     2.924
     2.642
     2.978
     2.534
     2.656
     2.618
     3.095
     3.579
     2.512
     2.484
     2.727
     2.126
     3.268
     3.047
     2.781
     3.252
     3.075
     2.606
     2.586
     2.622
     3.115
     3.175
     2.273
     3.167
     3.111
     2.602
     2.693
     2.833
     2.887
     2.678
     2.261
     2.802
     2.561
     0.878
     2.745
     2.574
     2.141
     2.788
     3.081
     2.098
     2.864
     3.088
     3.059
     2.503
     2.450
     3.014
     2.824
     2.520
     2.545
     2.538
     2.590
     2.147
     2.873
     2.320
     3.012
     2.468
     1.382
     2.532
     2.562
     2.625
     2.783
     3.248
     2.495
     2.909
     2.805
     1.291
     2.538
     2.610
     2.365
     2.743
     2.487
     2.253
     3.211
     2.427
     3.166
     3.442
     2.604
     2.459
     2.676
     2.877
     2.633
     2.935
     2.859
     2.605
     3.050
     2.864
     1.867
     3.081
     1.837
     2.687
     3.009
     2.703
     3.159
     0.888
     2.719
     3.088
     3.111
     3.154
     2.494
     3.415
     3.087
     2.760
     2.510
     2.633
     2.616
     3.368
     2.539
     2.364
     2.444
     2.443
     2.599
     2.490
     0.706
     3.347
     2.500
     2.663
     3.097
     2.676
     2.624
     1.843
     3.186
     1.905
     3.126
     2.356
     2.183
     2.443
     2.597
     2.576
     2.638
     2.719
     2.299
     2.470
     2.699
     3.329
     2.935
     3.275
     2.561
     1.415
     2.789
     2.592
     2.805
     2.873
     2.530
     2.484
     2.242
     2.790
     2.856
     2.747
     2.824
     3.230
     2.242
     2.628
     3.550
     2.682
     2.860
     2.493
     2.620
     2.399
     2.151
     2.643
     2.471
     3.315
     2.703
     2.929
     3.095
     2.625
     2.468
     2.467
     3.198
     1.961
     3.290
     3.620
     3.299
     2.578
     2.596
     1.090
     2.827
     2.266
     2.761
     2.456
     2.536
     3.006
     2.697
     2.657
     2.562
     2.643
     2.548
     3.400
     1.842
     2.602
     3.179
     3.116
     2.895
     2.628
     2.641
     2.509
     2.310
     3.137
     1.968
     2.445
     3.069
     2.551
     3.183
     2.711
     1.094
     2.439
     2.984
     2.445
     1.317
     2.657
     2.697
     3.430
     2.813
     2.858
     2.674
     3.118
     2.801
     2.941
     1.601
     1.549
     2.771
     2.786
     2.574
     2.301
     2.692
     3.016
     2.577
     1.510
     3.071
     1.899
     3.020
     2.573
     2.590
     2.906
     2.239
     2.516
     2.539
     2.685
     3.705
     2.820
     2.891
     3.083
     2.611
     2.673
     3.095
     2.469
     3.413
     2.675
     3.040
     0.978
     2.831
     2.399
     2.445
     2.522
     3.507
     2.646
     3.009
     2.445
     3.372
     2.480
     2.775
     2.977
     2.612
     2.593
     2.496
     3.080
     2.528
     2.680
     2.604
     2.790
     3.010
     2.478
     2.946
     2.723
     2.990
     2.929
     3.409
     2.622
     3.238
     3.338
     2.734
     2.605
     2.441
     1.793
     2.670
     2.891
     2.550
     2.388
     2.618
     2.483
     2.740
     2.682
     2.313
     2.014
     2.529
     2.776
     1.138
     2.648
     3.059
     3.018
     2.147
     2.518
     2.384
     3.244
     2.475
     3.565
     2.547
     2.465
     2.503
     2.693
     2.894
     2.760
     3.296
     2.593
     3.452
     3.473
     2.635
     2.543
     2.346
     3.656
     2.884
     2.650
     2.496
     3.142
     2.375
     2.752
     3.063
     3.211
     2.706
     2.514
     2.668
     1.781
     2.576
     2.541
     2.759
     2.089
     2.545
     2.819
     2.499
     3.176
     2.612
     2.209
     2.924
     2.416
     3.031
     2.461
     2.232
     3.113
     1.999
     3.249
     2.795
     2.211
     2.555
     2.633
     2.594
     3.086
     2.644
     2.004
     3.345
     1.589
     1.258
     3.221
     2.506
     2.201
     2.476
     2.579
     2.516
     2.855
     2.453
     2.499
     2.595
     2.526
     3.046
     2.625
     3.653
     3.068
     2.759
     2.611
     2.672
     2.582
     2.485
     2.500
     2.868
     2.417
     2.694
     1.892
     2.345
     3.120
     3.138
     2.407
     2.557
     2.436
     2.952
     2.650
     3.188
     3.366
     2.772
     3.013
     2.591
     2.447
     3.361
     2.667
     2.076
     2.480
     2.386
     1.412
     3.118
     3.098
     2.601
     2.315
     2.828
     2.692
     2.666
     1.668
     2.666
     3.009
     2.762
     3.143
     2.598
     3.142
     2.441
     2.526
     2.928
     2.652
     1.255
     2.423
     2.674
     1.401
     2.746
     2.894
     2.546
     2.329
     3.254
     3.303
     2.652
     2.857
     2.510
     2.607
     2.746
     2.191
     2.960
     1.585
     2.749
     3.096
     3.172
     3.116
     2.700
     2.448
     2.664
     2.680
     2.576
     2.614
     2.772
     2.966
     2.737
     1.676
     2.447
     2.559
     2.796
     2.784
     2.396
     3.189
     2.789
     3.352
     3.005
     2.829
     2.714
     2.840
     2.837
     2.578
     3.671
     2.488
     3.223
     2.570
     2.736
     1.685
     2.829
     2.437
     2.612
     2.366
     2.947
     2.384
     2.584
     2.571
     1.982
     2.579
     2.628
     2.635
     2.599
     2.224
     2.965
     2.564
     1.781
     1.123
     3.587
     2.880
     2.808
     2.640
     2.513
     3.022
     2.586
     2.657
     3.240
     2.397
     2.632
     3.273
     3.457
     3.217
     3.038
     2.605
     3.058
     3.119
     2.385
     3.292
     2.369
     2.732
     2.521
     2.494
     2.617
     3.513
     1.520
     2.771
     2.711
     2.053
     2.937
     2.553
     2.545
     2.500
     3.298
     3.431
     2.530
     2.668
     2.768
     3.248
     2.665
     3.115
     2.561
     2.821
     3.501
     2.766
     2.934
     3.223
     3.045
     3.403
     2.475
     2.247
     2.815
     3.727
     0.918
     2.860
     2.655
     3.028
     3.052
     2.534
     2.912
     2.619
     3.265
     2.527
     3.269
     2.424
     2.676
     1.723
     3.165
     2.632
     1.569
     2.666
     2.502
     2.774
     2.655
     2.640
     2.342
     3.637
     2.751
     2.592
     3.407
     3.367
     2.615
     2.636
     3.019
     2.690
     2.635
     1.957
     2.803
     2.566
     2.491
     3.112
     2.922
     2.983
     3.160
     1.928
     0.867
     2.394
     2.104
     3.600
     2.478
     1.778
     2.696
     2.622
     2.313
     2.462
     2.417
     1.313
     1.196
     3.124
     2.621
     2.685
     2.584
     2.440
     3.334
     1.953
     1.531
     2.848
     2.884
     2.790
     2.239
     2.889
     2.363
     2.590
     2.508
     1.674
     2.547
     3.021
     2.522
     2.450
     2.896
     2.547
     2.602
     2.792
     2.777
     2.539
     3.411
     3.260
     3.321
     2.275
     2.502
     2.941
     2.397
     1.786
     1.597
     2.380
     1.827
     2.700
     3.424
     2.189
     2.754
     2.662
     2.646
     2.710
     3.297
     2.840
     2.595
     2.707
     2.522
     1.945
     2.633
     3.466
     2.691
     1.946
     3.094
     2.401
     3.077
     1.914
     3.086
     2.937
     2.535
     2.738
     1.433
     3.103
     2.705
     2.507
     3.408
     2.834
     1.978
     1.627
     2.002
     3.190
     2.454
     2.529
     2.522
     1.517
     2.883
     1.183
     2.670
     2.535
     2.614
     2.748
     2.725
     3.310
     2.616
     2.516
     2.528
     2.807
     2.879
     2.275
     2.878
     1.964
     2.998
     2.281
     2.619
     2.482
     2.405
     2.655
     2.637
     2.501
     2.205
     2.792
     2.099
     2.870
     2.641
     3.079
     2.603
     2.848
     2.830
     3.313
     2.120
     2.664
     2.738
     2.633
     2.325
     2.602
     3.250
     3.565
     2.542
     2.616
     2.447
     2.982
     2.725
     2.768
     2.723
     2.579
     2.535
     3.142
     2.708
     2.844
     2.751
     2.608
     2.528
     2.421
     2.566
     2.759
     2.542
     2.868
     2.602
     2.553
     2.642
     2.591
     1.478
     2.378
     2.735
     2.975
     3.056
     3.007
     3.222
     2.476
     2.688
     3.102
     2.732
     3.120
     2.637
     2.285
     3.141
     3.193
     3.754
     2.839
     2.711
     2.641
     3.232
     2.601
     2.278
     1.234
     2.981
     3.105
     2.577
     2.879
     3.069
     2.195
     3.032
     2.893
     2.623
     3.509
     2.661
     2.725
     2.479
     2.158
     2.867
     2.773
     2.132
     3.622
     2.607
     1.638
     2.467
     2.974
     2.931
     2.082
     2.601
     3.574
     1.727
     3.076
     2.571
     2.857
     2.318
     2.541
     3.292
     2.460
     3.249
     2.449
     2.585
     2.338
     2.687
     2.536
     2.417
     3.152
     3.227
     3.134
     2.640
     2.260
     2.970
     2.470
     1.761
     2.992
     2.832
     2.814
     1.968
     2.727
     2.030
     2.637
     1.288
     3.107
     2.744
     2.411
     2.244
     3.013
     2.553
     2.618
     2.328
     3.127
     2.596
     2.770
     2.587
     2.615
     2.734
     2.607
     2.541
     2.365
     2.869
     2.947
     2.517
     2.803
     2.103
     2.637
     2.452
     3.488
     2.670
     2.469
     1.766
     3.030
     3.248
     3.532
     2.796
     2.757
     2.068
     3.130
     3.331
     2.624
     3.291
     2.540
     2.963
     2.787
     2.687
     2.516
     2.664
     2.632
     2.117
     2.770
     1.394
     1.727
     2.672
     3.213
     2.799
     2.882
     2.645
     2.384
     3.150
     3.114
     2.797
     2.559
     2.713
     2.575
     2.657
     2.559
     2.681
     2.595
     2.668
     2.427
     2.429
     3.051
     1.716
     1.049
     2.951
     2.465
     2.634
     2.534
     2.808
     2.857
     2.531
     1.916
     3.691
     2.872
     2.617
     3.371
     2.890
     2.672
     2.626
     1.466
     2.628
     2.978
     2.652
     2.839
     3.141
     2.634
     2.541
     1.500
     2.607
     2.912
     2.820
     2.637
     2.528
     2.439
     3.284
     2.613
     2.714
     2.640
     3.594
     2.594
     3.076
     2.935
     2.656
     2.537
     2.506
     3.139
     2.667
     1.094
     2.689
     2.390
     2.722
     1.402
     2.047
     2.796
     2.792
     2.920
     2.606
     2.593
     2.766
     2.897
     1.616
     2.519
     3.131
     2.338
     2.743
     2.623
     2.823
     3.062
     2.853
     2.955
     2.396
     2.868
     1.365
     2.597
     1.775
     2.645
     1.674
     3.629
     2.363
     2.537
     2.770
     2.843
     3.216
     2.663
     1.976
     2.867
     2.347
     2.562
     2.047
     2.651
     2.742
     2.054
     2.027
     2.611
     2.977
     2.931
     2.861
     3.163
     2.852
     2.066
     2.588
     2.621
     2.895
     3.353
     2.436
     1.943
     2.377
     3.111
     3.078
     3.259
     2.420
     2.646
     2.751
     2.315
     2.854
     3.025
     3.055
     3.162
     2.587
     2.540
     2.651
     3.028
     2.640
     2.324
     2.394
     2.649
     2.706
     2.338
     2.476
     2.552
     3.073
     2.902
     3.415
     2.609
     1.375
     2.701
     2.635
     3.046
     3.086
     2.626
     2.673
     2.968
     2.516
     2.444
     2.851
     2.698
     2.179
     3.224
     1.114
     1.822
     3.388
     3.111
     3.185
     3.231
     2.933
     3.066
     2.796
     2.708
     2.474
     3.051
     2.774
     2.682
     3.027
     2.816
     2.429
     2.400
     1.581
     2.599
     2.398
     2.663
     2.881
     2.846
     2.606
     3.138
     2.769
     2.517
     2.793
     3.401
     2.780
     2.559
     2.510
     2.963
     2.841
     2.588
     3.273
     3.700
     2.545
     2.582
     2.639
     2.791
     2.793
     2.646
     2.637
     2.680
     2.768
     2.637
     3.073
     2.947
     3.332
     1.425
     2.516
     2.611
     2.889
     2.520
     2.583
     2.177
     2.587
     2.502
     2.566
     1.223
     2.592
     2.958
     2.492
     2.566
     2.622
     2.764
     1.580
     1.579
     3.113
     2.981
     3.099
     2.910
     3.041
     1.729
     2.615
     2.602
     2.530
     2.918
     2.319
     2.408
     2.510
     2.461
     2.424
     2.713
     3.134
     2.527
     3.197
     2.765
     2.551
     2.517
     3.431
     2.855
     2.453
     3.081
     3.151
     2.141
     2.622
     1.891
     1.704
     2.596
     2.618
     3.599
     3.490
     2.291
     2.388
     2.725
     3.011
     2.700
     1.666
     1.768
     2.525
     2.136
     2.331
     3.641
     2.677
     2.473
     3.754
     2.311
     1.903
     1.821
     3.032
     2.568
     3.076
     2.728
     1.534
     2.648
     3.175
     2.847
     2.601
     2.837
     2.069
     2.678
     3.677
     2.230
     3.047
     2.794
     3.066
     2.883
     2.779
     0.682
     3.307
     2.943
     2.515
     1.547
     2.951
     2.669
     3.110
     3.126
     2.858
     3.322
     2.359
     3.074
     2.390
     3.195
     3.003
     3.009
     2.596
     2.892
     3.585
     2.216
     2.328
     3.436
     1.309
     3.054
     3.039
     3.679
     3.125
     2.943
     2.665
     2.652
     2.630
     2.510
     3.296
     3.151
     2.489
     2.848
     2.893
     3.415
     2.772
     2.626
     1.284
     2.273
     2.619
     2.601
     3.086
     3.356
     2.700
     3.191
     2.668
     2.377
     2.640
     2.752
     3.154
     2.881
     2.800
     3.336
     3.285
     2.573
     2.537
     2.952
     3.235
     2.433
     3.164
     2.860
     2.771
     2.653
     3.202
     0.636
     1.420
     2.901
     2.646
     3.021
     2.578
     3.090
     1.401
     2.517
     2.333
     2.635
     3.325
     2.538
     2.367
     2.460
     3.590
     2.704
     3.014
     2.475
     3.304
     2.899
     2.106
     2.934
     2.811
     3.279
     3.057
     2.992
     3.052
     2.604
     2.960
     2.977
     3.004
     3.181
     2.478
     2.854
     3.024
     3.056
     1.736
     2.396
     2.831
     2.912
     2.603
     2.525
     2.843
     2.484
     3.234
     3.286
     3.135
     2.993
     2.652
     2.887
     2.598
     2.570
     3.025
     2.548
     3.104
     2.851
     3.142
     2.645
     2.680
     3.129
     2.829
     2.756
     3.064
     3.061
     3.023
     2.910
     2.496
     2.654
     2.559
     2.937
     2.993
     1.555
     2.384
     2.659
     3.504
     2.996
     2.201
     2.736
     2.916
     2.957
     2.770
     2.510
     3.116
     2.813
     2.576
     2.502
     2.321
     2.422
     2.521
     2.567
     2.604
     2.239
     3.229
     3.559
     2.466
     2.834
     2.894
     3.013
     2.486
     2.491
     2.715
     2.613
     2.151
     3.263
     2.646
     3.639
     2.558
     3.069
     3.166
     2.598
     3.035
     2.604
     2.512
     2.543
     2.345
     2.934
     2.663
     3.148
     2.196
     2.511
     2.846
     2.598
     3.043
     2.024
     2.494
     2.480
     2.623
     2.135
     2.554
     2.884
     3.731
     3.410
     2.848
     2.765
     2.563
     3.035
     2.817
     2.953
     3.198
     0.909
     2.606
     2.888
     3.189
     1.180
     2.345
     3.382
     2.871
     2.908
     2.988
     2.488
     2.969
     2.594
     2.598
     2.712
     2.524
     2.712
     3.025
     2.979
     3.104
     2.637
     3.366
     2.559
     2.883
     2.036
     2.528
     2.256
     2.891
     2.116
     3.022
     2.155
     2.647
     3.411
     3.088
     2.703
     2.544
     2.410
     2.670
     2.546
     3.090
     2.459
     2.574
     2.567
     2.270
     2.252
     2.591
     2.581
     2.618
     1.990
     2.379
     3.102
     2.684
     2.964
     2.790
     2.650
     3.147
     2.701
     2.920
     2.274
     2.630
     2.550
     2.869
     2.666
     2.563
     2.644
     2.680
     1.287
     2.199
     2.683
     1.584
     2.576
     3.013
     2.865
     2.363
     2.944
     2.663
     2.586
     3.018
     2.603
     3.011
     2.751
     2.658
     2.035
     2.610
     1.705
     2.716
     1.355
     2.730
     2.798
     2.613
     2.038
     2.530
     2.665
     2.547
     2.426
     2.363
     2.071
     2.628
     3.593
     3.157
     2.566
     1.848
     2.782
     2.588
     2.553
     2.980
     2.231
     2.559
     2.634
     2.304
     2.722
     2.615
     2.349
     2.724
     2.870
     2.524
     2.444
     2.645
     2.901
     2.607
     2.648
     2.137
     2.636
     3.324
     3.145
     3.358
     2.654
     2.754
     2.651
     3.004
     3.183
     2.586
     3.253
     2.557
     2.689
     2.617
     2.720
     2.972
     2.734
     2.658
     2.613
     2.743
     3.174
     2.309
     3.114
     1.475
     2.449
     1.394
     2.570
     2.882
     2.920
     2.379
     2.755
     2.743
     0.982
     2.495
     2.180
     1.881
     2.794
     2.570
     2.660
     2.462
     3.290
     0.965
     2.915
     2.575
     2.272
     3.025
     2.926
     3.086
     3.242
     2.615
     1.442
     2.505
     2.648
     2.996
     3.309
     2.529
     2.769
     2.845
     2.716
     2.345
     2.570
     3.188
     1.578
     3.026
     3.076
     2.887
     2.826
     3.108
     2.492
     2.824
     2.548
     2.990
     2.575
     2.526
     3.354
     2.679
     2.854
     2.620
     3.006
     2.489
     2.860
     2.648
     2.704
     2.952
     2.356
     2.510
     2.274
     2.525
     1.676
     2.605
     3.090
     2.612
     1.306
     2.601
     2.940
     3.108
     2.476
     2.556
     3.067
     2.551
     3.170
     2.678
     3.049
     2.423
     2.253
     2.939
     1.963
     3.547
     1.363
     3.106
     1.714
     2.725
     2.488
     2.363
     2.634
     2.665
     2.452
     3.019
     2.740
     2.795
     2.723
     2.539
     2.330
     1.224
     2.583
     3.083
     2.535
     2.506
     2.703
     3.002
     3.117
     2.356
     3.049
     2.823
     3.510
     2.621
     3.090
     2.576
     2.750
     2.767
     2.483
     3.326
     3.004
     2.535
     2.587
     2.616
     2.628
     2.742
     2.713
     3.376
     3.240
     3.205
     2.326
     2.443
     2.312
     3.328
     2.555
     2.999
     2.543
     2.436
     3.519
     3.067
     2.973
     1.213
     1.917
     2.967
     2.613
     2.500
     2.783
     2.747
     2.509
     3.620
     2.909
     2.720
     2.487
     2.852
     2.542
     2.785
     2.725
     2.501
     3.052
     2.630
     2.986
     2.604
     2.688
     3.059
     2.645
     2.135
     2.629
     3.323
     3.089
     2.614
     1.368
     2.015
     2.896
     2.533
     2.718
     2.844
     2.726
     2.948
     2.975
     2.885
     2.023
     2.600
     1.126
     2.889
     2.868
     2.868
     2.502
     2.246
     3.116
     3.245
     2.590
     2.084
     3.164
     2.961
     2.566
     2.837
     2.291
     3.238
     2.410
     2.675
     1.906
     2.690
     2.065
     2.305
     1.167
     2.676
     2.599
     3.080
     3.065
     3.550
     3.234
     3.118
     2.641
     2.494
     3.313
     3.234
     3.367
     3.238
     2.131
     2.688
     2.337
     2.070
     2.664
     2.372
     2.759
     2.486
     2.778
     2.813
     2.700
     2.718
     3.122
     2.666
     2.736
     2.586
     2.580
     2.445
     1.152
     2.880
     2.241
     2.719
     2.127
     1.202
     2.660
     2.113
     2.724
     2.510
     2.681
     2.694
     2.776
     2.589
     3.038
     2.525
     2.876
     2.651
     2.610
     2.581
     2.086
     2.348
     3.216
     3.023
     2.807
     2.739
     2.609
     2.769
     2.683
     2.604
     2.645
     2.813
     3.170
     2.569
     2.499
     2.265
     1.296
     2.912
     2.549
     2.530
     3.084
     2.542
     2.578
     2.865
     2.879
     3.300
     2.794
     2.167
     3.033
     2.514
     2.763
     1.879
     2.468
     2.497
     2.623
     3.252
     3.078
     2.464
     3.239
     2.054
     2.601
     2.017
     3.476
     2.527
     2.952
     2.659
     2.885
     2.575
     2.542
     2.818
     2.689
     2.658
     3.346
     2.883
     2.970
     1.982
     2.884
     3.311
     2.569
     2.732
     2.943
     2.895
     2.650
     2.530
     1.991
     3.035
     1.495
     2.498
     3.005
     2.857
     2.490
     2.638
     2.947
     2.773
     2.525
     2.316
     2.567
     3.059
     2.962
     2.656
     3.462
     2.780
     1.090
     1.096
     2.678
     3.142
     2.541
     2.660
     2.608
     3.075
     2.511
     2.477
     2.657
     2.431
     2.671
     0.959
     2.608
     2.450
     2.568
     2.853
     2.500
     3.751
     1.755
     1.902
     3.061
     2.613
     2.590
     2.471
     3.004
     2.630
     2.490
     2.574
     2.674
     2.975
     3.570
     3.034
     2.707
     2.473
     2.607
     1.216
     3.059
     2.614
     2.967
     2.920
     3.373
     3.224
     2.637
     2.448
     2.319
     2.132
     2.639
     3.023
     3.391
     2.520
     2.530
     2.963
     2.511
     2.594
     2.539
     2.669
     2.499
     2.881
     2.513
     2.265
     2.932
     2.856
     3.011
     2.719
     2.227
     2.424
     3.138
     3.098
     3.295
     2.475
     3.022
     2.682
     2.570
     1.943
     2.688
     1.896
     2.390
     2.785
     3.010
     2.569
     2.837
     2.656
     2.885
     2.016
     1.994
     2.693
     3.682
     1.053
     2.556
     1.805
     1.505
     3.301
     3.181
     3.376
     3.032
     2.433
     2.467
     1.591
     2.787
     3.465
     3.150
     2.978
     3.087
     2.539
     2.615
     2.532
     2.524
     3.399
     1.266
     1.892
     3.050
     2.740
     3.364
     2.725
     2.408
     2.619
     2.474
     2.659
     2.419
     1.452
     2.407
     3.195
     2.200
     2.557
     3.059
     2.940
     2.914
     3.546
     2.560
     3.325
     2.866
     2.575
     2.533
     2.375
     2.630
     2.972
     2.991
     2.149
     2.602
     2.520
     3.146
     3.084
     2.529
     2.494
     3.622
     3.073
     2.590
     2.590
     2.620
     3.183
     2.569
     2.678
     2.837
     2.380
     2.855
     2.984
     2.996
     3.321
     2.527
     3.271
     3.602
     1.880
     2.673
     2.590
     2.290
     3.050
     3.080
     3.044
     2.493
     2.516
     2.603
     2.565
     2.270
     2.436
     3.248
     2.100
     2.609
     2.144
     3.735
     3.387
     2.703
     2.645
     3.255
     2.514
     2.183
     2.750
     3.234
     3.083
     3.104
     2.583
     3.133
     2.648
     2.761
     2.864
     2.603
     2.851
     2.672
     3.226
     2.536
     2.637
     3.340
     2.658
     3.008
     1.650
     3.191
     2.854
     2.564
     2.880
     2.497
     2.671
     2.258
     3.265
     2.319
     2.593
     2.485
     2.406
     2.613
     2.575
     2.187
     2.625
     2.316
     2.793
     2.521
     2.251
     2.147
     3.271
     3.727
     2.745
     3.597
     3.383
     2.458
     1.926
     2.505
     3.034
     2.793
     2.617
     2.892
     2.878
     2.769
     2.522
     3.049
     2.807
     3.099
     2.586
     1.984
     2.106
     1.474
     1.618
     2.550
     2.766
     2.348
     3.370
     2.031
     2.924
     2.441
     2.923
     3.135
     2.503
     3.358
     2.372
     2.858
     2.844
     3.283
     3.292
     2.542
     2.931
     1.979
     3.080
     3.156
     2.436
     3.095
     2.690
     3.167
     2.569
     2.638
     2.563
     3.004
     2.454
     1.935
     0.968
     1.315
     3.041
     3.315
     3.151
     3.304
     3.370
     2.766
     2.569
     2.597
     2.738
     2.538
     2.710
     3.143
     2.400
     2.618
     1.533
     2.593
     2.624
     3.401
     2.608
     1.859
     3.072
     2.473
     3.612
     2.694
     2.928
     2.713
     2.860
     3.403
     2.879
     3.346
     3.184
     2.989
     3.160
     2.679
     3.103
     1.831
     2.965
     3.389
     2.507
     3.175
     2.679
     2.933
     2.839
     2.680
     2.722
     3.175
     2.436
     2.496
     2.491
     2.628
     2.690
     2.298
     2.465
     1.486
     2.572
     3.277
     2.879
     2.593
     2.437
     2.774
     3.267
     2.396
     2.656
     3.707
     2.525
     2.908
     2.394
     2.495
     3.265
     3.310
     2.340
     2.770
     2.534
     2.745
     2.588
     2.222
     2.537
     2.764
     3.129
     2.655
     2.506
     2.823
     3.226
     2.629
     2.689
     2.632
     2.602
     2.611
     2.352
     1.783
     2.976
     3.022
     1.889
     2.741
     2.693
     2.800
     2.928
     2.383
     2.634
     0.880
     2.643
     2.689
     3.410
     3.306
     2.436
     2.657
     3.114
     3.292
     2.584
     2.802
     2.688
     1.823
     2.437
     2.927
     2.617
     2.921
     2.752
     2.525
     2.739
     2.842
     3.222
     2.972
     2.521
     2.523
     3.504
     2.413
     2.621
     3.351
     1.271
     2.669
     2.711
     2.682
     2.632
     2.267
     2.552
     2.312
     2.627
     3.139
     3.145
     2.643
     1.156
     2.443
     2.991
     2.954
     2.725
     3.046
     2.404
     3.146
     1.694
     2.817
     1.809
     3.477
     2.739
     3.174
     2.408
     3.213
     2.534
     3.278
     2.675
     3.185
     2.637
     2.731
     3.119
     2.816
     2.630
     2.615
     2.756
     3.514
     2.842
     2.886
     0.864
     2.717
     1.375
     2.652
     2.513
     2.949
     3.459
     3.287
     1.993
     2.629
     2.147
     2.781
     2.623
     2.919
     2.434
     2.599
     2.516
     3.298
     3.398
     2.119
     2.359
     2.558
     2.578
     1.167
     2.034
     2.641
     2.769
     2.499
     2.773
     2.591
     2.398
     2.619
     2.662
     2.472
     2.739
     2.346
     2.540
     3.205
     2.811
     2.414
     2.751
     2.533
     2.913
     3.538
     3.269
     2.910
     2.629
     2.818
     2.792
     2.575
     2.273
     3.188
     2.729
     2.434
     2.502
     2.493
     2.421
     2.439
     2.831
     2.510
     2.534
     2.728
     2.664
     2.430
     2.629
     0.929
     2.569
     2.599
     1.660
     2.612
     2.334
     2.945
     2.369
     2.516
     2.617
     2.504
     3.055
     2.229
     2.621
     2.825
     3.634
     2.515
     2.522
     2.037
     2.474
     3.141
     2.617
     2.305
     2.789
     2.393
     2.577
     1.887
     3.335
     2.452
     3.108
     2.286
     2.286
     2.966
     3.134
     2.238
     3.063
     2.643
     3.118
     3.128
     2.718
     2.661
     2.343
     3.345
     3.389
     2.571
     2.499
     2.728
     2.520
     2.562
     1.536
     3.244
     2.861
     2.017
     2.566
     2.977
     2.453
     2.673
     3.136
     3.022
     2.568
     2.930
     1.620
     3.011
     2.848
     2.527
     2.050
     2.572
     2.946
     1.700
     2.782
     0.987
     2.687
     1.561
     2.557
     2.533
     1.045
     2.531
     2.496
     1.264
     2.412
     2.767
     3.489
     2.771
     2.388
     3.014
     2.712
     3.082
     2.709
     3.228
     2.668
     2.687
     2.630
     2.943
     1.695
     3.038
     2.677
     2.321
     3.167
     3.320
     3.194
     2.604
     2.489
     2.792
     3.013
     2.860
     3.073
     3.092
     2.473
     3.136
     2.664
     0.969
     3.437
     2.684
     2.754
     3.261
     2.494
     2.872
     2.414
     2.624
     2.313
     3.241
     2.615
     2.476
     2.433
     2.530
     3.401
     2.828
     2.608
     2.151
     2.625
     2.641
     2.429
     3.202
     2.420
     3.589
     2.045
     2.436
     2.816
     2.506
     2.568
     3.195
     2.538
     2.813
     2.535
     2.754
     2.434
     2.476
     2.238
     2.711
     2.798
     2.905
     2.770
     2.773
     2.616
     2.804
     2.198
     2.891
     3.028
     2.433
     2.524
     3.031
     2.464
     2.933
     2.614
     2.921
     3.420
     2.361
     2.909
     1.753
     2.568
     2.393
     2.811
     3.076
     1.978
     2.329
     1.464
     3.298
     3.406
     2.849
     2.596
     2.268
     3.548
     2.705
     3.320
     1.895
     3.106
     2.056
     2.571
     1.304
     2.075
     2.491
     2.725
     2.564
     2.500
     3.191
     2.857
     2.665
     2.592
     2.588
     2.389
     2.868
     2.926
     2.272
     2.828
     2.825
     2.524
     3.103
     2.672
     2.632
     2.899
     2.819
     3.000
     3.037
     2.927
     2.555
     2.026
     2.860
     1.300
     2.091
     2.698
     3.170
     2.375
     2.706
     2.551
     2.723
     2.494
     2.556
     2.615
     3.313
     1.661
     2.608
     2.697
     2.832
     2.586
     2.497
     0.969
     2.561
     2.727
     2.623
     2.388
     2.956
     2.855
     2.463
     3.421
     3.133
     2.982
     2.935
     2.610
     2.519
     2.680
     2.611
     2.815
     2.975
     2.941
     2.658
     1.446
     2.403
     3.086
     2.509
     2.495
     3.319
     2.964
     1.949
     2.873
     3.022
     3.162
     3.001
     2.912
     2.085
     2.432
     2.629
     1.165
     2.937
     2.852
     2.658
     2.605
     2.938
     2.474
     2.479
     2.634
     2.690
     2.728
     2.586
     1.637
     2.619
     2.811
     2.804
     2.887
     2.361
     2.945
     3.401
     2.577
     2.949
     2.052
     3.077
     1.785
     2.474
     2.859
     2.664
     3.025
     3.137
     3.135
     2.556
     1.902
     2.526
     2.689
     3.238
     2.873
     2.436
     3.338
     1.687
     2.526
     2.905
     3.248
     3.325
     2.666
     3.205
     2.561
     3.445
     2.581
     2.713
     2.742
     2.199
     2.378
     2.450
     2.285
     2.698
     2.349
     2.625
     2.485
     2.702
     2.752
     2.666
     2.750
     3.090
     3.334
     2.567
     2.971
     3.708
     2.502
     3.062
     2.924
     3.456
     2.615
     2.597
     2.685
     3.104
     2.650
     1.934
     2.546
     2.610
     1.734
     2.495
     2.387
     2.807
     2.993
     1.424
     2.489
     2.830
     2.238
     2.650
     2.841
     2.711
     3.286
     2.818
     2.348
     2.433
     2.879
     2.616
     2.775
     2.574
     2.533
     2.712
     2.680
     2.407
     3.570
     2.532
     3.406
     3.127
     3.119
     2.878
     2.462
     3.123
     2.389
     2.507
     2.612
     2.949
     3.640
     2.926
     2.370
     0.964
     2.874
     2.630
     2.676
     2.422
     2.683
     2.322
     2.265
     2.552
     2.542
     2.400
     2.616
     2.531
     2.649
     3.592
     2.634
     2.461
     2.481
     2.701
     2.578
     2.495
     2.548
     1.957
     2.062
     2.863
     2.558
     1.752
     2.959
     2.330
     2.641
     2.618
     2.591
     2.210
     2.372
     2.711
     2.679
     2.672
     2.847
     2.558
     1.493
     2.664
     2.703
     1.871
     2.638
     2.560
     2.602
     2.618
     3.174
     2.712
     2.401
     3.412
     2.734
     3.197
     3.338
     2.579
     3.249
     2.573
     2.882
     1.997
     2.714
     3.073
     2.526
     3.051
     3.208
     2.510
     2.363
     3.144
     1.846
     2.778
     2.291
     2.283
     2.862
     3.291
     3.186
     2.424
     2.611
     3.119
     2.528
     3.060
     2.611
     2.961
     2.685
     2.882
     3.122
     3.304
     3.495
     2.113
     2.626
     2.566
     2.538
     2.650
     3.528
     2.616
     2.084
     2.537
     2.656
     2.964
     2.889
     2.271
     2.777
     2.652
     1.619
     2.675
     2.519
     2.172
     3.200
     3.139
     3.218
     3.026
     2.687
     2.139
     2.879
     3.120
     3.398
     3.035
     2.192
     1.425
     2.156
     2.059
     2.884
     2.665
     3.602
     3.274
     2.645
     2.481
     2.887
     2.235
     2.928
     2.700
     1.549
     2.395
     2.363
     2.591
     1.833
     3.135
     3.301
     2.952
     2.326
     2.544
     3.101
     2.912
     2.603
     2.633
     2.612
     1.954
     1.321
     2.568
     2.840
     3.142
     1.870
     3.259
     2.582
     3.329
     1.878
     2.668
     2.590
     2.487
     2.922
     2.723
     2.711
     2.632
     2.643
     2.554
     2.689
     2.478
     2.394
     3.260
     2.709
     2.354
     2.654
     1.760
     2.773
     2.668
     2.254
     2.777
     2.516
     2.187
     2.457
     2.818
     2.604
     3.085
     2.752
     2.490
     3.119
     2.290
     2.626
     2.694
     2.504
     2.670
     2.657
     2.379
     2.570
     2.106
     2.771
     2.714
     2.626
     2.700
     2.744
     2.206
     3.036
     2.703
     2.794
     3.328
     1.939
     2.560
     2.716
     2.641
     2.517
     2.463
     2.567
     3.663
     2.824
     2.657
     2.693
     2.558
     2.574
     2.035
     2.929
     2.685
     2.737
     2.678
     3.008
     3.485
     2.588
     2.532
     2.967
     2.049
     2.629
     2.591
     3.068
     0.937
     2.534
     3.162
     3.249
     2.578
     3.159
     2.272
     2.293
     2.248
     2.197
     3.439
     2.857
     3.115
     2.564
     2.651
     2.958
     3.026
     2.112
     2.560
     2.665
     2.591
     2.840
     2.830
     2.638
     2.788
     1.644
     2.772
     2.668
     1.277
     1.165
     2.350
     2.639
     2.647
     2.357
     2.182
     2.461
     2.792
     2.596
     3.143
     2.918
     2.878
     3.113
     2.908
     2.699
     2.331
     2.942
     2.379
     1.708
     2.790
     2.626
     2.599
     2.591
     2.661
     2.684
     1.623
     2.484
     2.513
     2.815
     2.424
     2.610
     3.351
     2.423
     2.617
     3.040
     3.308
     2.526
     2.638
     1.264
     2.013
     2.531
     3.427
     2.873
     2.591
     2.564
     3.280
     2.530
     2.745
     2.613
     2.466
     1.834
     2.387
     3.126
     2.914
     2.641
     3.030
     3.741
     3.341
     2.590
     1.862
     3.265
     2.763
     1.151
     2.583
     2.437
     3.217
     2.761
     2.886
     2.882
     2.606
     3.329
     2.548
     2.409
     2.615
     3.077
     2.502
     2.625
     2.927
     1.884
     2.461
     3.547
     3.139
     3.151
     3.331
     2.350
     2.427
     3.074
     2.585
     3.668
     3.191
     2.563
     3.082
     1.827
     2.014
     2.369
     2.436
     3.171
     2.672
     2.637
     2.677
     3.130
     2.657
     2.402
     2.427
     2.834
     2.619
     2.725
     2.859
     2.566
     2.513
     2.578
     2.889
     2.589
     2.530
     2.404
     3.028
     3.225
     2.544
     3.164
     1.491
     3.040
     2.990
     2.579
     2.862
     2.661
     2.655
     2.623
     2.091
     2.787
     3.048
     3.135
     2.990
     1.629
     2.846
     1.767
     2.710
     2.608
     2.975
     2.506
     2.514
     3.301
     3.138
     2.639
     1.953
     2.857
     2.678
     3.656
     2.466
     3.105
     2.819
     2.711
     3.151
     2.685
     2.880
     3.169
     2.585
     2.822
     3.197
     2.548
     3.422
     2.772
     3.120
     2.648
     3.343
     2.576
     2.799
     3.044
     2.731
     2.535
     2.413
     2.606
     2.514
     2.489
     3.225
     2.463
     2.646
     1.016
     3.289
     2.897
     2.605
     1.475
     2.647
     3.081
     2.567
     1.545
     3.413
     2.669
     3.660
     2.547
     3.696
     1.923
     2.276
     2.978
     2.071
     3.321
     3.168
     2.976
     3.278
     2.645
     3.270
     2.479
     2.596
     2.780
     2.657
     2.200
     2.622
     2.502
     2.959
     2.385
     3.704
     2.747
     2.646
     2.475
     2.300
     1.375
     3.708
     2.296
     2.879
     3.135
     2.476
     2.773
     3.546
     2.720
     2.906
     2.647
     2.058
     3.453
     2.215
     3.108
     2.474
     2.584
     2.284
     2.648
     2.627
     2.327
     2.446
     2.741
     3.273
     1.385
     2.709
     2.540
     2.602
     2.502
     2.801
     2.648
     3.152
     2.651
     3.469
     2.708
     3.133
     2.472
     3.056
     2.042
     2.502
     2.565
     2.637
     2.538
     2.786
     3.398
     3.020
     2.514
     2.961
     3.071
     2.564
     2.453
     3.076
     2.355
     2.669
     2.510
     3.123
     3.143
     2.363
     3.147
     2.656
     0.918
     2.606
     2.366
     3.137
     2.716
     3.051
     2.880
     2.813
     2.830
     3.373
     2.615
     2.047
     1.917
     2.278
     2.445
     3.026
     2.594
     2.514
     2.527
     2.645
     2.473
     3.172
     2.769
     2.721
     2.878
     2.395
     3.142
     2.562
     2.791
     2.775
     2.677
     2.624
     2.606
     2.727
     2.640
     2.723
     2.516
     2.320
     2.044
     2.334
     2.401
     2.562
     2.493
     3.406
     2.632
     2.901
     2.094
     2.659
     3.427
     2.565
     2.915
     3.201
     3.649
     2.507
     1.934
     2.659
     2.685
     2.601
     2.972
     2.628
     3.093
     2.538
     2.795
     1.386
     2.565
     3.048
     2.589
     2.974
     2.632
     2.876
     2.630
     2.630
     3.283
     3.442
     2.537
     2.576
     3.372
     3.589
     1.595
     2.776
     3.018
     2.627
     2.685
     2.663
     2.560
     2.442
     2.558
     2.482
     1.402
     2.766
     2.335
     3.360
     2.648
     3.309
     3.609
     2.912
     2.471
     2.646
     2.774
     1.204
     2.536
     3.179
     3.399
     2.466
     2.788
     2.961
     3.101
     3.015
     2.534
     2.333
     2.848
     2.553
     3.024
     2.562
     3.236
     2.364
     0.943
     2.527
     2.692
     2.143
     2.897
     2.516
     2.510
     2.587
     3.010
     2.998
     2.986
     2.749
     2.689
     2.927
     2.355
     2.037
     2.854
     2.739
     3.474
     2.043
     1.976
     2.922
     3.048
     2.621
     2.361
     3.131
     1.703
     2.731
     2.748
     2.561
     2.610
     3.147
     3.278
     2.994
     2.950
     2.706
     3.172
     2.879
     2.541
     2.272
     2.580
     2.490
     2.511
     2.869
     0.768
     2.683
     3.044
     2.673
     2.866
     2.738
     2.756
     3.340
     3.351
     2.663
     2.673
     2.340
     1.506
     2.961
     2.266
     2.524
     2.415
     3.179
     3.456
     2.864
     2.642
     2.435
     1.859
     2.916
     2.602
     3.080
     2.383
     2.511
     2.340
     1.120
     2.308
     2.713
     2.578
     2.639
     3.259
     3.293
     2.978
     2.658
     2.380
     2.524
     2.579
     3.553
     2.474
     2.509
     2.657
     2.668
     2.630
     3.251
     3.267
     2.645
     2.619
     2.554
     2.378
     1.752
     2.533
     2.507
     2.898
     3.125
     2.440
     2.874
     3.236
     3.023
     1.675
     3.016
     1.298
     0.917
     2.501
     1.487
     2.393
     2.666
     2.979
     2.850
     1.625
     2.585
     2.773
     2.278
     2.701
     2.465
     2.616
     2.022
     2.849
     2.795
     2.813
     2.935
     2.898
     2.965
     2.672
     2.452
     3.284
     2.218
     2.890
     2.599
     2.433
     2.942
     2.543
     2.960
     2.910
     2.628
     2.619
     2.546
     2.745
     2.602
     2.518
     3.358
     3.532
     2.157
     2.569
     3.686
     2.587
     2.595
     1.921
     1.335
     2.418
     2.778
     2.480
     2.502
     2.239
     2.773
     2.068
     2.422
     3.282
     2.817
     2.568
     2.673
     2.501
     2.575
     2.636
     2.503
     2.025
     3.218
     3.175
     2.830
     3.233
     3.503
     2.544
     2.576
     2.622
     2.140
     3.033
     3.128
     2.251
     3.217
     2.264
     2.568
     2.201
     2.842
     2.613
     3.519
     2.628
     3.227
     2.962
     2.597
     2.592
     3.008
     2.518
     2.911
     2.717
     3.707
     2.565
     2.454
     2.628
     2.797
     3.242
     1.645
     2.916
     2.946
     2.660
     2.545
     1.106
     2.834
     3.067
     3.667
     2.764
     2.656
     3.022
     2.608
     2.502
     2.572
     2.584
     2.480
     2.624
     2.408
     3.399
     2.488
     2.664
     3.174
     2.650
     2.809
     2.737
     3.103
     3.154
     3.326
     2.428
     3.019
     2.657
     2.554
     2.538
     2.639
     2.489
     3.225
     2.482
     2.725
     1.325
     3.183
     3.199
     1.730
     2.792
     2.464
     2.994
     2.884
     3.026
     2.883
     2.639
     3.245
     2.592
     2.575
     2.656
     2.628
     2.555
     2.602
     2.243
     2.394
     3.339
     2.258
     2.412
     2.939
     1.513
     2.997
     2.549
     2.553
     2.849
     1.502
     3.066
     2.642
     3.138
     2.685
     2.488
     1.533
     2.589
     3.225
     2.592
     2.843
     3.063
     2.668
     2.631
     2.372
     2.672
     2.751
     2.680
     3.118
     1.835
     2.197
     2.552
     2.847
     2.842
     2.780
     2.764
     2.668
     2.580
     2.681
     2.619
     3.240
     2.807
     2.557
     1.063
     2.116
     2.654
     2.713
     2.614
     2.363
     2.729
     2.475
     1.508
     1.944
     3.138
     2.654
     2.846
     2.860
     1.286
     2.590
     2.930
     3.097
     1.697
     2.784
     2.623
     2.865
     2.853
     2.597
     3.592
     2.968
     2.592
     3.341
     2.584
     2.669
     2.388
     2.439
     1.271
     2.422
     3.352
     2.590
     3.246
     2.583
     2.002
     2.815
     2.534
     2.592
     2.696
     3.586
     2.922
     3.184
     2.610
     2.597
     2.657
     2.605
     1.997
     1.210
     3.473
     2.325
     2.193
     2.630
     2.772
     2.490
     2.543
     2.234
     2.615
     3.403
     2.969
     2.719
     2.626
     2.532
     3.271
     1.775
     2.298
     2.505
     3.083
     3.134
     2.827
     1.135
     2.838
     2.541
     2.064
     2.574
     2.678
     2.497
     2.662
     2.773
     2.685
     3.079
     3.002
     2.683
     2.816
     3.320
     2.735
     2.744
     3.500
     2.107
     2.928
     1.856
     3.120
     1.034
     2.520
     2.672
     2.416
     2.546
     2.539
     2.750
     2.903
     2.518
     2.574
     2.936
     2.739
     2.528
     2.626
     2.192
     3.073
     2.627
     2.804
     2.689
     2.665
     2.684
     2.600
     2.624
     3.218
     3.135
     3.497
     2.945
     2.588
     2.852
     2.906
     2.498
     2.425
     3.025
     2.696
     3.022
     2.861
     3.068
     1.859
     2.850
     3.408
     1.550
     3.395
     3.306
     3.213
     2.659
     3.752
     2.484
     2.613
     2.830
     2.534
     2.855
     2.888
     2.448
     2.920
     3.571
     2.731
     3.015
     2.650
     3.194
     2.641
     2.104
     2.602
     2.437
     2.362
     2.670
     2.618
     3.047
     2.817
     3.741
     2.771
     3.022
     2.387
     2.013
     1.585
     3.273
     2.602
     2.772
     1.639
     3.038
     2.965
     2.614
     2.347
     2.607
     2.596
     2.966
     2.519
     2.540
     2.531
     2.655
     2.703
     2.553
     3.199
     2.253
     3.105
     3.289
     2.848
     2.829
     3.088
     3.023
     2.376
     2.610
     2.532
     2.311
     1.793
     2.978
     2.885
     2.545
     2.783
     2.999
     2.286
     3.191
     2.387
     3.242
     2.301
     2.515
     2.706
     3.510
     2.253
     3.090
     3.349
     3.182
     2.633
     2.632
     2.757
     2.221
     2.656
     2.031
     2.788
     3.261
     3.009
     2.474
     2.676
     2.875
     2.639
     2.508
     2.791
     3.050
     3.153
     2.195
     2.760
     2.951
     2.891
     2.834
     2.684
     2.627
     2.508
     1.577
     2.541
     2.996
     1.226
     3.337
     2.375
     3.041
     2.740
     2.597
     2.650
     2.828
     2.632
     2.698
     2.575
     2.599
     2.710
     2.056
     1.494
     2.508
     1.910
     2.848
     2.648
     2.791
     1.842
     2.554
     2.643
     2.535
     3.074
     2.551
     2.605
     3.521
     3.272
     2.647
     2.507
     2.546
     1.075
     3.455
     2.886
     3.357
     3.333
     2.793
     2.693
     2.620
     2.793
     2.663
     2.709
     2.232
     2.546
     2.364
     2.810
     1.120
     3.738
     2.756
     2.765
     2.639
     2.757
     3.012
     2.586
     2.578
     2.180
     2.595
     2.507
     2.562
     3.002
     3.717
     2.765
     2.371
     2.801
     2.583
     2.675
     2.553
     2.873
     1.992
     2.652
     3.004
     3.158
     1.774
     1.584
     2.781
     2.802
     1.893
     2.978
     3.340
     3.051
     2.510
     2.998
     2.509
     3.049
     3.158
     2.777
     2.209
     2.929
     2.732
     3.329
     1.465
     2.769
     2.353
     2.581
     2.408
     2.573
     1.598
     2.976
     2.209
     2.854
     2.417
     2.246
     2.476
     2.591
     2.662
     1.564
     3.645
     2.714
     2.863
     2.424
     2.598
     3.048
     2.716
     2.732
     2.115
     2.822
     2.414
     2.359
     3.010
     2.142
     2.086
     3.327
     2.548
     2.899
     2.761
     2.107
     3.047
     2.570
     2.337
     2.583
     2.651
     2.552
     2.775
     2.421
     2.652
     2.973
     2.468
     2.665
     2.566
     3.055
     3.087
     2.589
     3.105
     3.039
     3.030
     2.651
     1.958
     2.801
     2.478
     2.597
     2.611
     1.800
     3.621
     2.274
     2.735
     2.949
     2.569
     2.010
     2.588
     2.968
     2.934
     2.561
     1.986
     2.938
     3.581
     2.494
     2.636
     2.695
     3.089
     2.561
     1.302
     3.102
     2.375
     2.060
     3.436
     1.908
     2.994
     2.331
     3.174
     1.629
     3.078
     2.393
     2.534
     2.633
     3.746
     3.243
     2.700
     2.582
     2.860
     3.070
     2.578
     2.634
     2.836
     2.495
     1.295
     2.950
     2.554
     2.643
     3.117
     3.689
     2.562
     2.891
     2.515
     1.616
     2.560
     2.280
     3.130
     2.243
     2.421
     2.192
     2.776
     2.622
     3.194
     2.679
     2.673
     3.031
     2.680
     2.596
     3.004
     2.556
     3.227
     2.574
     3.383
     1.647
     2.225
     2.431
     2.498
     2.647
     2.614
     1.513
     3.131
     2.578
     2.518
     2.690
     2.707
     2.604
     2.543
     1.930
     2.952
     2.482
     3.111
     2.559
     2.667
     2.414
     2.937
     0.930
     2.917
     2.527
     2.850
     2.909
     2.752
     2.131
     2.753
     3.715
     3.238
     2.425
     1.367
     2.891
     2.616
     2.645
     2.899
     3.565
     2.609
     2.778
     2.050
     2.491
     3.579
     2.996
     3.125
     2.729
     2.534
     2.633
     3.656
     2.858
     2.961
     3.077
     3.017
     3.125
     2.655
     2.308
     3.318
     2.705
     3.125
     1.082
     2.464
     2.848
     2.646
     2.575
     2.717
     2.219
     2.993
     3.159
     2.618
     2.652
     2.489
     3.068
     2.832
     3.034
     2.492
     2.721
     3.414
     2.574
     3.212
     2.984
     2.565
     2.262
     3.387
     2.652
     2.578
     2.833
     2.529
     2.510
     1.546
     2.671
     3.156
     2.396
     2.889
     2.701
     2.464
     3.234
     2.533
     2.617
     3.087
     2.841
     1.850
     3.309
     2.552
     2.098
     2.591
     2.446
     3.583
     3.080
     2.763
     2.716
     2.348
     2.591
     2.645
     3.225
     2.995
     2.646
     2.692
     2.848
     2.643
     2.472
     2.581
     3.279
     2.641
     2.664
     3.148
     2.638
     2.632
     3.691
     3.156
     2.507
     2.697
     2.541
     2.883
     2.556
     2.423
     2.679
     3.352
     2.821
     2.811
     2.742
     2.581
     2.594
     3.058
     2.827
     3.008
     2.548
     1.325
     3.750
     1.774
     1.084
     2.806
     2.148
     3.465
     2.325
     3.178
     2.069
     2.724
     2.621
     2.085
     2.795
     2.618
     2.816
     2.651
     2.921
     2.935
     3.410
     2.531
     3.572
     3.078
     2.709
     3.203
     3.277
     2.602
     2.093
     2.069
     2.851
     2.618
     2.690
     2.282
     1.086
     2.543
     2.742
     2.933
     2.697
     2.583
     2.402
     1.692
     2.665
     2.723
     1.689
     1.815
     3.150
     3.029
     2.572
     2.656
     2.513
     2.793
     1.457
     1.929
     2.368
     3.073
     2.622
     1.113
     2.554
     2.959
     3.075
     2.611
     2.548
     2.460
     3.287
     2.628
     3.437
     2.886
     3.214
     3.203
     2.494
     2.574
     2.159
     2.473
     3.279
     2.619
     2.703
     2.801
     3.478
     2.732
     2.894
     3.276
     2.692
     2.451
     2.510
     2.891
     3.248
     2.668
     2.664
     1.774
     2.965
     3.045
     2.694
     2.589
     2.543
     3.205
     3.327
     2.627
     3.080
     2.712
     2.223
     2.318
     2.607
     2.329
     3.083
     2.613
     3.033
     3.066
     2.382
     1.795
     2.476
     2.736
     2.575
     2.605
     2.891
     2.561
     2.523
     2.246
     2.667
     2.613
     2.317
     2.907
     2.695
     1.888
     2.807
     2.529
     2.641
     2.911
     2.517
     2.633
     3.029
     2.531
     3.297
     2.525
     2.727
     3.305
     3.474
     2.653
     2.566
     3.015
     2.467
     2.911
     2.759
     2.567
     2.177
     2.150
     3.023
     3.273
     2.657
     2.935
     2.589
     2.553
     2.521
     2.648
     2.702
     2.656
     3.329
     1.788
     3.012
     2.874
     2.012
     2.525
     2.702
     2.526
     2.558
     2.648
     2.461
     2.937
     2.770
     2.706
     1.651
     2.636
     2.549
     2.281
     2.277
     2.666
     3.030
     2.482
     2.502
     3.091
     2.493
     2.432
     3.313
     3.076
     3.332
     2.546
     2.365
     3.107
     2.277
     2.604
     3.266
     2.665
     3.234
     3.168
     2.643
     3.475
     1.406
     2.924
     2.694
     2.619
     3.205
     2.672
     2.689
     0.696
     1.889
     2.990
     2.810
     2.093
     2.995
     2.527
     2.531
     2.820
     2.843
     2.602
     2.473
     2.989
     3.047
     2.791
     0.955
     2.640
     2.019
     3.668
     2.739
     2.500
     2.580
     2.732
     1.579
     2.649
     2.613
     1.786
     2.833
     2.681
     2.725
     2.690
     2.412
     2.739
     2.270
     2.573
     2.475
     2.778
     2.484
     2.494
     3.126
     1.721
     3.068
     3.000
     2.829
     2.645
     2.618
     2.516
     2.000
     2.878
     3.348
     2.726
     3.535
     3.378
     2.675
     2.387
     2.962
     1.108
     2.489
     2.125
     2.578
     2.811
     2.821
     2.169
     2.557
     3.113
     2.648
     2.363
     3.260
     2.332
     1.915
     2.582
     3.070
     2.621
     2.636
     2.700
     2.683
     2.602
     2.895
     2.121
     3.078
     1.725
     3.032
     2.928
     2.710
     2.369
     2.978
     2.822
     2.544
     2.382
     2.850
     2.833
     3.279
     2.514
     1.097
     2.662
     3.251
     3.620
     2.527
     2.898
     2.673
     2.734
     2.604
     1.910
     3.242
     2.635
     3.108
     2.758
     3.124
     2.046
     3.029
     2.621
     2.853
     2.513
     2.719
     3.381
     2.863
     2.985
     2.744
     1.596
     2.712
     2.981
     2.736
     2.730
     2.834
     2.958
     2.427
     2.581
     2.656
     2.140
     1.152
     2.483
     2.701
     2.182
     2.920
     2.857
     2.745
     2.908
     2.654
     2.894
     1.588
     2.986
     2.877
     2.612
     2.804
     2.784
     2.673
     3.385
     2.876
     2.567
     2.147
     1.814
     2.720
     3.388
     2.571
     2.312
     2.246
     2.415
     2.992
     2.875
     3.220
     1.439
     3.037
     2.814
     2.680
     2.585
     1.562
     0.983
     2.676
     3.228
     2.705
     2.490
     3.355
     2.599
     3.016
     1.808
     2.558
     3.073
     2.517
     2.125
     2.413
     2.596
     2.943
     1.469
     3.335
     2.849
     2.772
     1.959
     2.205
     3.098
     2.705
     2.450
     2.403
     2.942
     2.920
     2.867
     2.537
     3.614
     3.109
     2.760
     2.587
     1.396
     3.084
     2.874
     2.674
     2.261
     3.427
     2.557
     2.357
     1.597
     2.589
     2.446
     3.147
     3.057
     2.715
     2.711
     2.641
     2.995
     1.455
     2.532
     1.963
     2.898
     2.807
     3.214
     2.522
     1.030
     1.976
     1.226
     2.567
     2.544
     2.625
     2.733
     2.064
     2.044
     2.092
     3.089
     2.738
     3.246
     2.791
     1.194
     2.827
     2.841
     2.501
     2.612
     2.818
     3.123
     2.636
     2.831
     2.519
     2.968
     1.768
     2.147
     3.137
     3.160
     2.527
     2.491
     3.065
     2.917
     2.804
     2.942
     2.992
     2.099
     2.506
     2.725
     2.448
     2.543
     2.349
     3.371
     3.534
     2.951
     2.475
     2.672
     2.513
     2.572
     2.565
     2.915
     2.535
     3.090
     2.237
     1.007
     2.870
     2.715
     2.424
     2.257
     2.878
     2.512
     2.714
     2.181
     2.650
     2.475
     2.353
     2.515
     2.451
     3.215
     2.417
     2.714
     3.482
     3.422
     3.560
     3.209
     2.559
     2.814
     2.665
     2.550
     2.697
     2.534
     2.402
     2.798
     2.375
     2.480
     3.274
     2.645
     2.507
     2.572
     1.878
     2.622
     2.650
     2.686
     2.552
     2.545
     2.499
     3.179
     3.250
     2.740
     2.683
     2.051
     2.791
     1.741
     2.656
     2.806
     3.192
     3.361
     2.717
     2.455
     2.215
     3.287
     2.815
     3.156
     3.514
     2.661
     2.701
     2.967
     2.777
     2.247
     2.805
     2.052
     2.404
     2.874
     2.650
     2.340
     3.091
     2.599
     3.079
     2.776
     2.639
     2.744
     3.091
     3.063
     2.744
     2.607
     2.473
     2.619
     2.350
     3.067
     2.500
     2.911
     2.659
     2.999
     2.932
     2.911
     3.013
     2.641
     2.854
     2.096
     3.389
     1.790
     2.657
     3.040
     2.703
     3.176
     2.055
     2.611
     3.241
     3.294
     3.093
     2.319
     3.107
     2.520
     2.371
     1.493
     3.155
     3.135
     3.122
     2.452
     2.545
     3.285
     3.339
     3.121
     1.581
     2.791
     2.802
     2.756
     3.617
     2.610
     2.131
     2.840
     2.598
     2.424
     2.774
     1.125
     3.365
     2.650
     1.263
     3.296
     2.618
     2.886
     2.692
     2.874
     2.868
     2.615
     2.214
     3.061
     1.688
     2.691
     3.203
     2.476
     3.061
     2.631
     1.333
     2.767
     2.874
     2.559
     2.619
     2.436
     3.158
     3.011
     2.855
     2.611
     3.517
     2.633
     2.804
     1.056
     2.276
     3.598
     1.329
     2.788
     2.565
     2.858
     2.796
     3.090
     1.409
     3.384
     3.293
     2.594
     3.133
     2.598
     2.863
     2.918
     2.892
     3.756
     2.428
     2.813
     2.612
     2.317
     2.861
     2.577
     3.135
     2.665
     2.434
     2.707
     2.531
     2.113
     2.577
     2.503
     2.414
     2.582
     3.020
     2.162
     2.917
     3.239
     2.617
     1.341
     1.745
     2.907
     2.214
     3.588
     2.801
     2.294
     2.609
     2.776
     3.190
     2.597
     2.836
     3.256
     2.414
     3.216
     2.505
     2.522
     3.180
     2.325
     2.121
     2.690
     3.398
     1.185
     2.555
     1.904
     3.067
     2.296
     2.565
     2.517
     2.966
     3.747
     2.101
     2.303
     3.088
     1.561
     3.621
     2.598
     2.933
     2.844
     3.116
     3.076
     2.687
     2.674
     3.292
     3.341
     2.663
     3.017
     2.426
     3.073
     2.511
     2.735
     2.789
     2.929
     1.460
     3.163
     2.607
     2.510
     2.962
     2.881
     2.862
     3.191
     2.605
     1.752
     2.654
     2.559
     3.095
     2.538
     2.518
     2.517
     2.785
     3.253
     3.005
     2.141
     2.559
     2.629
     1.683
     2.806
     2.494
     2.848
     2.587
     1.883
     2.758
     2.123
     2.558
     2.685
     2.693
     2.702
     2.675
     2.558
     3.166
     2.585
     2.569
     2.605
     2.481
     2.717
     2.544
     2.925
     1.628
     3.218
     2.620
     3.069
     3.114
     1.863
     1.992
     3.091
     2.624
     2.255
     2.679
     2.548
     2.687
     2.189
     1.557
     3.051
     2.560
     2.594
     2.999
     2.569
     2.872
     2.876
     3.049
     1.136
     2.488
     2.875
     2.616
     1.523
     0.859
     1.698
     2.920
     2.549
     2.867
     2.629
     3.289
     2.477
     2.690
     3.358
     2.655
     2.938
     2.686
     3.331
     2.419
     2.828
     3.006
     3.315
     3.571
     2.696
     2.766
     2.688
     2.588
     2.409
     2.907
     2.512
     2.863
     2.668
     2.456
     2.641
     2.563
     3.103
     2.916
     2.664
     2.551
     3.316
     1.867
     3.035
     2.482
     2.187
     2.693
     2.631
     2.156
     3.239
     2.501
     3.113
     2.829
     3.582
     2.511
     3.042
     2.767
     3.077
     3.059
     2.913
     2.588
     2.657
     2.863
     2.333
     2.808
     2.831
     2.889
     2.778
     3.170
     2.895
     3.001
     2.448
     2.507
     2.985
     2.602
     2.484
     2.771
     2.733
     3.071
     3.036
     3.056
     2.504
     3.408
     3.024
     2.515
     3.339
     2.712
     2.890
     3.140
     2.890
     2.542
     1.676
     2.892
     1.502
     3.119
     3.150
     2.667
     1.991
     1.870
     2.460
     3.266
     2.733
     3.002
     2.862
     3.160
     2.503
     2.841
     1.879
     3.266
     2.595
     2.644
     2.624
     2.774
     2.312
     2.773
     2.704
     2.290
     2.753
     2.582
     3.059
     2.534
     3.217
     2.417
     2.792
     3.161
     2.277
     2.773
     3.544
     2.263
     2.257
     2.962
     2.469
     3.205
     2.627
     2.883
     2.643
     2.547
     2.868
     2.589
     2.627
     2.683
     2.802
     3.589
     3.164
     1.357
     3.032
     3.384
     2.597
     2.669
     3.078
     3.061
     2.492
     2.678
     3.063
     2.919
     2.550
     2.431
     2.603
     2.857
     2.827
     3.004
     2.022
     2.660
     2.877
     2.671
     1.342
     2.504
     2.884
     2.420
     2.975
     2.652
     2.702
     1.977
     2.297
     3.282
     2.766
     2.312
     2.593
     1.728
     2.000
     2.623
     2.402
     2.591
     2.787
     2.985
     3.037
     2.472
     2.472
     1.826
     2.648
     2.513
     3.660
     3.611
     2.668
     2.474
     2.932
     2.210
     1.229
     2.816
     2.970
     3.226
     1.219
     1.492
     2.605
     2.627
     3.078
     2.786
     1.381
     2.219
     2.563
     2.768
     3.122
     2.411
     1.393
     3.029
     2.270
     2.883
     2.728
     2.369
     2.831
     2.656
     2.637
     2.853
     1.753
     2.586
     2.369
     3.002
     1.677
     3.074
     1.521
     2.367
     1.533
     2.585
     3.151
     2.791
     2.292
     2.462
     3.048
     2.543
     2.437
     2.838
     2.401
     1.502
     1.606
     2.536
     3.103
     1.780
     2.485
     2.313
     3.095
     3.282
     2.620
     2.496
     2.072
     2.527
     3.112
     2.701
     2.904
     2.594
     2.974
     2.955
     2.946
     1.553
     2.335
     3.327
     2.370
     2.827
     2.276
     2.537
     2.786
     2.230
     2.643
     2.568
     3.007
     2.605
     1.362
     3.123
     2.134
     1.689
     2.502
     3.520
     2.354
     2.536
     2.618
     2.770
     1.759
     2.947
     3.095
     3.116
     2.540
     2.573
     2.616
     0.997
     2.550
     3.135
     2.437
     2.616
     1.579
     2.566
     2.594
     2.660
     2.708
     2.533
     2.711
     3.114
     2.675
     2.703
     2.585
     3.141
     3.351
     3.330
     3.141
     2.662
     2.428
     2.554
     2.126
     3.415
     3.059
     2.393
     3.066
     2.838
     2.889
     2.623
     3.758
     3.401
     2.708
     2.854
     2.440
     2.873
     2.888
     2.832
     2.472
     3.068
     3.163
     2.842
     2.401
     3.140
     2.041
     1.457
     2.553
     3.076
     2.758
     3.185
     2.606
     2.992
     2.905
     3.215
     2.657
     2.234
     2.262
     3.191
     3.114
     2.753
     3.069
     2.771
     2.707
     1.702
     2.537
     2.503
     2.817
     3.520
     3.102
     2.918
     2.885
     2.095
     2.563
     2.157
     2.840
     3.371
     1.625
     2.819
     2.998
     2.822
     3.037
     2.666
     2.956
     3.031
     3.258
     2.981
     2.719
     2.738
     2.627
     2.840
     2.595
     2.826
     2.496
     2.826
     2.747
     1.842
     2.421
     2.616
     2.130
     3.588
     1.818
     2.601
     2.463
     2.827
     2.722
     2.513
     2.622
     3.039
     2.253
     2.866
     2.817
     2.654
     3.248
     3.357
     1.887
     2.007
     2.966
     3.048
     3.036
     2.706
     2.687
     3.159
     3.258
     2.789
     2.590
     3.064
     2.598
     2.522
     3.067
     2.903
     2.923
     3.027
     2.650
     0.888
     3.278
     2.767
     2.458
     2.517
     2.670
     1.034
     3.224
     2.708
     1.294
     2.359
     2.602
     2.458
     2.880
     2.604
     3.558
     2.479
     2.876
     2.626
     2.547
     3.310
     0.842
     2.240
     2.799
     2.910
     2.859
     2.929
     2.665
     2.715
     2.465
     2.385
     3.365
     2.730
     2.477
     2.511
     2.478
     2.744
     2.733
     2.392
     2.939
     2.481
     2.634
     3.090
     2.389
     2.451
     3.335
     3.055
     2.876
     2.504
     2.760
     2.886
     2.626
     2.984
     2.788
     2.499
     3.298
     2.693
     2.568
     3.128
     3.003
     3.016
     2.729
     2.524
     2.465
     2.320
     2.797
     2.608
     2.567
     3.479
     3.200
     2.758
     2.683
     3.115
     2.398
     2.387
     2.329
     1.737
     2.017
     3.349
     3.338
     3.338
     3.457
     1.892
     1.262
     3.205
     2.718
     2.540
     2.692
     2.657
     2.956
     2.989
     2.467
     1.737
     2.448
     2.896
     1.803
     2.578
     2.825
     2.644
     2.523
     3.228
     2.593
     3.418
     3.061
     1.942
     2.952
     2.837
     3.023
     1.699
     3.142
     2.614
     3.048
     2.502
     2.207
     2.496
     2.456
     2.186
     3.041
     3.229
     3.116
     1.808
     2.463
     2.668
     2.470
     2.624
     0.928
     3.118
     2.355
     2.640
     3.066
     3.632
     2.616
     3.102
     2.647
     1.803
     2.759
     2.788
     2.736
     2.659
     2.592
     2.620
     2.616
     2.585
     2.252
     2.330
     3.149
     2.601
     2.603
     3.051
     1.507
     2.524
     2.809
     2.779
     3.150
     2.905
     3.110
     2.860
     3.306
     2.288
     2.680
     2.499
     3.019
     2.550
     2.331
     2.489
     3.003
     2.663
     2.730
     1.650
     2.645
     3.665
     3.156
     2.342
     2.908
     2.936
     3.094
     2.456
     3.554
     2.626
     1.932
     2.637
     3.006
     2.382
     1.534
     3.061
     1.614
     2.657
     2.664
     2.552
     0.974
     3.225
     2.658
     2.535
     2.661
     2.985
     2.301
     2.528
     2.562
     3.133
     2.653
     2.659
     2.528
     1.541
     2.693
     2.524
     2.901
     2.475
     2.663
     2.606
     2.884
     2.931
     2.010
     3.095
     2.890
     2.594
     2.923
     2.687
     3.073
     3.020
     2.577
     2.590
     2.834
     2.529
     2.621
     2.352
     2.663
     2.654
     2.152
     2.540
     3.285
     2.956
     2.408
     2.654
     3.299
     2.821
     2.656
     1.808
     3.115
     2.689
     2.014
     2.541
     2.984
     2.643
     2.888
     2.776
     3.170
     2.946
     2.905
     2.336
     3.405
     2.627
     2.525
     3.133
     3.073
     3.095
     3.128
     3.209
     2.701
     2.604
     2.941
     1.453
     2.850
     3.076
     3.130
     3.566
     2.018
     3.115
     2.539
     2.609
     3.046
     1.528
     2.490
     3.132
     2.610
     2.993
     2.649
     2.681
     2.974
     3.173
     2.719
     2.230
     2.986
     2.789
     2.569
     2.787
     1.203
     2.506
     2.873
     2.737
     3.220
     2.669
     2.463
     2.725
     2.720
     2.776
     2.614
     2.437
     3.285
     2.638
     2.538
     2.544
     2.551
     3.057
     2.624
     2.474
     2.690
     2.384
     2.591
     3.525
     3.202
     2.549
     2.259
     2.934
     2.990
     3.325
     3.167
     0.962
     1.583
     2.771
     2.734
     2.634
     1.300
     2.231
     3.022
     3.065
     2.674
     2.870
     1.765
     3.013
     2.235
     2.951
     2.817
     2.656
     2.698
     2.576
     2.582
     2.716
     2.831
     3.102
     2.723
     2.582
     3.334
     1.671
     3.294
     3.030
     2.438
     2.598
     2.450
     3.026
     2.588
     2.470
     2.539
     2.486
     2.645
     2.735
     3.405
     3.319
     2.472
     1.423
     2.599
     3.092
     2.691
     2.915
     2.618
     3.021
     2.851
     2.674
     2.679
     3.245
     2.913
     2.992
     3.131
     2.590
     2.791
     2.776
     3.348
     3.173
     3.110
     2.571
     2.890
     2.118
     2.645
     1.256
     2.953
     2.927
     2.585
     2.514
     2.513
     2.643
     3.613
     2.615
     2.846
     2.769
     2.856
     1.386
     2.612
     3.599
     2.627
     3.196
     2.964
     3.396
     2.875
     3.446
     2.991
     1.566
     1.444
     2.473
     2.611
     3.187
     3.129
     2.445
     2.658
     2.648
     2.462
     3.073
     3.136
     2.223
     2.987
     2.680
     2.819
     3.236
     2.352
     2.419
     3.030
     3.217
     1.620
     2.612
     2.490
     2.860
     2.889
     0.809
     1.834
     3.141
     2.463
     2.559
     2.593
     2.937
     2.810
     2.626
     2.498
     3.323
     3.010
     2.439
     2.419
     2.615
     2.608
     2.557
     3.017
     3.161
     2.824
     3.088
     3.569
     2.552
     2.539
     2.003
     3.020
     2.775
     2.612
     3.161
     2.669
     2.746
     2.115
     2.334
     2.625
     2.608
     2.179
     2.675
     2.969
     2.548
     1.193
     2.581
     2.890
     2.168
     2.538
     2.501
     2.471
     3.018
     2.642
     3.398
     2.826
     2.933
     1.408
     3.099
     2.968
     2.389
     2.882
     2.647
     3.000
     2.471
     3.043
     2.397
     2.827
     3.000
     2.484
     3.043
     2.658
     2.594
     2.625
     3.250
     3.347
     3.103
     2.654
     2.129
     2.684
     3.000
     3.101
     2.462
     2.642
     2.555
     3.209
     2.596
     2.765
     2.906
     3.248
     2.762
     3.118
     2.945
     2.801
     2.602
     2.633
     2.727
     2.550
     2.637
     2.591
     2.776
     2.360
     3.598
     1.249
     3.172
     2.789
     1.224
     2.475
     2.999
     3.234
     3.092
     3.024
     2.654
     2.788
     2.838
     3.044
     3.250
     2.961
     2.774
     2.911
     2.317
     2.736
     2.799
     3.037
     2.637
     2.996
     2.510
     2.838
     2.585
     1.736
     2.788
     2.794
     2.597
     1.311
     2.516
     2.517
     2.591
     2.647
     2.494
     2.647
     2.627
     2.563
     3.132
     2.949
     2.602
     2.112
     1.702
     2.497
     2.569
     3.171
     2.586
     2.348
     3.066
     2.607
     2.268
     2.433
     3.073
     2.616
     2.747
     2.572
     2.513
     2.593
     3.049
     2.981
     3.191
     1.982
     3.179
     3.102
     2.653
     3.051
     2.972
     2.634
     2.621
     2.556
     2.958
     3.025
     2.484
     2.980
     1.536
     1.241
     2.945
     2.627
     2.585
     2.450
     2.577
     2.632
     2.903
     2.613
     1.434
     3.705
     2.817
     2.695
     2.646
     2.051
     3.460
     2.429
     2.723
     3.019
     2.567
     2.649
     2.976
     3.124
     3.263
     2.558
     2.595
     2.676
     2.498
     1.877
     2.407
     3.154
     2.628
     2.677
     2.657
     2.610
     2.545
     2.181
     2.349
     2.323
     2.749
     3.094
     2.619
     2.893
     2.663
     3.219
     3.232
     2.604
     2.983
     3.055
     2.751
     2.656
     2.793
     2.088
     2.151
     2.894
     3.082
     2.680
     2.628
     2.468
     3.044
     2.852
     2.434
     2.480
     2.276
     2.500
     2.566
     1.364
     2.782
     2.162
     2.998
     3.243
     2.400
     2.277
     2.575
     3.064
     3.525
     3.229
     2.848
     2.246
     1.979
     3.036
     2.973
     2.967
     2.747
     2.886
     2.667
     2.172
     2.797
     2.775
     2.844
     2.966
     2.506
     2.632
     2.536
     2.874
     3.147
     2.292
     1.572
     2.992
     2.371
     2.505
     2.610
     2.657
     2.622
     2.680
     3.030
     2.881
     3.120
     2.984
     3.073
     2.587
     2.362
     0.759
     2.550
     1.425
     2.674
     2.394
     2.280
     3.004
     2.408
     3.070
     2.939
     3.630
     2.553
     3.131
     2.495
     2.740
     2.579
     0.688
     2.436
     2.798
     2.988
     2.031
     2.591
     3.329
     2.470
     2.512
     2.694
     2.855
     2.801
     2.603
     3.382
     3.442
     2.400
     2.733
     2.986
     3.611
     2.486
     2.670
     2.552
     2.550
     2.512
     2.599
     2.672
     2.651
     2.031
     2.541
     2.872
     2.563
     1.482
     2.480
     3.019
     2.232
     2.652
     3.092
     2.600
     2.617
     3.226
     3.218
     2.582
     2.845
     2.871
     3.070
     2.339
     3.139
     2.440
     2.619
     2.327
     2.638
     2.528
     3.058
     2.617
     2.941
     2.896
     2.680
     2.823
     2.750
     2.953
     2.620
     2.697
     2.224
     3.290
     2.630
     2.420
     2.876
     2.818
     2.897
     2.857
     3.166
     2.513
     1.430
     2.652
     2.716
     2.703
     2.759
     2.643
     2.688
     2.951
     1.654
     0.945
     3.229
     2.386
     3.015
     2.865
     2.582
     2.720
     2.276
     2.529
     2.456
     2.889
     3.375
     2.194
     2.827
     2.653
     1.609
     2.991
     2.397
     2.826
     3.545
     3.143
     2.758
     2.457
     3.087
     2.183
     2.605
     3.165
     3.409
     3.233
     2.623
     2.508
     3.086
     2.654
     2.084
     2.786
     3.316
     2.476
     2.666
     3.051
     2.008
     2.533
     2.745
     2.642
     3.703
     1.315
     2.550
     2.716
     2.853
     2.679
     2.938
     1.922
     2.693
     2.201
     1.979
     2.852
     2.426
     3.064
     3.292
     3.537
     2.932
     1.204
     2.379
     2.507
     2.654
     3.366
     3.122
     3.234
     2.120
     3.393
     2.310
     3.138
     2.574
     3.039
     3.095
     2.051
     3.114
     2.583
     2.917
     2.846
     1.953
     3.378
     2.849
     2.354
     2.513
     2.590
     2.344
     3.446
     2.187
     2.964
     2.562
     2.470
     2.380
     3.272
     2.495
     2.594
     3.648
     2.063
     2.492
     3.101
     2.758
     2.534
     2.295
     1.536
     1.471
     2.358
     3.113
     3.082
     2.393
     2.555
     3.352
     2.685
     2.517
     2.762
     2.526
     1.470
     2.579
     1.023
     2.653
     3.075
     2.542
     2.791
     2.450
     2.610
     1.372
     2.474
     3.196
     2.507
     2.445
     3.268
     2.845
     2.718
     2.802
     3.422
     2.349
     3.017
     2.632
     2.665
     3.257
     2.611
     2.076
     2.331
     2.346
     2.803
     2.958
     2.638
     1.532
     2.382
     3.142
     2.416
     3.341
     2.424
     2.557
     2.694
     2.717
     2.924
     2.542
     3.117
     2.684
     3.156
     2.488
     2.723
     2.865
     2.903
     2.297
     3.198
     2.921
     1.667
     3.550
     3.634
     2.694
     2.211
     2.875
     2.884
     2.120
     2.616
     2.902
     2.708
     2.079
     2.934
     2.625
     2.684
     2.878
     2.829
     2.542
     2.570
     2.632
     2.859
     2.634
     3.082
     2.273
     2.360
     2.894
     2.262
     2.433
     2.545
     2.482
     3.268
     2.680
     2.889
     2.525
     2.532
     2.649
     3.008
     2.676
     2.509
     1.910
     2.699
     2.487
     3.055
     2.402
     2.054
     2.793
     2.684
     3.125
     2.411
     2.871
     3.029
     3.041
     1.706
     2.667
     2.893
     2.743
     2.777
     1.050
     2.936
     1.133
     2.680
     2.605
     1.987
     2.568
     2.765
     2.926
     2.535
     2.478
     3.034
     2.750
     1.697
     2.612
     0.966
     3.100
     2.632
     2.987
     2.585
     2.316
     2.404
     3.192
     3.094
     3.131
     2.565
     3.531
     3.211
     2.397
     2.537
     3.262
     3.567
     2.505
     3.245
     1.854
     2.728
     2.509
     1.467
     2.455
     2.900
     2.754
     2.331
     2.884
     3.293
     3.061
     3.307
     3.041
     2.062
     2.495
     1.525
     2.806
     2.807
     2.623
     2.775
     2.465
     2.917
     2.796
     3.002
     2.638
     2.029
     2.704
     2.613
     2.902
     2.868
     2.321
     2.292
     3.233
     2.523
     3.017
     2.615
     2.604
     2.625
     3.240
     1.724
     2.557
     2.692
     2.631
     2.590
     3.171
     2.535
     2.683
     3.019
     2.546
     2.520
     2.600
     2.705
     2.600
     1.674
     2.638
     2.280
     3.114
     2.103
     2.324
     1.827
     2.088
     2.577
     2.049
     2.870
     2.642
     3.023
     3.005
     3.538
     2.557
     2.428
     2.805
     2.266
     2.592
     2.372
     2.760
     3.216
     1.928
     2.562
     2.402
     3.366
     3.419
     2.704
     2.539
     2.530
     2.505
     2.419
     2.605
     2.910
     3.090
     2.955
     2.755
     2.491
     3.301
     2.761
     2.887
     2.396
     2.801
     2.510
     2.481
     2.524
     2.803
     2.734
     2.597
     2.599
     2.483
     2.782
     2.755
     1.924
     2.887
     3.320
     2.764
     2.197
     2.575
     2.630
     3.440
     2.557
     2.642
     2.689
     3.331
     3.016
     2.607
     2.518
     2.566
     2.636
     3.678
     3.030
     2.383
     2.476
     2.135
     2.884
     2.990
     3.331
     2.581
     2.529
     2.799
     2.517
     3.102
     2.796
     2.801
     2.391
     2.538
     3.305
     3.413
     2.376
     2.291
     2.537
     2.222
     2.680
     3.050
     3.647
     3.598
     2.519
     2.614
     2.667
     2.480
     2.624
     1.585
     2.353
     3.126
     2.699
     3.076
     2.345
     2.613
     2.586
     2.592
     1.767
     2.564
     1.750
     3.100
     1.801
     2.836
     2.777
     2.560
     3.066
     2.631
     2.887
     2.805
     2.578
     2.678
     3.105
     2.719
     2.452
     2.218
     2.491
     2.487
     2.824
     2.459
     1.696
     3.034
     2.714
     2.774
     2.301
     3.233
     2.533
     2.650
     2.660
     2.607
     3.366
     2.641
     1.750
     2.653
     1.050
     2.072
     2.553
     3.225
     2.537
     2.618
     2.511
     3.017
     2.865
     2.523
     2.402
     3.093
     2.482
     2.575
     2.731
     2.949
     1.820
     2.637
     2.611
     2.619
     2.635
     2.011
     2.706
     3.293
     3.059
     2.412
     2.456
     3.088
     2.909
     2.516
     2.780
     2.866
     2.591
     3.338
     1.293
     2.336
     2.962
     2.476
     2.545
     2.887
     2.566
     2.994
     2.654
     2.533
     3.108
     2.575
     2.604
     2.571
     2.669
     2.685
     2.807
     2.443
     3.200
     2.485
     1.584
     2.580
     1.110
     2.851
     2.746
     3.066
     2.847
     2.666
     2.550
     2.303
     2.496
     2.586
     2.513
     2.562
     3.176
     2.870
     2.608
     2.847
     3.139
     2.446
     2.642
     2.489
     2.330
     2.662
     2.653
     3.343
     3.164
     3.122
     2.191
     2.588
     2.970
     2.669
     2.893
     2.509
     2.764
     2.674
     2.461
     1.974
     3.185
     2.633
     3.140
     2.691
     2.578
     2.062
     2.479
     2.695
     2.814
     2.478
     2.613
     2.407
     3.058
     2.576
     3.294
     2.588
     3.116
     3.072
     2.508
     2.539
     2.964
     1.058
     3.042
     2.494
     2.936
     2.877
     2.001
     2.562
     2.469
     2.560
     2.581
     2.976
     1.989
     3.100
     2.770
     2.481
     3.103
     2.256
     2.883
     2.750
     3.188
     3.303
     3.181
     3.095
     2.515
     3.366
     2.549
     2.612
     2.796
     2.862
     2.714
     2.693
     2.766
     2.619
     2.480
     2.671
     3.119
     2.639
     2.844
     2.762
     2.589
     2.079
     3.055
     3.140
     2.866
     2.953
     3.679
     3.542
     2.911
     2.613
     2.497
     3.624
     1.667
     3.121
     2.511
     2.645
     2.585
     2.876
     2.582
     3.040
     2.604
     2.872
     1.971
     2.656
     2.674
     2.233
     3.132
     3.064
     0.943
     2.554
     2.484
     3.555
     3.537
     2.627
     3.267
     2.852
     2.664
     2.382
     3.026
     3.077
     2.648
     3.551
     2.712
     2.956
     3.057
     3.186
     2.902
     1.627
     2.474
     2.581
     2.626
     1.859
     2.525
     2.654
     2.652
     2.856
     2.614
     2.397
     2.616
     2.983
     3.336
     2.603
     1.378
     2.774
     2.599
     3.162
     3.152
     2.569
     1.075
     2.524
     2.818
     3.009
     3.323
     2.876
     1.160
     3.136
     3.434
     3.310
     2.949
     2.587
     2.695
     3.097
     2.661
     2.590
     2.659
     2.601
     3.189
     3.637
     2.158
     2.575
     2.317
     2.398
