     3.530
     2.897
     3.551
     3.566
     3.573
     3.576
     3.527
     3.487
     3.495
     3.496
     3.468
     3.492
     3.545
     3.561
     3.553
     3.542
     3.520
     3.501
     3.485
     3.468
     3.455
     3.464
     3.467
     3.449
     3.414
     3.384
     3.373
     3.388
     3.420
     3.438
     3.459
     3.452
     3.437
     3.392
     3.388
     3.360
     3.346
     3.311
     3.328
     3.371
     3.546
     3.637
     3.704
     3.795
     3.864
     4.008
     4.125
     4.201
     4.243
     4.264
     4.279
     4.285
     4.311
     4.293
     4.277
     4.242
     4.218
     4.171
     4.116
     4.074
     4.033
     3.997
     3.992
     4.008
     4.000
     3.999
     3.997
     3.997
     3.996
     3.971
     3.946
     3.935
     3.936
     3.931
     3.929
     3.967
     4.020
     4.110
     4.223
     4.310
     4.341
     4.312
     4.219
     4.083
     3.958
     3.830
     3.908
     3.981
     4.173
     4.331
     4.416
     4.472
     4.491
     4.485
     4.458
     4.450
     4.439
     4.436
     4.429
     4.418
     4.321
     4.230
     4.121
     4.069
     4.069
     4.124
     4.175
     4.269
     4.336
     4.423
     4.514
     4.573
     4.608
     4.622
     4.620
     4.620
     4.588
     4.575
     4.526
     4.508
     4.474
     4.432
     4.397
     4.342
     4.272
     4.142
     3.952
     3.731
     3.470
     3.265
     3.309
     3.509
     3.486
     3.389
     3.261
     3.076
     2.934
     2.869
     3.018
     3.104
     3.135
     3.208
     3.391
     3.561
     3.675
     3.755
     3.783
     3.757
     3.699
     3.648
     3.588
     3.496
     3.370
     3.208
     3.079
     3.098
     3.151
     3.225
     3.336
     3.422
     3.423
     3.333
     3.198
     3.028
     2.598
     2.290
     2.090
     2.238
     2.368
     2.464
     2.536
     2.633
     2.741
     2.831
     2.931
     3.020
     3.154
     3.233
     3.298
     3.407
     3.500
     3.633
     3.771
     3.943
     4.067
     4.129
     4.140
     4.128
     4.106
     4.088
     4.047
     4.001
     3.945
     3.884
     3.835
     3.773
     3.734
     3.706
     3.680
     3.658
     3.626
     3.595
     3.553
     3.501
     3.449
     3.370
     3.278
     3.163
     3.070
     3.107
     3.101
     3.046
     2.995
     2.974
     3.037
     3.134
     3.226
     3.322
     3.384
     3.452
     3.486
     3.409
     3.327
     3.071
     2.982
     3.174
     3.283
     3.408
     3.522
     3.613
     3.668
     3.719
     3.705
     3.682
     3.652
     3.626
     3.560
     3.505
     3.448
     3.380
     3.292
     3.236
     3.290
     3.436
     3.471
     3.482
     3.486
     3.533
     3.577
     3.623
     3.676
     3.718
     3.744
     3.739
     3.699
     3.644
     3.569
     3.472
     3.391
     3.309
     3.230
     3.177
     3.150
     3.169
     3.197
     3.203
     3.212
     3.249
     3.285
     3.312
     3.403
     3.465
     3.495
     3.513
     3.995
     2.548
     3.359
     3.714
     3.607
     3.030
     3.937
     3.287
     2.460
     3.439
     3.836
     3.617
     4.052
     3.217
     3.680
     2.842
     3.326
     3.695
     3.636
     3.490
     1.640
     3.169
     3.875
     3.214
     3.908
     3.506
     4.437
     3.364
     4.417
     4.029
     4.094
     3.285
     3.449
     3.348
     3.057
     1.294
     3.541
     3.381
     3.148
     3.604
     3.511
     1.984
     2.792
     3.392
     3.654
     3.758
     3.574
     3.626
     3.597
     4.195
     4.238
     2.762
     4.094
     4.529
     2.967
     4.288
     3.295
     4.158
     2.863
     3.726
     3.953
     3.351
     3.860
     3.608
     3.701
     1.670
     3.515
     3.815
     3.554
     3.329
     3.927
     1.515
     3.855
     3.416
     3.483
     3.845
     3.155
     3.465
     4.457
     3.328
     3.502
     3.574
     1.246
     3.482
     3.571
     3.181
     3.536
     4.133
     3.406
     1.984
     2.642
     3.309
     2.995
     3.399
     2.718
     3.162
     3.341
     3.447
     4.168
     3.488
     3.402
     4.240
     2.283
     3.470
     3.352
     3.075
     3.672
     3.438
     3.258
     3.546
     3.446
     3.458
     2.793
     4.810
     4.123
     4.388
     3.308
     3.932
     3.541
     3.977
     3.927
     3.168
     2.331
     2.663
     4.351
     3.225
     3.124
     3.594
     3.693
     3.273
     4.368
     3.654
     3.524
     3.134
     4.149
     2.385
     4.266
     3.907
     3.273
     2.689
     3.202
     3.637
     3.481
     2.404
     3.305
     3.494
     3.609
     3.469
     3.390
     3.269
     4.039
     2.122
     2.825
     3.214
     3.736
     2.500
     2.725
     3.515
     3.593
     3.757
     3.421
     3.341
     3.360
     3.451
     1.614
     4.581
     3.525
     4.823
     3.079
     3.739
     4.248
     3.664
     3.433
     3.749
     3.029
     2.451
     3.180
     3.186
     3.629
     3.402
     3.985
     3.609
     3.722
     3.481
     3.829
     3.298
     3.400
     2.991
     2.698
     1.363
     3.809
     3.017
     3.068
     3.763
     3.809
     3.775
     3.495
     3.627
     3.270
     3.392
     3.932
     3.772
     3.754
     3.926
     3.327
     3.145
     3.464
     3.648
     3.526
     3.477
     4.036
     3.821
     3.024
     3.542
     3.617
     3.528
     3.421
     2.968
     4.219
     2.246
     3.517
     3.466
     3.199
     3.790
     3.755
     1.934
     3.464
     2.607
     2.544
     2.192
     3.915
     1.649
     4.221
     3.946
     4.753
     3.683
     3.953
     4.045
     3.254
     1.627
     3.965
     4.497
     2.936
     4.389
     3.133
     3.546
     4.013
     3.516
     3.255
     3.193
     3.414
     2.629
     3.322
     3.224
     3.383
     3.439
     2.676
     3.497
     3.617
     3.986
     3.945
     3.489
     2.554
     3.291
     3.222
     3.498
     3.819
     4.589
     2.367
     3.553
     3.471
     4.264
     3.574
     3.493
     2.309
     2.057
     4.100
     3.512
     3.913
     3.491
     3.628
     3.320
     3.545
     3.408
     3.028
     3.616
     4.191
     3.667
     3.884
     3.173
     3.403
     3.184
     3.277
     3.955
     3.609
     3.095
     3.071
     3.361
     3.448
     3.694
     3.929
     3.404
     3.069
     3.386
     3.646
     4.167
     4.300
     4.012
     3.377
     3.623
     3.580
     3.996
     3.370
     4.136
     2.640
     3.220
     4.011
     3.090
     4.464
     3.375
     3.378
     4.582
     3.513
     3.679
     3.985
     4.208
     1.585
     3.404
     4.711
     2.559
     4.321
     4.147
     3.853
     2.862
     3.487
     3.213
     4.094
     3.913
     4.512
     3.734
     3.510
     3.408
     3.525
     3.427
     3.478
     2.978
     2.815
     3.338
     3.194
     3.460
     2.532
     3.506
     3.681
     3.760
     3.752
     3.216
     3.463
     3.528
     2.934
     4.054
     2.779
     2.826
     3.639
     3.435
     3.275
     4.167
     2.273
     4.253
     3.575
     3.423
     3.562
     3.191
     3.412
     2.836
     3.165
     3.641
     4.039
     3.258
     1.619
     3.564
     1.505
     3.077
     3.410
     3.483
     3.608
     3.765
     3.317
     3.183
     3.963
     3.407
     3.532
     3.267
     3.378
     3.978
     3.262
     3.047
     1.515
     3.412
     4.774
     4.567
     3.529
     3.557
     3.392
     3.536
     3.458
     1.844
     2.148
     3.561
     3.348
     3.201
     3.646
     4.068
     3.236
     4.246
     4.422
     3.914
     3.783
     2.281
     2.797
     3.813
     3.793
     2.413
     3.461
     3.691
     3.166
     3.686
     3.175
     3.490
     3.822
     3.718
     3.162
     3.410
     3.945
     3.529
     3.428
     3.249
     3.235
     3.297
     3.633
     3.865
     3.388
     3.249
     3.504
     3.624
     3.496
     3.183
     3.207
     3.920
     4.795
     2.255
     4.656
     3.271
     3.289
     3.811
     4.188
     3.455
     3.241
     3.237
     3.631
     2.078
     4.510
     2.801
     3.376
     2.453
     1.993
     3.551
     3.565
     4.093
     4.134
     3.599
     3.223
     3.195
     4.048
     3.789
     4.237
     3.506
     3.530
     4.638
     3.465
     3.304
     4.039
     2.047
     4.252
     3.634
     4.015
     3.400
     3.566
     3.219
     3.405
     3.954
     3.857
     3.511
     3.752
     3.073
     3.497
     3.422
     2.706
     3.422
     3.253
     2.800
     4.738
     4.391
     4.159
     2.999
     3.681
     4.324
     4.032
     3.410
     3.415
     2.525
     3.664
     3.485
     2.247
     3.441
     1.556
     3.456
     3.689
     3.082
     3.193
     3.576
     4.185
     2.488
     3.927
     3.580
     3.850
     3.455
     4.289
     2.536
     2.317
     3.315
     2.321
     4.355
     3.016
     3.320
     3.610
     3.271
     3.912
     3.820
     2.014
     3.719
     4.166
     3.586
     3.319
     2.067
     3.271
     3.321
     3.370
     3.392
     3.522
     3.591
     3.410
     3.898
     3.325
     4.394
     3.719
     2.990
     3.635
     3.756
     3.974
     3.282
     3.492
     3.452
     3.556
     3.339
     4.092
     3.150
     3.227
     3.778
     3.438
     1.836
     4.174
     2.172
     2.520
     3.617
     3.996
     3.333
     2.794
     3.210
     3.502
     3.563
     3.137
     4.026
     3.457
     3.432
     3.773
     3.765
     3.957
     3.259
     4.057
     3.166
     3.730
     3.531
     3.412
     3.249
     3.279
     3.706
     3.019
     3.633
     3.434
     3.636
     4.064
     2.925
     2.093
     3.543
     3.507
     1.465
     2.378
     3.466
     1.962
     3.622
     3.674
     3.265
     3.817
     3.553
     3.447
     3.318
     3.498
     3.497
     3.516
     1.616
     3.804
     3.748
     3.422
     3.590
     2.072
     3.192
     3.678
     3.274
     3.641
     2.866
     4.077
     3.350
     3.381
     3.021
     3.299
     3.429
     3.520
     3.846
     4.387
     2.985
     3.274
     3.430
     3.494
     2.847
     2.193
     3.982
     3.627
     3.659
     3.152
     3.359
     2.316
     3.633
     3.427
     4.474
     3.927
     3.506
     3.446
     3.295
     1.098
     3.718
     4.026
     3.029
     4.462
     3.434
     3.448
     4.635
     3.258
     3.603
     3.462
     3.514
     2.826
     4.150
     3.845
     3.865
     1.067
     3.562
     3.709
     3.350
     1.402
     3.212
     3.975
     3.285
     3.938
     4.269
     2.910
     4.061
     3.358
     3.256
     3.409
     3.831
     3.586
     3.913
     2.653
     3.245
     3.319
     3.861
     4.242
     4.192
     2.090
     3.383
     3.646
     3.500
     3.763
     3.450
     3.965
     3.721
     3.293
     3.765
     3.465
     4.801
     2.087
     3.691
     3.651
     4.190
     3.120
     3.405
     3.722
     4.460
     2.459
     3.219
     3.158
     2.936
     3.860
     1.664
     3.175
     3.708
     3.610
     3.821
     3.274
     4.019
     4.741
     3.634
     3.998
     3.408
     4.133
     3.520
     3.632
     3.451
     4.581
     3.657
     3.329
     3.446
     2.203
     4.649
     3.008
     3.500
     2.046
     4.179
     3.577
     3.136
     3.236
     2.948
     3.876
     3.647
     2.878
     4.240
     3.318
     3.121
     3.750
     3.376
     3.892
     3.259
     3.340
     3.524
     3.921
     4.697
     3.313
     3.362
     3.432
     2.686
     4.301
     4.178
     3.583
     4.292
     4.001
     3.522
     3.211
     3.336
     3.906
     4.010
     3.066
     3.995
     3.993
     3.342
     3.446
     3.543
     3.933
     3.473
     3.123
     3.794
     3.436
     1.317
     3.421
     3.447
     2.931
     3.521
     3.870
     2.534
     3.655
     4.025
     3.775
     3.437
     3.413
     4.156
     3.680
     3.480
     3.296
     3.448
     3.492
     2.724
     3.862
     3.031
     3.788
     3.364
     1.939
     3.266
     3.356
     3.407
     3.745
     4.164
     3.301
     3.843
     3.611
     1.963
     3.245
     3.323
     3.024
     3.490
     3.435
     3.043
     4.400
     3.493
     4.042
     4.515
     3.592
     3.062
     3.413
     3.764
     3.554
     3.750
     3.608
     3.358
     3.969
     3.628
     2.212
     4.033
     2.304
     3.422
     3.927
     3.392
     3.983
     1.060
     3.325
     4.062
     4.056
     3.995
     3.603
     4.430
     3.915
     3.526
     3.231
     3.538
     3.472
     4.000
     3.260
     3.236
     3.410
     3.275
     3.460
     3.214
     0.930
     4.307
     3.162
     3.468
     3.961
     3.111
     3.385
     2.357
     4.077
     2.294
     4.230
     3.124
     2.709
     3.101
     3.444
     3.470
     3.559
     3.626
     2.598
     3.185
     3.388
     4.541
     3.880
     3.970
     3.405
     1.787
     3.689
     3.438
     3.640
     3.708
     3.436
     3.095
     2.684
     3.503
     3.564
     3.598
     3.737
     4.265
     2.698
     3.485
     4.606
     3.645
     3.878
     3.213
     3.571
     3.213
     2.675
     3.514
     3.021
     4.292
     3.363
     3.752
     4.010
     3.360
     3.330
     3.322
     4.208
     2.288
     4.244
     4.733
     4.280
     3.504
     3.578
     1.210
     3.677
     3.015
     3.684
     3.185
     3.273
     3.898
     3.385
     3.584
     3.272
     3.336
     3.265
     4.340
     2.212
     3.519
     4.119
     3.965
     3.860
     3.572
     3.580
     3.162
     3.017
     4.128
     2.607
     3.224
     4.016
     3.471
     4.240
     3.604
     1.436
     3.321
     3.613
     3.379
     1.595
     3.487
     3.399
     4.470
     3.868
     3.706
     3.570
     4.124
     3.575
     3.871
     2.221
     2.397
     3.429
     3.561
     3.520
     2.940
     3.445
     3.761
     3.338
     2.159
     4.037
     2.510
     3.783
     3.206
     3.492
     3.570
     2.944
     3.082
     3.372
     3.221
     4.818
     3.671
     3.677
     3.864
     3.415
     3.572
     4.011
     3.137
     4.070
     3.445
     4.271
     1.211
     3.908
     3.062
     3.550
     3.119
     4.567
     3.562
     3.831
     3.392
     4.449
     2.973
     3.457
     3.946
     3.555
     3.333
     3.277
     3.997
     3.452
     3.414
     3.318
     3.535
     3.766
     3.063
     3.743
     3.605
     3.662
     3.746
     4.453
     3.481
     3.839
     4.420
     3.778
     3.349
     2.899
     1.843
     3.583
     3.666
     3.266
     3.099
     3.490
     3.143
     3.574
     3.577
     2.998
     2.579
     3.531
     3.451
     1.644
     3.498
     3.715
     3.576
     2.438
     3.380
     2.771
     4.202
     3.330
     4.610
     3.304
     3.298
     3.333
     3.349
     3.835
     3.549
     4.105
     3.326
     4.484
     4.565
     3.398
     3.248
     3.217
     4.735
     3.707
     3.634
     3.154
     4.052
     3.046
     3.438
     4.000
     4.036
     3.612
     3.255
     3.425
     2.256
     3.513
     3.365
     3.666
     2.741
     3.475
     3.804
     3.259
     4.151
     3.498
     2.544
     3.751
     3.029
     3.928
     3.310
     3.143
     4.150
     2.529
     4.219
     3.626
     3.154
     3.462
     3.437
     3.147
     4.082
     3.241
     2.267
     4.277
     2.133
     1.390
     4.095
     3.324
     2.831
     3.405
     3.422
     3.194
     3.778
     3.082
     3.345
     3.207
     3.442
     3.730
     3.539
     4.706
     4.052
     3.620
     3.514
     3.487
     3.291
     3.437
     3.074
     3.759
     3.237
     3.363
     2.685
     3.329
     4.225
     4.116
     3.307
     3.421
     3.014
     3.867
     3.388
     4.187
     4.525
     3.320
     3.913
     3.318
     3.109
     4.285
     3.420
     2.620
     3.345
     3.083
     1.968
     3.976
     4.006
     3.466
     2.928
     3.663
     3.244
     3.521
     2.420
     3.397
     3.925
     3.663
     4.190
     3.501
     4.116
     3.513
     3.470
     3.849
     3.381
     1.778
     3.290
     3.503
     1.692
     3.483
     3.718
     3.383
     2.913
     4.296
     4.317
     3.559
     3.529
     3.387
     3.380
     3.306
     2.678
     3.891
     2.037
     3.517
     3.989
     4.048
     4.045
     3.642
     3.534
     3.528
     3.512
     3.277
     3.257
     3.735
     3.838
     3.514
     2.015
     3.291
     3.217
     3.518
     3.805
     3.097
     4.070
     3.696
     4.022
     4.022
     3.468
     3.571
     3.720
     3.632
     3.092
     4.709
     3.301
     4.284
     3.429
     3.442
     2.095
     3.606
     3.262
     3.487
     3.140
     3.593
     2.679
     3.319
     3.274
     2.439
     3.474
     3.518
     3.495
     3.507
     2.960
     3.646
     3.251
     2.318
     1.261
     4.627
     3.474
     3.491
     3.568
     3.439
     3.876
     3.509
     3.291
     4.106
     3.256
     3.384
     4.342
     4.412
     4.235
     4.001
     3.481
     3.954
     4.130
     3.235
     4.356
     3.049
     3.501
     3.135
     3.429
     3.289
     4.615
     2.447
     3.694
     3.549
     2.578
     3.612
     3.467
     3.588
     3.455
     3.954
     4.524
     2.945
     3.610
     3.244
     4.270
     3.474
     4.061
     3.347
     3.766
     4.511
     3.628
     3.787
     4.068
     3.825
     4.118
     3.174
     2.821
     3.786
     4.805
     1.280
     3.843
     3.393
     3.935
     3.906
     3.289
     3.891
     3.544
     4.292
     3.261
     4.410
     3.440
     3.537
     2.144
     4.020
     3.230
     2.266
     3.506
     3.342
     3.568
     3.528
     3.348
     2.976
     4.724
     3.721
     3.503
     4.404
     4.139
     3.496
     3.538
     3.831
     3.577
     3.530
     2.332
     3.635
     3.438
     3.317
     4.177
     3.856
     4.081
     4.138
     2.462
     1.160
     3.212
     2.536
     4.660
     3.392
     2.735
     3.433
     3.572
     3.168
     3.122
     3.276
     2.139
     1.475
     4.025
     3.485
     3.453
     3.373
     3.334
     4.297
     2.216
     2.288
     3.916
     3.604
     3.799
     3.046
     3.671
     3.141
     3.495
     3.084
     1.913
     3.310
     4.032
     3.423
     3.101
     3.590
     3.282
     3.353
     3.556
     3.669
     3.137
     4.453
     4.338
     4.398
     3.097
     3.423
     3.833
     3.317
     2.192
     2.145
     3.028
     2.319
     3.548
     4.350
     2.428
     3.720
     3.597
     3.710
     3.423
     4.224
     3.539
     3.299
     3.512
     3.387
     2.214
     3.587
     4.505
     3.586
     2.596
     3.893
     3.103
     3.693
     1.966
     3.916
     3.942
     3.205
     3.451
     1.911
     4.080
     3.639
     3.353
     4.064
     3.646
     2.334
     2.010
     2.194
     4.209
     3.135
     3.097
     3.407
     1.998
     3.435
     1.559
     3.477
     3.300
     3.476
     3.520
     3.547
     4.283
     3.338
     3.488
     3.075
     3.862
     3.643
     3.082
     3.608
     2.613
     3.742
     3.366
     3.349
     3.034
     2.863
     3.589
     3.388
     3.215
     2.632
     3.538
     3.005
     3.569
     3.276
     4.041
     3.327
     3.732
     3.540
     4.421
     2.608
     3.425
     3.620
     3.255
     3.179
     3.368
     4.053
     4.562
     3.462
     3.230
     3.232
     3.921
     3.930
     3.506
     3.666
     3.450
     3.382
     3.818
     3.402
     3.895
     3.651
     3.364
     3.378
     3.078
     3.284
     3.642
     3.405
     3.657
     3.808
     3.326
     3.529
     3.555
     1.710
     3.259
     3.410
     3.732
     3.974
     3.807
     4.412
     3.444
     3.428
     4.076
     3.740
     3.926
     3.397
     2.936
     4.012
     4.107
     4.818
     3.715
     3.348
     3.585
     4.367
     3.305
     3.128
     1.167
     3.816
     3.735
     3.353
     3.719
     3.983
     3.271
     4.041
     3.653
     3.211
     4.591
     3.343
     3.346
     3.304
     2.712
     3.597
     3.545
     2.685
     4.651
     3.333
     1.872
     3.324
     4.006
     3.758
     2.954
     3.334
     4.659
     2.386
     3.697
     3.489
     3.589
     2.990
     3.276
     4.295
     2.977
     4.174
     3.146
     3.353
     3.224
     3.454
     3.365
     3.244
     4.196
     4.055
     4.002
     3.520
     3.146
     3.766
     3.273
     1.964
     3.685
     3.624
     3.549
     2.239
     3.254
     2.447
     3.559
     1.852
     3.918
     3.557
     3.258
     2.664
     3.927
     3.414
     3.267
     2.951
     4.012
     3.528
     3.696
     3.499
     3.556
     3.532
     3.483
     3.288
     3.235
     3.735
     3.659
     3.314
     3.573
     2.763
     3.189
     3.188
     4.508
     3.328
     3.166
     2.220
     4.002
     4.201
     4.578
     3.678
     3.491
     2.681
     3.825
     4.333
     3.618
     4.185
     3.232
     3.714
     3.360
     3.407
     3.423
     3.461
     3.371
     2.384
     3.509
     1.946
     2.246
     3.487
     4.199
     3.452
     3.602
     3.390
     3.164
     4.167
     3.897
     3.219
     3.300
     3.391
     3.449
     3.403
     3.548
     3.214
     3.315
     3.406
     3.109
     3.414
     3.982
     2.330
     1.689
     3.715
     3.297
     3.575
     3.204
     3.697
     3.392
     3.253
     2.352
     4.733
     3.770
     3.372
     4.297
     3.664
     3.488
     3.536
     1.643
     3.364
     3.833
     3.473
     3.589
     4.096
     3.406
     3.425
     1.958
     3.168
     3.721
     3.830
     3.422
     3.236
     3.260
     4.123
     3.016
     3.595
     3.601
     4.703
     3.495
     3.980
     3.862
     3.599
     3.404
     3.219
     4.116
     3.531
     1.512
     3.605
     3.319
     3.637
     1.814
     2.546
     3.648
     3.625
     3.830
     3.157
     3.320
     3.741
     3.938
     2.037
     3.158
     4.050
     3.142
     3.437
     3.528
     3.482
     3.843
     3.699
     3.855
     3.306
     3.489
     1.677
     3.548
     2.123
     3.184
     2.343
     4.717
     2.987
     3.187
     3.714
     3.777
     4.096
     3.239
     2.588
     3.710
     2.928
     3.427
     2.412
     3.549
     3.703
     2.744
     2.733
     3.500
     3.906
     3.775
     3.847
     4.004
     3.904
     2.662
     3.362
     3.367
     3.708
     4.527
     2.943
     2.366
     2.965
     3.966
     4.031
     4.218
     2.837
     3.384
     3.624
     3.187
     3.470
     3.954
     3.865
     3.995
     3.509
     3.497
     3.356
     3.635
     3.348
     3.147
     3.281
     3.305
     3.396
     2.949
     2.830
     3.249
     4.088
     3.754
     4.394
     3.572
     1.974
     3.403
     3.419
     3.701
     4.040
     3.515
     3.435
     3.803
     3.089
     3.265
     3.562
     3.308
     2.940
     4.234
     1.469
     2.409
     4.272
     4.065
     4.166
     4.265
     3.881
     4.072
     3.602
     3.684
     3.176
     3.618
     3.697
     3.389
     3.654
     3.656
     3.265
     3.139
     2.301
     3.517
     3.278
     3.655
     3.836
     3.719
     3.514
     3.799
     3.555
     3.413
     3.708
     4.465
     3.658
     3.316
     3.442
     3.873
     3.729
     3.460
     4.349
     4.760
     3.408
     3.329
     3.534
     3.715
     3.570
     3.389
     3.311
     3.447
     3.708
     3.381
     3.961
     3.988
     4.304
     1.628
     3.305
     3.482
     4.034
     3.164
     3.280
     2.730
     3.422
     3.474
     3.356
     1.544
     3.142
     3.512
     3.376
     3.294
     3.474
     3.466
     2.025
     1.864
     3.773
     3.728
     3.785
     3.756
     3.833
     2.190
     2.976
     3.510
     3.494
     3.799
     3.188
     3.242
     3.349
     3.210
     2.953
     3.436
     4.070
     3.418
     4.170
     3.459
     3.378
     3.198
     4.421
     3.749
     3.331
     3.921
     4.004
     2.854
     3.548
     2.870
     1.908
     3.558
     3.408
     4.652
     4.530
     2.598
     2.989
     3.544
     3.607
     3.639
     2.173
     2.301
     3.381
     2.578
     2.833
     4.717
     3.540
     3.189
     4.826
     3.074
     2.226
     2.586
     3.640
     3.409
     3.741
     3.214
     1.983
     3.609
     4.195
     3.761
     3.223
     3.609
     2.794
     3.337
     4.793
     2.910
     3.804
     3.614
     3.964
     3.910
     3.563
     1.050
     4.381
     3.811
     3.196
     2.073
     3.767
     3.563
     4.119
     3.723
     3.830
     4.389
     3.153
     3.966
     2.878
     4.133
     3.987
     3.594
     3.212
     3.568
     4.704
     2.861
     3.209
     4.447
     1.766
     3.901
     4.032
     4.781
     4.098
     3.842
     3.525
     3.525
     3.261
     3.380
     3.961
     4.035
     3.451
     3.435
     3.444
     4.448
     3.569
     3.271
     1.225
     3.027
     3.403
     3.441
     4.032
     4.471
     3.639
     4.064
     3.501
     3.016
     3.438
     3.253
     3.963
     3.891
     3.379
     4.062
     4.144
     3.434
     3.529
     3.977
     4.149
     2.907
     3.971
     3.450
     3.441
     3.612
     4.181
     0.795
     1.934
     3.975
     3.423
     3.948
     3.533
     4.018
     1.881
     3.018
     3.066
     3.538
     4.190
     3.269
     3.263
     3.300
     4.694
     3.138
     3.636
     2.997
     4.518
     3.638
     2.456
     3.526
     3.539
     4.223
     3.763
     3.678
     3.846
     3.344
     3.729
     3.725
     4.026
     4.011
     3.421
     3.668
     3.777
     3.704
     1.749
     2.963
     3.594
     3.724
     3.331
     3.219
     3.577
     3.026
     4.268
     4.335
     3.990
     3.875
     3.325
     3.748
     3.459
     3.306
     3.761
     3.422
     3.895
     3.799
     4.287
     3.698
     3.446
     4.280
     3.610
     3.596
     4.019
     4.101
     3.819
     3.920
     3.281
     3.392
     3.430
     3.682
     3.932
     1.636
     3.147
     3.555
     4.519
     3.574
     2.796
     3.614
     3.797
     3.823
     3.551
     2.894
     3.924
     3.583
     3.479
     3.410
     3.182
     3.216
     3.236
     3.450
     3.407
     2.551
     4.300
     4.599
     3.127
     3.821
     3.902
     3.837
     3.395
     3.176
     3.501
     3.492
     2.769
     4.154
     3.311
     4.749
     3.261
     3.689
     4.019
     3.670
     3.976
     3.416
     3.201
     3.466
     3.154
     3.601
     3.563
     4.064
     3.111
     3.354
     3.556
     3.338
     3.886
     2.307
     3.015
     3.008
     3.551
     2.661
     3.518
     3.917
     4.784
     4.068
     3.628
     3.449
     3.340
     3.979
     3.816
     3.749
     4.228
     1.514
     3.473
     3.783
     3.848
     1.401
     2.973
     4.390
     3.824
     3.792
     3.705
     3.114
     3.566
     3.431
     3.302
     3.616
     3.101
     3.642
     3.623
     3.598
     3.782
     3.581
     4.395
     3.478
     3.669
     2.488
     3.253
     2.940
     3.636
     2.844
     3.607
     2.823
     3.613
     4.402
     3.612
     3.558
     3.136
     3.319
     3.585
     3.409
     3.705
     3.374
     3.408
     3.307
     3.038
     2.962
     3.397
     3.472
     3.402
     2.437
     3.163
     4.132
     3.458
     3.896
     3.321
     3.122
     4.121
     3.189
     3.546
     2.944
     3.534
     3.449
     3.788
     3.331
     3.386
     3.207
     3.434
     1.762
     2.815
     3.586
     1.977
     3.496
     3.795
     3.378
     3.207
     3.806
     3.432
     3.097
     3.703
     3.515
     3.672
     3.640
     3.387
     2.557
     3.396
     2.364
     3.449
     1.540
     3.575
     3.704
     3.411
     2.492
     3.371
     3.571
     3.093
     3.067
     2.991
     2.713
     3.377
     4.637
     4.008
     3.462
     2.127
     3.659
     3.465
     3.410
     3.788
     3.099
     3.316
     3.395
     2.963
     3.396
     3.329
     2.644
     3.685
     3.774
     3.154
     3.175
     3.239
     3.710
     3.165
     3.561
     2.868
     3.426
     4.167
     3.995
     4.404
     3.552
     3.431
     3.490
     4.289
     4.192
     3.286
     4.428
     3.339
     3.535
     3.253
     3.549
     3.870
     3.670
     3.333
     3.506
     3.570
     4.015
     2.877
     3.839
     1.983
     3.490
     1.372
     3.388
     3.760
     3.861
     3.239
     3.467
     3.357
     1.586
     3.422
     2.825
     2.267
     3.572
     3.416
     3.575
     3.290
     4.257
     1.382
     3.620
     3.516
     2.804
     4.095
     3.805
     3.829
     4.074
     3.532
     1.945
     3.236
     3.384
     3.919
     4.268
     3.415
     3.525
     3.403
     3.267
     3.068
     3.428
     4.286
     2.102
     4.147
     3.957
     3.852
     3.385
     4.016
     3.469
     3.650
     3.487
     3.721
     3.270
     3.451
     4.322
     3.510
     3.456
     3.560
     3.866
     3.094
     3.538
     3.148
     3.257
     3.997
     3.223
     3.070
     2.891
     3.394
     1.992
     3.393
     3.827
     3.166
     1.797
     3.545
     3.569
     3.904
     3.373
     3.100
     4.095
     3.452
     4.111
     3.585
     4.032
     3.096
     2.827
     3.706
     2.584
     4.663
     2.053
     3.911
     2.029
     3.508
     3.162
     3.153
     3.525
     3.268
     2.953
     3.861
     3.510
     3.746
     3.594
     3.543
     3.024
     1.842
     3.484
     4.004
     3.273
     3.466
     3.256
     3.951
     4.158
     2.983
     4.034
     3.596
     4.585
     3.340
     3.711
     3.294
     3.416
     3.461
     3.407
     3.976
     3.678
     3.283
     3.427
     3.403
     3.367
     3.534
     3.570
     4.267
     4.179
     4.145
     2.960
     3.293
     3.304
     4.479
     3.535
     3.847
     3.294
     3.043
     4.529
     4.042
     3.798
     1.620
     2.602
     3.895
     3.545
     3.070
     3.462
     3.444
     3.287
     4.738
     3.764
     3.451
     3.315
     3.510
     3.304
     3.369
     3.678
     3.242
     3.775
     3.544
     3.691
     3.579
     3.620
     3.913
     3.569
     2.633
     3.411
     4.238
     4.128
     3.348
     1.950
     2.743
     3.706
     3.152
     3.678
     3.569
     3.619
     3.638
     3.866
     3.607
     2.563
     3.351
     1.903
     3.747
     3.806
     3.703
     3.208
     2.805
     4.079
     4.247
     3.268
     2.626
     4.290
     3.767
     3.313
     3.696
     2.989
     4.283
     3.283
     3.508
     2.382
     3.437
     2.669
     3.154
     1.574
     3.343
     3.411
     3.917
     3.946
     4.629
     4.225
     3.822
     3.547
     3.219
     4.369
     4.258
     4.394
     4.268
     2.915
     3.669
     3.147
     2.512
     3.401
     2.874
     3.735
     3.442
     3.498
     3.776
     3.494
     3.479
     4.061
     3.362
     3.419
     3.410
     3.407
     3.396
     1.429
     3.881
     2.711
     3.624
     2.980
     1.661
     3.325
     2.589
     3.566
     3.486
     3.271
     3.485
     3.478
     3.413
     3.965
     3.572
     3.594
     3.606
     3.428
     3.211
     2.819
     3.186
     4.081
     3.790
     3.642
     3.499
     3.532
     3.584
     3.239
     3.237
     3.570
     3.701
     3.980
     3.457
     3.291
     2.709
     1.951
     3.809
     3.281
     3.268
     3.823
     3.491
     3.307
     3.689
     3.605
     4.300
     3.613
     2.754
     3.849
     3.463
     3.637
     2.618
     3.045
     3.057
     3.480
     4.170
     3.905
     3.206
     4.085
     2.620
     3.330
     2.547
     4.489
     3.189
     3.731
     3.613
     3.849
     3.512
     3.186
     3.688
     3.528
     3.503
     4.528
     3.807
     3.911
     2.348
     3.668
     4.443
     3.408
     3.693
     3.824
     3.592
     3.577
     3.381
     2.534
     3.895
     1.991
     3.214
     3.787
     3.570
     3.339
     3.557
     3.932
     3.618
     3.237
     3.011
     3.320
     4.007
     3.862
     3.209
     4.495
     3.453
     1.440
     1.511
     3.635
     4.016
     3.237
     3.400
     3.334
     4.015
     3.496
     3.256
     3.481
     2.991
     3.326
     1.252
     3.377
     2.925
     3.448
     3.532
     3.363
     4.817
     2.210
     2.417
     4.008
     3.338
     3.499
     3.268
     3.751
     3.620
     3.423
     3.431
     3.558
     3.835
     4.574
     3.921
     3.490
     3.345
     3.599
     1.598
     3.966
     3.261
     3.861
     3.399
     4.026
     4.245
     3.552
     3.073
     2.981
     2.520
     3.347
     3.948
     4.134
     3.220
     3.412
     3.923
     3.323
     3.490
     3.391
     3.396
     3.394
     4.093
     3.468
     2.763
     3.596
     3.709
     3.926
     3.724
     2.903
     3.232
     4.074
     4.300
     4.189
     3.419
     3.789
     3.347
     3.276
     2.567
     3.439
     2.313
     3.282
     3.574
     3.753
     2.935
     3.696
     3.403
     3.635
     2.621
     2.684
     3.573
     4.758
     1.215
     3.436
     2.280
     1.904
     4.396
     4.014
     4.291
     3.886
     3.260
     3.144
     2.078
     3.830
     4.553
     4.113
     3.941
     3.890
     3.466
     3.541
     3.197
     3.472
     4.447
     1.422
     2.437
     4.039
     3.684
     4.390
     3.533
     3.224
     3.357
     3.340
     3.572
     2.969
     2.022
     3.078
     4.222
     3.016
     3.318
     4.212
     4.151
     3.927
     4.654
     3.292
     4.209
     3.711
     3.594
     3.327
     3.035
     3.541
     3.724
     3.855
     2.789
     3.411
     3.273
     3.986
     3.999
     3.174
     3.527
     4.676
     3.835
     3.491
     3.357
     3.388
     4.180
     3.097
     3.322
     3.537
     2.825
     3.723
     3.848
     4.046
     4.534
     3.046
     4.167
     4.654
     2.695
     3.437
     3.471
     3.046
     4.050
     3.920
     3.827
     3.380
     3.145
     3.490
     3.503
     3.145
     3.156
     4.319
     2.339
     3.528
     2.792
     4.786
     4.471
     3.480
     3.572
     4.120
     3.229
     2.714
     3.557
     4.135
     3.967
     3.816
     3.265
     3.965
     3.558
     3.638
     3.579
     3.239
     3.549
     3.409
     4.294
     3.332
     3.335
     4.465
     3.798
     3.967
     2.290
     4.190
     3.670
     3.550
     3.907
     3.626
     3.443
     2.952
     4.191
     3.183
     3.573
     2.930
     3.058
     3.370
     3.336
     2.437
     3.523
     3.116
     3.660
     3.402
     2.805
     2.868
     3.860
     4.824
     3.657
     4.670
     4.281
     3.247
     2.374
     3.232
     4.112
     3.588
     3.568
     3.658
     3.644
     3.416
     3.436
     4.012
     3.492
     4.045
     3.548
     2.296
     2.705
     1.817
     1.853
     3.278
     3.578
     2.997
     4.094
     2.241
     3.998
     3.062
     3.870
     4.086
     3.284
     4.499
     3.248
     3.795
     3.591
     4.355
     4.369
     3.398
     3.757
     2.606
     3.994
     3.964
     3.367
     3.916
     3.449
     4.002
     3.431
     3.616
     3.267
     3.990
     3.116
     2.131
     1.310
     1.815
     3.691
     4.382
     4.143
     4.182
     4.336
     3.680
     3.457
     3.507
     3.767
     3.362
     3.415
     4.067
     3.082
     3.550
     1.600
     3.494
     3.333
     4.074
     3.467
     2.131
     3.726
     3.068
     4.717
     3.345
     3.790
     3.535
     3.736
     4.356
     3.726
     4.449
     4.128
     3.919
     4.077
     3.419
     3.955
     1.943
     3.833
     4.289
     3.306
     4.158
     3.560
     3.845
     3.605
     3.349
     3.371
     4.130
     3.378
     3.190
     3.277
     3.493
     3.357
     2.979
     3.154
     1.951
     3.393
     4.161
     3.633
     3.463
     3.421
     3.468
     4.320
     3.039
     3.338
     4.756
     3.440
     3.820
     3.208
     3.335
     4.015
     4.061
     2.573
     3.498
     3.338
     3.499
     3.312
     2.766
     3.217
     3.689
     3.967
     3.572
     3.154
     3.262
     4.152
     3.588
     3.447
     3.458
     3.576
     3.431
     3.106
     2.376
     3.799
     3.949
     2.204
     3.332
     3.417
     3.575
     3.647
     3.243
     3.460
     1.158
     3.587
     3.656
     4.071
     4.376
     3.076
     3.436
     4.051
     4.222
     3.744
     3.712
     3.503
     2.488
     3.211
     3.690
     3.514
     3.798
     3.712
     3.107
     3.578
     3.838
     4.229
     3.641
     3.292
     3.182
     4.519
     3.021
     3.530
     3.990
     2.035
     3.559
     3.703
     3.488
     3.482
     2.733
     3.283
     3.077
     3.362
     4.099
     3.976
     3.393
     1.755
     3.060
     3.807
     3.674
     3.688
     3.954
     3.072
     3.950
     1.731
     3.514
     2.052
     4.555
     3.662
     4.261
     3.309
     4.234
     3.232
     4.219
     3.297
     4.350
     3.395
     3.295
     4.085
     3.613
     3.506
     3.407
     3.627
     4.574
     3.782
     3.803
     1.118
     3.503
     2.148
     3.495
     3.093
     3.892
     4.528
     4.244
     3.007
     3.389
     2.695
     3.651
     3.603
     3.561
     3.369
     3.319
     3.252
     4.300
     4.465
     2.659
     3.126
     3.474
     3.496
     1.436
     2.393
     3.436
     3.680
     3.521
     3.489
     3.278
     3.040
     3.501
     3.400
     3.131
     3.606
     3.095
     3.367
     4.114
     3.502
     3.234
     3.488
     3.357
     4.002
     4.603
     4.402
     4.087
     3.548
     3.564
     3.516
     3.525
     2.522
     3.822
     3.669
     3.309
     3.216
     3.167
     3.313
     3.194
     3.555
     3.300
     3.343
     3.263
     3.410
     3.273
     3.535
     1.528
     3.443
     3.263
     2.064
     3.527
     2.996
     3.637
     3.412
     3.479
     3.499
     3.385
     3.681
     2.665
     3.470
     3.601
     4.658
     3.300
     3.212
     2.642
     3.441
     4.002
     3.364
     2.851
     3.625
     3.239
     3.557
     2.687
     4.280
     3.044
     4.015
     3.147
     3.208
     3.858
     4.101
     2.873
     3.991
     3.554
     4.060
     4.117
     3.622
     3.562
     2.990
     4.169
     4.377
     3.301
     3.104
     3.606
     3.443
     3.207
     1.859
     4.209
     3.785
     2.573
     3.090
     3.847
     3.327
     3.307
     3.732
     3.793
     3.309
     3.717
     2.186
     4.000
     3.652
     3.364
     2.573
     3.482
     4.004
     2.601
     3.772
     1.351
     3.536
     2.222
     3.440
     3.193
     1.190
     3.270
     3.375
     1.409
     3.235
     3.590
     4.543
     3.678
     3.180
     3.651
     3.374
     3.985
     3.531
     4.255
     3.507
     3.620
     3.480
     3.965
     2.074
     3.989
     3.462
     3.184
     3.981
     4.193
     4.366
     3.463
     3.448
     3.472
     3.627
     3.618
     4.140
     4.034
     3.031
     3.871
     3.579
     1.228
     4.376
     3.465
     3.753
     4.369
     3.215
     3.762
     3.278
     3.251
     2.864
     3.880
     3.536
     3.285
     3.154
     3.415
     4.456
     3.636
     3.335
     3.183
     3.294
     3.262
     3.115
     4.232
     3.149
     4.691
     2.526
     3.128
     3.682
     3.591
     3.484
     4.218
     3.441
     3.713
     3.270
     3.493
     3.042
     3.087
     2.574
     3.463
     3.727
     3.757
     3.601
     3.687
     3.482
     3.769
     2.680
     3.780
     3.900
     3.374
     3.381
     3.839
     3.282
     3.811
     3.399
     3.825
     4.358
     3.435
     3.791
     2.402
     3.105
     3.279
     3.679
     4.053
     2.438
     3.139
     1.954
     4.271
     4.103
     3.587
     3.317
     2.836
     4.617
     3.404
     4.250
     2.406
     3.973
     2.327
     3.369
     2.010
     2.272
     3.237
     3.387
     2.951
     3.394
     4.122
     3.523
     3.428
     3.349
     3.482
     3.266
     3.849
     3.990
     3.005
     3.524
     3.515
     3.249
     3.960
     3.556
     3.489
     3.928
     3.491
     3.841
     4.051
     4.176
     3.270
     2.752
     3.494
     1.667
     2.510
     3.433
     3.875
     3.214
     3.544
     3.237
     3.418
     3.259
     3.438
     3.360
     4.268
     1.778
     3.517
     3.493
     3.630
     3.374
     3.330
     1.271
     3.285
     3.549
     3.536
     3.090
     3.737
     3.897
     3.349
     4.407
     4.098
     3.870
     3.824
     3.354
     3.348
     3.510
     3.575
     3.787
     3.995
     3.651
     3.312
     1.767
     3.256
     4.016
     3.481
     3.255
     4.402
     3.685
     2.372
     3.818
     3.799
     4.140
     3.951
     3.901
     2.628
     3.368
     3.354
     1.768
     3.614
     3.304
     3.546
     3.484
     3.767
     3.392
     3.426
     3.629
     3.427
     3.286
     3.496
     2.338
     3.343
     3.507
     3.622
     3.826
     3.233
     3.854
     4.397
     3.399
     3.552
     2.522
     3.974
     2.351
     3.367
     3.741
     3.852
     3.839
     4.005
     3.924
     3.476
     2.472
     3.434
     3.488
     4.276
     3.533
     3.565
     4.212
     2.352
     3.339
     4.046
     4.118
     4.395
     3.692
     4.261
     3.238
     4.503
     3.293
     3.691
     3.625
     2.783
     3.216
     3.303
     3.222
     3.466
     3.049
     3.343
     3.199
     3.347
     3.592
     3.579
     3.634
     3.906
     4.103
     3.457
     3.723
     4.771
     3.486
     3.992
     4.022
     4.558
     3.481
     3.289
     3.213
     4.091
     3.379
     2.251
     3.396
     3.380
     2.174
     3.406
     2.792
     3.788
     3.769
     1.934
     3.292
     3.634
     2.794
     3.360
     3.690
     3.458
     4.370
     3.512
     2.797
     3.248
     3.684
     3.166
     3.693
     3.451
     3.406
     3.530
     3.505
     3.050
     4.691
     3.512
     4.060
     3.959
     4.134
     3.652
     3.083
     4.082
     3.250
     3.357
     3.481
     3.969
     4.741
     3.746
     3.177
     1.228
     3.523
     3.377
     3.373
     3.260
     3.443
     2.912
     2.969
     3.314
     3.168
     3.114
     3.447
     3.495
     3.586
     4.646
     3.598
     2.979
     3.012
     3.580
     3.277
     3.466
     3.089
     2.478
     2.615
     3.854
     3.481
     2.676
     3.813
     2.700
     3.449
     3.331
     3.176
     2.833
     3.046
     3.386
     3.438
     3.610
     3.872
     3.320
     1.720
     3.509
     3.235
     2.049
     3.572
     3.459
     3.371
     3.330
     4.011
     3.417
     3.233
     4.433
     3.678
     4.172
     4.043
     3.386
     4.311
     3.169
     3.815
     2.381
     3.620
     4.048
     3.284
     3.880
     4.053
     3.424
     2.919
     4.114
     1.890
     3.482
     2.955
     2.939
     3.744
     4.486
     4.171
     3.018
     3.472
     4.034
     3.250
     3.735
     3.433
     3.799
     3.240
     3.905
     3.757
     3.920
     4.587
     2.968
     3.577
     3.417
     3.250
     3.571
     4.601
     3.505
     2.787
     3.424
     3.307
     3.945
     3.659
     2.653
     3.707
     3.407
     2.531
     3.594
     3.362
     2.762
     4.175
     4.117
     4.202
     3.968
     3.238
     2.691
     3.635
     4.015
     4.423
     3.946
     2.605
     1.459
     2.731
     2.820
     3.678
     3.401
     4.678
     4.351
     3.653
     3.186
     3.743
     2.823
     3.859
     3.386
     1.746
     2.948
     3.150
     3.485
     2.128
     4.165
     4.321
     3.884
     2.683
     3.472
     3.943
     3.555
     3.546
     3.382
     3.504
     2.555
     1.594
     3.442
     3.791
     4.160
     2.377
     4.203
     3.294
     4.311
     1.981
     3.585
     3.461
     3.043
     3.801
     3.500
     3.302
     3.528
     3.537
     3.423
     3.573
     2.979
     3.003
     4.314
     3.596
     3.305
     3.486
     2.317
     3.431
     3.605
     2.721
     3.699
     3.499
     2.482
     3.323
     3.883
     3.530
     3.672
     3.593
     3.397
     3.911
     2.862
     3.240
     3.369
     3.361
     3.450
     3.435
     3.036
     3.270
     3.104
     3.497
     3.624
     3.505
     3.690
     3.630
     3.019
     3.888
     3.565
     3.497
     4.260
     2.461
     3.508
     3.485
     3.471
     3.333
     3.182
     3.298
     4.774
     3.754
     3.344
     3.562
     3.526
     3.530
     2.680
     3.655
     3.363
     3.472
     3.439
     3.925
     4.526
     3.456
     3.441
     3.934
     2.368
     3.449
     3.366
     3.731
     1.170
     3.263
     4.035
     4.089
     3.444
     3.995
     2.855
     2.949
     2.918
     2.506
     4.519
     3.719
     3.972
     3.240
     3.606
     3.869
     3.785
     2.372
     3.455
     3.542
     3.022
     3.744
     3.679
     3.377
     3.546
     2.114
     3.624
     3.618
     1.902
     1.583
     3.182
     3.564
     3.541
     3.258
     2.408
     3.305
     3.477
     3.520
     4.300
     3.731
     3.788
     4.084
     3.707
     3.551
     3.207
     3.674
     3.234
     2.216
     3.574
     3.174
     3.529
     3.548
     3.517
     3.564
     1.817
     3.103
     3.085
     3.871
     3.186
     3.563
     4.287
     2.897
     3.353
     3.722
     4.012
     3.369
     3.489
     1.699
     2.584
     3.361
     4.433
     3.561
     3.332
     3.403
     4.464
     3.244
     3.529
     3.336
     3.532
     2.680
     3.020
     3.740
     3.841
     3.536
     4.002
     4.811
     4.428
     3.223
     2.849
     4.209
     3.550
     1.365
     3.319
     3.361
     4.250
     3.289
     3.966
     3.664
     3.522
     4.287
     3.466
     3.304
     3.347
     4.015
     3.285
     3.415
     3.821
     2.326
     3.392
     4.644
     3.858
     4.033
     4.331
     3.091
     2.702
     4.004
     3.506
     4.780
     4.128
     3.427
     3.968
     2.239
     2.618
     2.960
     3.440
     4.093
     3.217
     3.367
     3.379
     4.030
     3.484
     3.436
     3.057
     3.390
     3.279
     3.594
     3.690
     3.503
     3.339
     3.414
     3.633
     3.434
     3.293
     3.276
     3.931
     4.251
     3.320
     4.217
     1.978
     3.991
     3.851
     3.336
     3.800
     3.435
     3.559
     3.511
     2.510
     3.789
     3.915
     4.073
     3.872
     2.140
     3.578
     2.312
     3.267
     3.521
     4.075
     3.101
     3.410
     3.944
     4.023
     3.602
     2.716
     3.842
     3.601
     4.772
     3.276
     4.057
     3.278
     3.390
     4.002
     3.448
     3.732
     4.075
     3.492
     3.556
     4.205
     3.438
     4.420
     3.319
     4.084
     3.538
     4.321
     3.463
     3.608
     3.882
     3.420
     3.322
     3.390
     3.592
     3.339
     3.195
     3.922
     3.396
     3.390
     1.290
     4.278
     3.701
     3.363
     1.814
     3.556
     3.985
     3.307
     2.050
     4.067
     3.340
     4.713
     3.265
     4.768
     2.436
     3.073
     3.895
     2.355
     4.391
     4.202
     3.920
     4.137
     3.559
     4.266
     3.158
     3.486
     3.505
     3.581
     3.055
     3.326
     3.388
     3.810
     3.180
     4.809
     3.629
     3.525
     3.305
     3.230
     1.727
     4.789
     3.143
     3.597
     4.150
     3.292
     3.472
     4.557
     3.473
     3.832
     3.695
     2.829
     4.458
     2.820
     3.950
     3.312
     3.322
     2.973
     3.582
     3.538
     3.001
     3.392
     3.621
     4.308
     2.074
     3.467
     3.359
     3.288
     3.268
     3.960
     3.507
     4.078
     3.692
     4.562
     3.501
     3.992
     3.389
     4.026
     2.327
     3.335
     3.426
     3.338
     3.365
     3.361
     4.447
     3.673
     3.145
     3.797
     4.025
     3.399
     3.397
     3.606
     2.774
     3.609
     3.300
     3.961
     4.070
     3.213
     4.102
     3.400
     1.387
     3.435
     3.163
     3.985
     3.604
     3.866
     3.691
     3.656
     3.539
     4.526
     3.547
     2.543
     2.470
     3.337
     3.084
     3.680
     3.502
     3.352
     3.474
     3.372
     2.982
     4.181
     3.732
     3.577
     3.664
     3.302
     3.955
     3.481
     3.712
     3.607
     3.458
     3.564
     3.361
     3.431
     3.488
     3.415
     3.336
     3.201
     2.470
     2.902
     2.991
     3.532
     3.463
     4.357
     3.490
     3.483
     2.412
     3.514
     4.510
     3.446
     3.724
     4.198
     4.690
     3.466
     2.433
     3.569
     3.559
     3.513
     3.726
     3.484
     3.914
     3.376
     3.566
     1.753
     3.473
     3.716
     3.640
     3.977
     3.372
     3.700
     3.277
     3.500
     4.176
     4.510
     3.350
     3.124
     4.381
     4.588
     1.882
     3.600
     3.957
     3.518
     3.433
     3.485
     3.314
     3.081
     3.481
     3.318
     1.973
     3.505
     2.647
     4.263
     3.535
     4.234
     4.693
     3.704
     3.390
     3.220
     3.519
     1.150
     3.430
     4.043
     4.431
     3.001
     3.697
     3.946
     3.888
     3.931
     3.483
     3.182
     3.541
     3.484
     3.901
     3.352
     4.270
     3.167
     1.351
     3.195
     3.274
     2.926
     3.407
     3.236
     3.230
     3.315
     3.966
     3.984
     3.880
     3.406
     3.567
     3.796
     3.148
     2.735
     3.559
     3.631
     4.541
     2.441
     2.275
     3.661
     3.972
     3.530
     2.868
     4.125
     1.688
     3.291
     3.588
     3.311
     3.299
     3.967
     4.127
     3.693
     3.517
     3.505
     4.262
     3.614
     3.237
     2.935
     3.369
     3.433
     3.195
     3.618
     1.228
     3.397
     3.720
     3.490
     3.577
     3.567
     3.662
     4.379
     4.445
     3.409
     3.417
     3.213
     1.993
     3.871
     3.067
     3.279
     3.331
     4.291
     4.527
     3.715
     3.481
     3.260
     2.311
     3.770
     3.483
     3.979
     3.169
     3.338
     3.185
     1.461
     2.727
     3.475
     3.487
     3.331
     4.228
     4.233
     3.808
     3.263
     3.242
     3.252
     3.440
     4.590
     3.166
     3.266
     3.406
     3.421
     3.165
     4.150
     4.256
     3.394
     3.284
     3.182
     3.083
     2.081
     3.470
     3.243
     3.578
     3.753
     3.286
     3.696
     4.245
     4.033
     1.996
     3.871
     1.970
     1.189
     3.420
     1.928
     3.209
     3.284
     3.799
     4.059
     2.219
     3.358
     3.582
     3.115
     3.701
     3.264
     3.412
     2.587
     3.544
     3.574
     3.594
     3.776
     3.894
     3.726
     3.499
     3.288
     4.220
     3.112
     3.818
     3.206
     3.169
     3.898
     3.503
     3.685
     3.507
     3.523
     3.550
     3.409
     3.622
     3.157
     3.131
     4.286
     4.544
     3.181
     3.171
     4.744
     3.544
     3.367
     2.481
     1.462
     3.031
     3.569
     3.053
     3.105
     2.650
     3.210
     2.579
     3.256
     4.360
     3.515
     3.453
     3.431
     3.221
     3.467
     3.540
     3.194
     2.671
     4.298
     4.026
     3.609
     3.938
     4.500
     3.183
     3.512
     3.512
     2.857
     3.995
     4.056
     3.070
     4.119
     2.822
     3.394
     2.813
     3.534
     3.181
     4.519
     3.583
     4.215
     3.974
     3.327
     3.495
     3.940
     3.053
     3.678
     3.409
     4.767
     3.479
     3.309
     3.383
     3.562
     4.212
     2.107
     3.729
     3.717
     3.558
     3.132
     1.567
     3.530
     4.031
     4.708
     3.436
     3.581
     4.146
     3.354
     3.318
     3.516
     3.499
     3.187
     3.410
     2.743
     4.392
     3.263
     3.392
     4.019
     3.494
     3.530
     3.358
     4.024
     4.025
     4.277
     3.193
     3.847
     3.487
     3.245
     3.228
     3.575
     3.194
     4.112
     3.187
     3.661
     1.498
     3.984
     3.754
     2.290
     3.765
     3.288
     3.764
     3.783
     4.098
     3.910
     3.399
     4.080
     3.455
     3.325
     3.424
     3.479
     3.445
     3.326
     2.609
     3.293
     4.537
     2.690
     3.297
     3.861
     2.108
     3.626
     3.416
     3.325
     3.653
     1.947
     3.848
     3.136
     4.160
     3.362
     3.299
     1.833
     3.460
     4.256
     3.411
     3.668
     4.034
     3.335
     3.355
     3.491
     3.423
     3.454
     3.252
     3.821
     2.466
     2.372
     3.477
     3.716
     3.633
     3.654
     3.776
     3.413
     3.268
     3.400
     3.387
     4.270
     3.556
     3.064
     1.349
     2.495
     3.507
     3.432
     3.181
     3.054
     3.399
     3.348
     2.127
     2.528
     4.117
     3.295
     3.720
     3.709
     1.536
     3.499
     3.782
     4.023
     2.164
     3.598
     3.611
     3.454
     3.649
     3.551
     4.638
     4.023
     3.618
     4.334
     3.270
     3.443
     3.203
     3.234
     1.649
     3.109
     4.170
     3.321
     4.343
     3.284
     2.317
     3.609
     3.407
     3.390
     3.681
     4.631
     3.659
     3.976
     3.208
     3.480
     3.358
     3.487
     2.427
     1.737
     4.524
     3.149
     2.783
     3.577
     3.506
     3.333
     3.412
     2.918
     3.520
     4.331
     3.875
     3.287
     3.570
     3.488
     4.198
     2.283
     3.034
     3.285
     4.111
     4.109
     3.757
     1.546
     3.687
     3.191
     2.301
     3.348
     3.427
     3.048
     3.505
     3.499
     3.495
     3.975
     3.842
     3.563
     3.813
     4.402
     3.759
     3.433
     4.521
     2.732
     3.489
     2.774
     3.945
     1.736
     3.092
     3.340
     3.013
     3.422
     3.495
     3.680
     3.797
     3.198
     3.359
     3.669
     3.503
     3.540
     3.373
     3.270
     3.871
     3.481
     3.625
     3.404
     3.440
     3.473
     3.359
     3.395
     4.362
     3.771
     4.599
     3.563
     3.412
     3.573
     3.856
     3.336
     3.161
     3.861
     3.454
     3.981
     3.609
     4.000
     2.196
     3.657
     4.094
     1.969
     4.333
     4.244
     4.260
     3.418
     4.817
     3.307
     3.534
     3.764
     3.461
     3.790
     3.840
     3.420
     3.769
     4.595
     3.630
     3.825
     3.460
     4.210
     3.388
     2.442
     3.352
     3.145
     3.103
     3.408
     3.348
     4.088
     3.558
     4.821
     3.663
     3.861
     3.160
     2.483
     2.116
     4.328
     3.327
     3.629
     2.115
     3.860
     3.629
     3.535
     3.193
     3.336
     3.244
     3.818
     3.285
     3.249
     3.176
     3.382
     3.411
     3.445
     4.027
     3.099
     3.985
     4.483
     3.448
     3.810
     4.026
     3.962
     3.179
     3.408
     3.365
     2.970
     2.164
     3.560
     3.884
     3.290
     3.797
     3.813
     3.146
     4.193
     3.289
     4.416
     3.410
     3.437
     3.495
     4.551
     2.588
     4.063
     4.475
     4.181
     3.617
     3.513
     3.599
     2.798
     3.461
     2.508
     3.499
     4.140
     3.957
     3.366
     3.278
     3.651
     3.594
     3.271
     3.518
     3.833
     4.055
     2.733
     3.578
     3.568
     4.021
     3.763
     3.522
     3.180
     3.361
     2.406
     3.247
     3.845
     1.575
     4.434
     3.249
     4.037
     3.463
     3.308
     3.240
     3.542
     3.221
     3.457
     3.285
     3.315
     3.614
     2.534
     2.073
     3.156
     2.100
     3.515
     3.521
     3.533
     2.029
     3.091
     3.372
     3.270
     4.007
     3.275
     3.269
     4.617
     4.312
     3.513
     3.057
     3.268
     1.815
     4.525
     3.655
     4.287
     4.259
     3.805
     3.560
     3.545
     3.928
     3.618
     3.431
     2.734
     3.409
     3.192
     3.559
     1.395
     4.809
     3.681
     3.754
     3.339
     3.711
     3.745
     3.337
     3.313
     2.731
     3.495
     3.258
     3.144
     3.853
     4.823
     3.698
     2.986
     3.783
     3.642
     3.440
     3.383
     3.838
     2.664
     3.483
     3.758
     4.152
     1.895
     2.032
     3.466
     3.808
     2.569
     3.870
     4.409
     4.028
     3.201
     3.841
     3.393
     4.010
     4.000
     3.653
     2.900
     3.802
     3.661
     4.354
     2.011
     3.652
     2.790
     3.315
     3.315
     3.518
     2.108
     3.767
     3.128
     3.598
     2.871
     2.817
     3.019
     3.356
     3.653
     1.920
     4.764
     3.462
     3.938
     3.023
     3.361
     4.066
     3.395
     3.429
     2.957
     3.736
     3.565
     3.156
     3.835
     2.704
     2.754
     4.411
     3.456
     3.625
     3.284
     2.539
     3.669
     3.321
     3.137
     3.096
     3.518
     3.280
     3.722
     3.293
     3.568
     3.869
     3.305
     3.339
     3.437
     4.050
     3.726
     3.433
     4.018
     4.045
     3.881
     3.579
     2.791
     3.350
     3.253
     3.450
     3.481
     2.407
     4.705
     3.072
     3.685
     3.828
     3.437
     2.294
     3.295
     3.585
     4.185
     3.296
     2.621
     3.703
     4.693
     3.013
     3.593
     3.545
     3.709
     3.396
     1.161
     4.054
     3.131
     2.781
     4.535
     2.240
     3.692
     3.005
     4.015
     2.407
     4.000
     3.124
     3.152
     3.560
     4.806
     4.278
     3.580
     3.456
     3.727
     3.858
     3.272
     3.218
     3.547
     3.218
     1.799
     3.880
     3.344
     3.399
     3.990
     4.777
     3.548
     3.530
     3.014
     1.996
     3.369
     3.035
     4.271
     3.254
     3.343
     2.932
     3.752
     3.404
     4.045
     3.521
     3.615
     3.961
     3.313
     3.471
     4.064
     3.423
     4.063
     3.533
     4.069
     2.030
     3.045
     2.986
     3.362
     3.385
     3.529
     2.267
     3.952
     3.563
     3.468
     3.732
     3.347
     3.374
     3.415
     2.472
     3.946
     3.263
     3.749
     3.393
     3.258
     3.106
     3.991
     1.397
     3.675
     3.373
     3.729
     3.667
     3.682
     2.691
     3.590
     4.806
     4.175
     3.260
     1.627
     3.787
     3.332
     3.604
     3.667
     4.630
     3.751
     3.572
     2.534
     2.902
     4.588
     3.949
     4.155
     3.557
     3.460
     3.553
     4.745
     3.540
     3.632
     4.007
     3.883
     4.104
     3.194
     3.157
     4.272
     3.526
     4.084
     1.340
     3.268
     3.615
     3.352
     3.486
     3.406
     2.997
     3.993
     4.120
     3.416
     3.506
     3.245
     3.753
     3.683
     4.158
     3.122
     3.506
     4.425
     3.336
     4.271
     3.647
     3.434
     3.107
     4.033
     3.414
     3.267
     3.673
     3.329
     3.147
     2.054
     3.625
     3.979
     3.273
     3.642
     3.431
     2.991
     4.111
     3.222
     3.468
     3.946
     3.799
     2.222
     4.209
     3.420
     2.594
     3.314
     3.181
     4.617
     4.116
     3.612
     3.673
     3.309
     3.508
     3.478
     4.162
     3.996
     3.400
     3.582
     3.393
     3.379
     3.439
     3.414
     4.486
     3.535
     3.507
     4.130
     3.593
     3.585
     4.738
     4.140
     3.389
     3.517
     3.445
     3.663
     3.444
     3.145
     3.587
     4.428
     3.552
     3.577
     3.515
     3.388
     3.488
     3.972
     3.525
     3.965
     3.435
     1.909
     4.818
     2.120
     1.422
     3.784
     2.664
     4.424
     2.653
     4.052
     2.363
     3.256
     3.368
     2.728
     3.684
     3.469
     3.686
     3.603
     3.856
     3.688
     4.094
     3.276
     4.683
     3.755
     3.107
     3.990
     4.328
     3.158
     2.850
     2.736
     3.867
     3.552
     3.691
     2.776
     1.142
     3.374
     3.451
     3.865
     3.598
     2.995
     3.079
     2.219
     3.442
     3.671
     2.450
     2.250
     4.059
     4.077
     3.402
     3.390
     3.351
     3.566
     2.327
     2.935
     3.046
     3.882
     3.605
     1.854
     3.359
     3.818
     3.956
     3.349
     3.449
     3.281
     4.355
     3.371
     4.459
     3.671
     4.375
     4.202
     3.460
     3.294
     2.737
     3.145
     4.318
     3.358
     3.452
     3.522
     4.488
     3.648
     3.466
     4.317
     3.583
     3.005
     3.243
     3.776
     4.351
     3.560
     3.406
     2.168
     3.499
     3.991
     3.556
     3.515
     3.470
     4.239
     4.294
     3.483
     3.662
     3.268
     2.907
     2.989
     3.360
     3.062
     3.894
     3.679
     3.899
     3.700
     3.216
     2.793
     2.990
     3.699
     3.448
     3.510
     3.596
     2.991
     3.477
     2.782
     3.202
     3.284
     2.850
     3.817
     3.171
     2.121
     3.735
     3.429
     3.432
     3.591
     3.202
     3.533
     3.680
     3.350
     4.234
     3.470
     3.480
     4.160
     4.507
     3.438
     3.271
     3.918
     3.104
     3.897
     3.241
     3.322
     2.809
     2.900
     3.977
     4.198
     3.403
     3.730
     3.468
     3.256
     3.207
     3.378
     3.360
     3.314
     4.496
     2.521
     3.733
     3.650
     2.616
     3.341
     3.251
     3.399
     3.439
     3.307
     3.313
     3.754
     3.373
     3.670
     1.682
     3.536
     3.295
     3.128
     3.101
     3.609
     3.887
     3.425
     3.537
     3.949
     3.067
     3.327
     4.173
     3.868
     4.220
     3.295
     3.149
     4.064
     3.193
     3.562
     4.397
     3.333
     4.252
     4.220
     3.282
     4.561
     1.820
     3.732
     3.395
     3.407
     4.197
     3.511
     3.583
     0.835
     2.367
     3.759
     3.610
     2.648
     3.626
     3.383
     3.094
     3.603
     3.611
     3.527
     3.232
     3.652
     3.848
     3.337
     1.265
     3.464
     2.569
     4.752
     3.690
     3.197
     3.279
     3.509
     2.005
     3.545
     3.547
     2.075
     3.834
     3.445
     3.664
     3.451
     3.249
     3.650
     2.874
     3.459
     3.084
     3.719
     3.399
     3.157
     3.889
     2.319
     3.964
     3.893
     3.784
     3.502
     3.501
     3.231
     2.929
     3.481
     4.319
     3.388
     4.569
     4.132
     3.576
     2.861
     3.987
     1.449
     3.320
     2.434
     3.513
     3.777
     3.569
     2.752
     3.458
     3.858
     3.277
     3.076
     4.188
     3.162
     2.011
     3.297
     4.075
     3.362
     3.443
     3.243
     3.421
     3.504
     3.594
     2.323
     3.831
     2.205
     3.622
     3.742
     3.367
     3.233
     3.851
     3.656
     3.268
     3.172
     3.605
     3.815
     4.166
     3.391
     1.522
     3.496
     4.291
     4.737
     3.410
     3.779
     3.443
     3.408
     3.588
     2.290
     4.286
     3.295
     4.044
     3.562
     3.916
     2.511
     3.924
     3.341
     3.635
     3.432
     3.408
     4.061
     3.671
     3.656
     3.612
     2.119
     3.489
     4.095
     3.466
     3.303
     3.752
     3.797
     3.292
     3.429
     3.582
     2.583
     1.582
     3.438
     3.456
     2.975
     3.838
     3.760
     3.700
     3.483
     3.512
     3.433
     1.861
     3.756
     3.733
     3.513
     3.669
     3.498
     3.427
     4.112
     3.802
     3.362
     2.660
     2.234
     3.533
     4.450
     3.506
     3.174
     2.675
     3.043
     3.926
     3.766
     4.289
     1.846
     3.965
     3.328
     3.465
     3.191
     2.145
     1.251
     3.431
     4.290
     3.407
     3.595
     4.128
     3.536
     3.943
     2.253
     3.163
     3.981
     3.253
     2.328
     2.916
     3.482
     3.890
     1.985
     4.294
     3.796
     3.420
     2.554
     3.162
     3.696
     3.633
     3.390
     3.037
     3.755
     3.625
     3.658
     3.217
     4.666
     4.215
     3.731
     3.250
     1.630
     4.039
     3.631
     3.409
     3.019
     4.448
     3.397
     3.077
     1.814
     3.459
     3.111
     4.149
     4.002
     3.882
     3.496
     3.450
     3.962
     2.311
     3.251
     2.530
     3.639
     3.753
     4.247
     3.080
     1.652
     2.351
     1.319
     3.163
     3.231
     3.517
     3.541
     2.537
     2.732
     2.721
     3.729
     3.669
     4.261
     3.692
     1.775
     3.779
     3.559
     3.150
     3.513
     3.821
     3.786
     3.571
     3.406
     3.474
     3.714
     2.586
     2.902
     4.011
     3.975
     3.428
     3.367
     3.833
     3.779
     3.253
     3.688
     3.841
     2.520
     3.351
     3.696
     3.095
     3.507
     3.127
     4.391
     4.598
     3.847
     3.310
     3.601
     3.226
     3.410
     3.441
     3.522
     3.575
     3.911
     2.854
     1.237
     3.747
     3.433
     3.318
     3.041
     3.810
     3.345
     3.904
     2.957
     3.610
     3.366
     3.245
     3.246
     2.773
     4.106
     3.114
     3.359
     4.551
     4.477
     4.611
     4.027
     3.416
     3.697
     3.567
     3.287
     3.222
     3.273
     3.210
     3.592
     2.843
     3.174
     4.351
     3.365
     3.279
     3.225
     2.689
     3.364
     3.398
     3.421
     3.254
     3.282
     3.247
     4.056
     3.912
     3.436
     3.541
     2.522
     3.445
     1.975
     3.208
     3.518
     4.213
     4.248
     3.504
     3.139
     3.244
     4.288
     3.827
     4.010
     4.578
     3.449
     3.375
     3.692
     3.774
     2.859
     3.701
     2.866
     2.701
     3.883
     3.564
     2.916
     4.055
     3.383
     3.787
     3.656
     3.370
     3.403
     3.696
     3.678
     3.632
     3.329
     3.199
     3.532
     3.210
     4.005
     3.314
     3.598
     3.326
     3.985
     3.965
     3.957
     3.678
     3.555
     3.615
     2.603
     4.461
     1.884
     3.531
     4.061
     3.477
     4.016
     2.586
     3.564
     4.296
     4.395
     4.175
     3.173
     3.999
     2.961
     3.347
     1.999
     4.129
     3.789
     3.794
     3.407
     3.437
     4.434
     3.980
     4.048
     1.792
     3.466
     3.746
     3.471
     4.717
     3.161
     2.802
     3.866
     3.229
     3.327
     3.550
     1.767
     4.345
     3.513
     1.810
     4.193
     3.308
     3.806
     3.486
     3.868
     3.613
     3.417
     2.591
     3.946
     2.410
     3.492
     4.180
     3.349
     3.699
     3.370
     1.747
     3.524
     3.529
     3.280
     3.358
     3.040
     4.013
     3.969
     3.630
     3.274
     4.536
     3.239
     3.395
     1.430
     3.066
     4.693
     1.404
     3.561
     3.126
     3.651
     3.496
     4.013
     1.974
     4.327
     4.345
     3.528
     4.182
     3.330
     3.514
     3.591
     3.805
     4.825
     3.359
     3.716
     3.316
     2.876
     3.681
     3.494
     4.140
     3.695
     2.718
     3.305
     3.157
     2.619
     3.206
     3.161
     3.391
     3.298
     3.955
     3.030
     3.752
     4.169
     3.543
     1.209
     2.148
     3.575
     2.972
     4.601
     3.726
     2.909
     3.429
     3.536
     4.165
     3.478
     3.548
     4.121
     3.273
     4.375
     3.214
     3.274
     4.010
     2.882
     2.837
     3.522
     4.299
     1.584
     3.457
     2.252
     3.912
     3.133
     3.282
     3.484
     3.904
     4.802
     2.640
     2.937
     3.931
     2.089
     4.665
     3.462
     3.496
     3.372
     3.795
     3.771
     3.286
     3.335
     4.500
     4.007
     3.219
     3.924
     3.241
     3.934
     3.145
     3.584
     3.694
     3.778
     1.791
     3.985
     3.548
     3.105
     3.629
     3.441
     3.605
     4.178
     3.511
     2.511
     3.350
     3.431
     3.739
     3.353
     3.437
     3.339
     3.798
     4.227
     3.787
     2.813
     3.391
     3.354
     2.285
     3.648
     2.945
     3.554
     3.481
     2.503
     3.605
     2.696
     3.418
     3.450
     3.369
     3.474
     3.569
     3.161
     4.131
     3.780
     3.433
     3.380
     3.012
     3.585
     3.451
     3.805
     2.156
     4.265
     3.607
     4.016
     3.930
     2.440
     2.234
     3.879
     3.320
     3.008
     3.554
     3.048
     3.591
     2.940
     1.479
     3.918
     3.300
     3.530
     3.936
     3.433
     3.729
     3.678
     4.310
     1.365
     2.900
     3.787
     3.581
     2.048
     1.080
     2.339
     3.824
     3.481
     3.658
     3.422
     4.238
     2.961
     3.648
     4.309
     3.220
     3.532
     3.526
     4.272
     2.824
     3.340
     3.744
     4.027
     4.604
     3.251
     3.532
     3.526
     3.464
     2.849
     3.589
     3.363
     3.586
     3.591
     3.448
     3.529
     3.421
     3.795
     3.661
     3.510
     3.281
     4.259
     2.464
     3.711
     3.412
     3.003
     3.519
     3.458
     2.575
     4.185
     3.067
     3.749
     3.872
     4.667
     3.488
     3.676
     3.330
     3.685
     3.933
     3.945
     3.348
     3.397
     3.582
     3.155
     3.672
     3.762
     3.850
     3.522
     3.977
     3.691
     3.986
     3.323
     2.859
     3.629
     3.525
     3.427
     3.505
     3.400
     3.800
     3.853
     3.844
     3.213
     4.398
     3.727
     3.275
     4.345
     3.456
     3.811
     3.816
     3.436
     3.569
     2.234
     3.951
     1.866
     4.033
     4.024
     3.330
     2.517
     2.061
     3.018
     4.279
     3.490
     3.907
     3.693
     4.009
     3.377
     3.714
     2.372
     4.191
     3.527
     3.780
     3.375
     3.659
     2.541
     3.410
     3.636
     2.897
     3.215
     3.339
     3.906
     3.074
     4.063
     3.241
     3.838
     3.975
     2.664
     3.458
     4.643
     3.014
     3.089
     3.912
     3.370
     3.836
     3.242
     3.914
     3.392
     3.257
     3.796
     3.168
     3.480
     3.508
     3.654
     4.645
     4.213
     1.896
     3.618
     4.043
     3.173
     3.547
     3.838
     3.885
     3.048
     3.554
     4.027
     3.584
     3.243
     2.868
     3.396
     3.731
     3.576
     3.925
     2.519
     3.411
     3.809
     3.470
     1.462
     3.429
     3.827
     3.342
     3.682
     3.525
     3.654
     2.480
     3.063
     4.040
     3.612
     2.973
     3.508
     2.434
     2.416
     3.485
     2.967
     3.525
     3.742
     3.785
     3.710
     3.239
     3.094
     2.215
     3.544
     3.249
     4.695
     4.620
     3.541
     3.008
     3.700
     2.806
     1.412
     3.396
     3.923
     4.235
     1.682
     1.975
     3.324
     3.457
     4.024
     3.504
     1.507
     2.749
     3.300
     3.549
     4.100
     3.330
     1.679
     3.757
     2.846
     3.906
     3.427
     3.157
     3.662
     3.316
     3.327
     3.803
     2.252
     3.537
     3.095
     3.776
     2.224
     3.963
     1.703
     3.206
     2.048
     3.479
     4.146
     3.436
     3.004
     2.981
     3.760
     3.294
     3.211
     3.677
     2.976
     1.812
     2.031
     3.279
     3.768
     2.048
     3.668
     3.149
     4.039
     4.164
     3.515
     3.373
     2.443
     3.259
     3.715
     3.531
     3.557
     3.461
     3.816
     3.755
     3.805
     2.010
     3.203
     4.131
     3.198
     3.702
     3.135
     3.344
     3.390
     2.868
     3.577
     3.384
     3.583
     3.431
     1.619
     4.193
     2.888
     1.805
     3.400
     4.551
     2.937
     3.316
     3.513
     3.289
     2.083
     3.534
     3.954
     3.750
     3.261
     3.374
     3.333
     1.372
     3.374
     3.825
     3.267
     3.491
     1.880
     3.314
     3.318
     3.604
     3.391
     3.233
     3.556
     4.011
     3.268
     3.485
     3.539
     4.302
     4.345
     4.344
     4.102
     3.473
     3.284
     3.339
     2.632
     4.338
     3.929
     3.215
     3.732
     3.704
     3.667
     3.397
     4.821
     4.336
     3.473
     3.622
     3.129
     3.758
     3.360
     3.556
     3.418
     3.815
     3.998
     3.515
     3.300
     3.977
     2.282
     1.976
     3.021
     4.027
     3.318
     3.891
     3.337
     3.595
     3.520
     4.307
     3.476
     2.785
     2.818
     4.013
     3.966
     3.318
     4.109
     3.713
     3.592
     2.189
     3.122
     3.326
     3.641
     4.631
     4.056
     3.838
     3.671
     2.607
     3.435
     2.619
     3.654
     4.419
     2.085
     3.541
     3.954
     3.575
     4.006
     3.578
     3.670
     3.762
     4.181
     3.575
     3.446
     3.540
     3.377
     3.884
     3.502
     3.860
     3.445
     3.749
     3.391
     2.487
     3.240
     3.525
     2.476
     4.688
     2.319
     3.502
     2.777
     3.563
     3.588
     3.327
     3.565
     3.817
     2.997
     3.772
     3.621
     3.520
     4.038
     4.551
     2.646
     2.668
     3.632
     4.071
     3.707
     3.400
     3.617
     4.063
     4.330
     3.471
     3.141
     3.976
     3.511
     3.435
     3.997
     3.750
     3.563
     3.793
     3.612
     1.041
     4.474
     3.525
     3.431
     3.253
     3.225
     1.448
     4.186
     3.570
     1.456
     3.200
     3.480
     3.308
     3.881
     3.397
     4.602
     3.181
     3.845
     3.564
     3.256
     4.174
     1.366
     2.912
     3.492
     3.732
     3.676
     3.778
     3.479
     3.853
     3.149
     3.114
     4.242
     3.536
     3.355
     2.985
     3.373
     3.445
     3.656
     2.989
     3.992
     3.174
     3.550
     3.994
     3.160
     2.781
     4.191
     3.868
     3.724
     3.033
     3.466
     3.766
     3.509
     3.628
     3.630
     3.209
     4.422
     3.592
     3.450
     3.956
     3.609
     3.965
     3.308
     3.272
     3.319
     2.900
     3.307
     3.478
     3.399
     4.509
     4.059
     3.712
     3.701
     4.237
     3.375
     3.241
     2.925
     2.321
     2.575
     4.486
     4.480
     4.504
     4.473
     2.402
     2.037
     4.191
     3.493
     3.306
     3.428
     3.561
     3.604
     4.204
     3.266
     2.277
     3.171
     3.960
     2.514
     3.430
     3.798
     3.551
     3.280
     4.262
     3.228
     4.339
     3.855
     2.316
     3.491
     3.673
     4.022
     2.244
     4.122
     3.532
     3.662
     3.198
     2.945
     3.263
     3.020
     2.826
     3.632
     4.165
     4.039
     2.257
     3.555
     3.568
     3.050
     3.586
     1.386
     3.707
     3.124
     3.372
     3.891
     4.705
     3.496
     4.013
     3.201
     2.346
     3.761
     3.696
     3.572
     3.357
     3.376
     3.396
     3.611
     3.471
     2.759
     2.950
     4.105
     3.514
     3.564
     3.868
     1.931
     3.397
     3.695
     3.674
     3.949
     3.764
     3.992
     3.546
     4.235
     2.933
     3.282
     3.191
     3.958
     3.122
     3.019
     3.359
     3.765
     3.274
     3.485
     1.900
     3.625
     4.750
     4.027
     3.184
     3.786
     3.837
     3.991
     3.308
     4.671
     3.539
     2.565
     3.354
     3.696
     3.261
     2.070
     3.804
     2.103
     3.572
     3.519
     3.491
     1.222
     4.138
     3.609
     3.310
     3.483
     3.562
     3.094
     3.373
     3.090
     3.971
     3.381
     3.293
     3.298
     2.123
     3.603
     3.246
     3.579
     3.406
     3.432
     3.484
     3.533
     3.857
     2.621
     4.020
     3.353
     3.478
     3.664
     3.505
     3.771
     3.682
     3.402
     3.391
     3.692
     3.153
     3.472
     3.202
     3.375
     3.413
     2.701
     3.149
     4.364
     4.027
     3.219
     3.562
     4.371
     3.326
     3.576
     2.036
     3.909
     3.627
     2.615
     3.501
     3.803
     3.496
     3.770
     3.457
     4.155
     3.526
     3.447
     3.002
     4.337
     3.437
     3.424
     3.835
     3.690
     4.208
     4.084
     4.110
     3.356
     3.582
     3.629
     1.807
     3.710
     3.688
     3.774
     4.662
     2.673
     3.668
     3.202
     3.488
     3.945
     1.965
     3.300
     3.989
     3.394
     3.938
     3.587
     3.648
     3.720
     4.172
     3.596
     2.828
     3.571
     3.658
     3.408
     3.525
     1.697
     3.107
     3.672
     3.236
     4.051
     3.522
     3.397
     3.628
     3.663
     3.728
     3.353
     3.093
     4.250
     3.315
     3.479
     3.493
     3.230
     3.969
     3.546
     3.415
     3.473
     3.242
     3.328
     4.585
     4.134
     3.335
     2.824
     3.482
     3.980
     4.533
     4.029
     1.256
     1.969
     3.673
     3.707
     3.503
     1.441
     2.744
     3.859
     4.210
     3.432
     3.823
     2.586
     3.679
     2.955
     3.605
     3.595
     3.489
     3.618
     3.274
     3.162
     3.426
     3.546
     4.004
     3.921
     3.338
     4.406
     2.067
     4.186
     4.132
     3.252
     3.532
     2.962
     3.836
     3.198
     3.446
     3.272
     3.400
     3.336
     3.577
     4.064
     4.303
     3.321
     1.736
     3.339
     3.711
     3.561
     3.645
     3.352
     3.614
     3.803
     3.380
     3.442
     4.284
     3.499
     3.785
     4.084
     3.476
     3.739
     3.628
     4.446
     4.005
     3.908
     3.345
     3.734
     2.692
     3.395
     1.784
     3.939
     3.479
     3.041
     3.448
     3.475
     3.548
     4.733
     3.563
     3.509
     3.626
     3.714
     1.811
     3.505
     4.700
     3.429
     4.151
     3.786
     4.048
     3.849
     4.446
     3.632
     2.095
     1.897
     3.099
     3.149
     4.225
     3.987
     3.112
     3.584
     3.238
     2.924
     3.945
     4.092
     2.882
     3.772
     3.230
     3.601
     4.271
     3.137
     3.156
     4.034
     4.107
     2.447
     3.453
     3.121
     3.624
     3.664
     1.320
     2.356
     3.950
     3.132
     3.085
     3.497
     3.709
     3.519
     3.277
     3.477
     4.419
     4.009
     3.250
     3.224
     3.442
     3.524
     3.057
     3.971
     4.005
     3.434
     3.995
     4.601
     3.308
     3.160
     2.186
     3.799
     3.593
     3.354
     4.007
     3.553
     3.475
     2.737
     3.009
     3.541
     3.352
     2.779
     3.420
     3.920
     3.336
     1.650
     3.283
     3.553
     2.840
     3.286
     3.206
     2.996
     3.937
     3.505
     4.065
     3.611
     3.602
     1.914
     4.039
     3.639
     3.001
     3.670
     3.422
     3.984
     3.336
     3.908
     3.231
     3.832
     3.876
     3.360
     3.731
     3.153
     3.228
     3.340
     4.096
     4.481
     3.961
     3.323
     2.701
     3.572
     3.961
     4.028
     3.062
     3.415
     3.367
     4.274
     3.457
     3.601
     3.764
     4.198
     3.442
     3.910
     3.838
     3.721
     3.347
     3.510
     3.733
     3.475
     3.378
     3.140
     3.661
     3.230
     4.718
     1.572
     3.974
     3.498
     1.549
     3.413
     3.929
     4.289
     3.934
     3.916
     3.410
     3.449
     3.498
     3.947
     4.246
     3.644
     3.267
     3.730
     3.135
     3.612
     3.512
     3.750
     3.446
     3.635
     3.326
     3.569
     3.520
     2.446
     3.592
     3.591
     3.351
     1.716
     3.351
     3.057
     3.508
     3.622
     3.447
     3.351
     3.601
     3.302
     3.958
     3.568
     3.330
     2.627
     2.440
     3.053
     3.427
     4.068
     3.320
     3.228
     3.840
     3.331
     2.958
     3.187
     4.003
     3.259
     3.705
     3.524
     3.085
     3.266
     3.816
     3.993
     4.079
     2.479
     3.940
     4.049
     3.581
     4.050
     3.942
     3.549
     3.536
     3.463
     3.506
     3.950
     3.312
     3.895
     2.058
     1.843
     3.861
     3.544
     3.307
     3.124
     3.299
     3.300
     3.611
     3.366
     1.944
     4.778
     3.883
     3.428
     3.279
     2.643
     4.425
     3.261
     3.619
     3.973
     3.520
     3.347
     3.979
     4.046
     3.901
     3.423
     3.485
     3.263
     3.389
     2.502
     3.052
     4.119
     3.195
     3.611
     3.565
     3.523
     3.429
     2.749
     2.860
     2.865
     3.567
     3.770
     3.430
     3.737
     3.130
     4.126
     4.091
     3.508
     3.862
     3.844
     3.614
     3.409
     3.695
     2.554
     2.817
     3.703
     4.014
     3.470
     3.526
     3.339
     4.062
     3.578
     3.072
     3.297
     2.976
     3.337
     2.961
     2.088
     3.608
     2.540
     3.643
     4.253
     2.981
     3.148
     3.380
     4.005
     4.593
     4.362
     3.646
     3.146
     2.333
     3.851
     3.825
     3.706
     3.695
     3.739
     3.420
     2.845
     3.494
     3.623
     3.721
     3.897
     3.190
     3.275
     3.543
     3.610
     4.156
     2.866
     2.192
     3.942
     2.970
     3.412
     3.540
     3.582
     3.586
     3.463
     4.073
     3.558
     3.993
     3.824
     3.675
     3.539
     2.920
     1.141
     3.134
     1.363
     3.423
     3.274
     2.848
     4.028
     3.053
     4.144
     3.671
     4.736
     3.417
     3.944
     2.975
     3.661
     3.558
     1.017
     3.098
     3.547
     4.006
     2.782
     3.367
     4.283
     3.162
     3.288
     3.392
     3.571
     3.756
     3.511
     4.301
     4.482
     3.301
     3.389
     3.839
     4.675
     3.378
     3.429
     3.435
     3.575
     3.211
     3.191
     3.082
     3.487
     2.380
     3.312
     3.544
     3.287
     1.983
     3.433
     3.949
     2.761
     3.563
     4.187
     3.569
     3.479
     4.300
     4.271
     3.623
     3.559
     3.664
     3.731
     2.855
     3.952
     3.439
     3.252
     3.154
     3.273
     2.855
     4.022
     3.526
     3.841
     3.943
     3.253
     3.648
     3.612
     3.620
     3.537
     3.462
     2.960
     4.100
     3.275
     3.186
     3.770
     3.760
     3.753
     3.789
     4.207
     3.338
     1.880
     3.557
     3.480
     3.696
     3.951
     3.314
     3.596
     3.826
     1.995
     1.147
     4.111
     3.298
     3.944
     3.676
     3.456
     3.503
     2.905
     3.249
     3.360
     3.633
     4.074
     2.863
     3.657
     3.486
     2.243
     3.878
     3.400
     3.591
     4.611
     4.010
     3.733
     3.310
     4.140
     2.832
     3.455
     3.979
     4.074
     4.270
     3.368
     3.263
     3.720
     3.460
     2.655
     3.736
     4.305
     3.022
     3.532
     3.855
     2.519
     3.190
     3.409
     3.391
     4.757
     1.778
     3.465
     3.537
     3.640
     3.379
     3.734
     2.601
     3.358
     2.656
     2.741
     3.837
     3.231
     3.669
     4.300
     4.557
     3.978
     1.357
     2.737
     3.242
     3.611
     4.539
     4.117
     4.106
     2.653
     4.332
     2.730
     4.083
     3.427
     3.965
     3.876
     2.673
     3.849
     3.427
     3.734
     3.855
     2.962
     4.274
     3.508
     3.228
     3.484
     3.315
     3.149
     4.492
     2.946
     3.612
     3.286
     3.365
     3.184
     4.245
     3.156
     3.288
     4.713
     2.706
     3.110
     4.120
     3.511
     3.252
     2.875
     2.111
     1.871
     3.149
     4.088
     4.049
     3.011
     3.269
     4.391
     3.502
     3.248
     3.627
     3.262
     1.870
     3.306
     1.323
     3.559
     3.783
     3.380
     3.481
     3.281
     3.330
     1.753
     3.213
     4.117
     3.230
     3.252
     4.204
     3.756
     3.564
     3.497
     4.491
     3.185
     3.899
     3.533
     3.402
     4.216
     3.422
     3.123
     3.135
     2.781
     3.616
     4.059
     3.601
     1.999
     3.189
     3.964
     3.054
     4.141
     3.095
     3.389
     3.496
     3.589
     3.627
     3.262
     4.005
     3.412
     4.096
     3.344
     3.251
     3.674
     3.764
     3.129
     4.119
     3.987
     2.203
     4.601
     4.695
     3.426
     2.801
     3.339
     3.499
     2.601
     3.456
     3.723
     3.492
     2.697
     3.938
     3.665
     3.433
     3.764
     3.636
     3.304
     3.522
     3.620
     3.562
     3.379
     4.070
     2.999
     2.987
     3.632
     2.694
     3.152
     3.405
     3.424
     4.252
     3.367
     3.625
     3.337
     3.260
     3.379
     3.811
     3.564
     3.031
     2.088
     3.517
     3.220
     3.944
     3.238
     2.157
     3.728
     3.534
     4.041
     3.004
     3.680
     3.968
     3.891
     1.683
     3.471
     3.741
     3.736
     3.479
     1.710
     3.708
     1.782
     3.397
     3.506
     2.580
     3.219
     3.528
     3.744
     3.221
     3.322
     3.647
     3.573
     2.055
     3.324
     1.510
     3.919
     3.328
     3.833
     3.481
     3.183
     3.086
     4.187
     3.842
     4.071
     3.362
     4.613
     4.259
     3.039
     3.384
     4.165
     4.608
     3.516
     4.156
     2.371
     3.282
     3.277
     1.624
     3.408
     3.860
     3.415
     2.779
     3.578
     4.356
     3.821
     4.375
     3.770
     2.661
     3.415
     2.115
     3.555
     3.344
     3.562
     3.700
     3.200
     3.984
     3.546
     3.659
     3.020
     2.394
     3.396
     3.365
     3.809
     3.599
     3.038
     3.045
     4.276
     3.271
     3.609
     3.366
     3.358
     3.389
     4.274
     1.947
     3.288
     3.466
     3.359
     3.269
     4.125
     3.401
     3.605
     3.978
     3.474
     3.364
     3.406
     3.234
     3.458
     1.967
     3.370
     3.005
     4.058
     2.901
     2.983
     2.718
     3.068
     3.464
     2.746
     3.811
     3.598
     3.538
     3.494
     4.654
     3.666
     3.094
     3.510
     2.845
     3.370
     3.248
     3.738
     4.240
     2.686
     3.397
     3.304
     4.357
     4.494
     3.651
     3.471
     3.440
     3.439
     3.263
     3.488
     3.595
     4.152
     3.706
     3.589
     2.997
     4.186
     3.812
     3.843
     3.199
     3.338
     3.079
     3.229
     3.211
     3.238
     3.427
     3.463
     3.392
     3.282
     3.576
     3.565
     2.512
     3.789
     4.406
     3.710
     2.441
     3.206
     3.554
     4.471
     3.363
     3.374
     3.452
     4.412
     3.870
     3.441
     3.393
     3.451
     3.531
     4.767
     4.054
     3.419
     3.330
     2.683
     3.513
     3.958
     4.285
     3.296
     3.275
     3.307
     3.255
     3.843
     3.361
     3.685
     3.096
     3.432
     4.524
     4.092
     3.263
     2.953
     3.395
     2.795
     3.507
     3.811
     4.751
     4.714
     3.325
     3.047
     3.514
     3.046
     3.575
     1.787
     3.129
     3.942
     3.462
     3.901
     3.089
     3.466
     3.292
     3.226
     2.242
     3.440
     2.158
     3.920
     2.344
     3.841
     3.389
     3.192
     4.002
     3.564
     3.931
     3.507
     3.481
     3.515
     4.101
     3.397
     3.400
     2.907
     3.458
     3.163
     3.531
     3.343
     1.982
     3.895
     3.457
     3.667
     2.943
     3.897
     3.545
     3.570
     3.295
     3.536
     4.485
     3.346
     1.797
     3.403
     1.430
     2.605
     3.319
     4.203
     3.434
     3.597
     3.457
     3.874
     3.714
     3.266
     3.231
     3.928
     2.820
     3.260
     3.592
     3.921
     2.533
     3.403
     3.388
     3.242
     3.573
     2.597
     3.566
     4.319
     3.668
     3.154
     3.174
     3.886
     3.602
     3.498
     3.633
     3.426
     3.363
     3.959
     1.641
     3.017
     3.547
     3.044
     3.407
     3.714
     3.073
     3.843
     3.720
     3.450
     3.853
     3.427
     3.269
     3.289
     3.429
     3.521
     3.641
     3.086
     4.044
     2.993
     2.039
     3.296
     1.768
     3.833
     3.517
     4.089
     3.608
     3.549
     3.243
     2.986
     3.355
     3.492
     3.031
     3.293
     4.158
     3.831
     3.366
     3.689
     4.053
     3.312
     3.341
     3.221
     3.129
     3.419
     3.415
     4.345
     4.279
     4.041
     2.916
     3.571
     4.214
     3.458
     3.825
     3.190
     3.658
     3.416
     2.991
     2.625
     4.213
     3.551
     4.210
     3.225
     3.506
     2.552
     3.031
     3.144
     3.751
     3.302
     3.457
     3.048
     3.970
     3.306
     4.256
     3.435
     3.810
     3.990
     3.250
     3.278
     3.721
     1.459
     3.918
     3.025
     3.807
     3.606
     2.283
     3.294
     3.209
     3.287
     3.301
     3.709
     2.798
     4.046
     3.612
     3.264
     4.255
     3.003
     3.795
     3.717
     4.049
     4.354
     4.078
     4.053
     3.500
     4.097
     3.179
     3.527
     3.621
     3.723
     3.424
     3.439
     3.595
     3.361
     3.151
     3.500
     3.991
     3.621
     3.775
     3.345
     3.356
     2.597
     3.915
     3.839
     3.779
     3.844
     4.708
     4.644
     3.782
     3.252
     3.425
     4.689
     1.969
     3.962
     3.453
     3.484
     3.275
     3.673
     3.459
     3.825
     3.250
     3.689
     2.150
     3.496
     3.494
     2.485
     3.973
     4.022
     1.152
     3.180
     3.199
     4.669
     4.646
     3.356
     4.319
     3.598
     3.408
     2.997
     3.797
     3.934
     3.495
     4.566
     3.386
     3.705
     3.938
     4.202
     3.826
     2.249
     3.336
     3.200
     3.401
     2.462
     3.444
     3.320
     3.453
     3.584
     3.503
     3.069
     3.517
     3.639
     4.346
     3.384
     1.257
     3.643
     3.559
     3.968
     3.997
     3.448
     1.304
     3.198
     3.681
     3.818
     4.172
     3.868
     1.797
     3.941
     4.429
     4.392
     3.915
     3.199
     3.111
     3.671
     3.101
     3.498
     3.548
     3.253
     4.108
     4.748
     2.735
     3.386
     2.743
     3.073
