     1.960
     2.018
     1.976
     1.988
     1.990
     1.981
     1.940
     1.901
     1.898
     1.897
     1.892
     1.916
     1.955
     1.976
     1.981
     1.982
     1.972
     1.963
     1.956
     1.950
     1.945
     1.951
     1.956
     1.951
     1.938
     1.927
     1.925
     1.940
     1.962
     1.977
     1.990
     1.990
     1.985
     1.965
     1.961
     1.942
     1.925
     1.897
     1.901
     1.921
     2.014
     2.064
     2.106
     2.164
     2.209
     2.294
     2.356
     2.395
     2.413
     2.416
     2.413
     2.403
     2.410
     2.396
     2.386
     2.368
     2.360
     2.342
     2.320
     2.304
     2.284
     2.272
     2.277
     2.292
     2.292
     2.295
     2.299
     2.303
     2.305
     2.288
     2.269
     2.258
     2.242
     2.219
     2.197
     2.207
     2.227
     2.271
     2.344
     2.405
     2.444
     2.464
     2.451
     2.453
     2.456
     2.456
     2.500
     2.526
     2.591
     2.639
     2.657
     2.671
     2.683
     2.688
     2.679
     2.677
     2.670
     2.664
     2.652
     2.633
     2.580
     2.546
     2.519
     2.516
     2.526
     2.538
     2.544
     2.572
     2.578
     2.591
     2.604
     2.623
     2.629
     2.620
     2.600
     2.584
     2.546
     2.532
     2.490
     2.469
     2.443
     2.415
     2.392
     2.351
     2.295
     2.214
     2.112
     2.006
     1.844
     1.701
     1.671
     1.749
     1.737
     1.742
     1.789
     1.832
     1.888
     1.946
     2.087
     2.132
     2.140
     2.140
     2.196
     2.243
     2.283
     2.319
     2.361
     2.387
     2.405
     2.430
     2.443
     2.432
     2.395
     2.343
     2.310
     2.327
     2.347
     2.356
     2.383
     2.398
     2.372
     2.305
     2.218
     2.103
     1.857
     1.693
     1.585
     1.651
     1.699
     1.732
     1.754
     1.793
     1.827
     1.849
     1.880
     1.913
     1.982
     2.010
     2.038
     2.105
     2.169
     2.263
     2.362
     2.485
     2.577
     2.629
     2.646
     2.651
     2.648
     2.648
     2.633
     2.609
     2.578
     2.541
     2.508
     2.465
     2.438
     2.417
     2.394
     2.371
     2.337
     2.305
     2.268
     2.233
     2.203
     2.162
     2.109
     2.035
     1.988
     2.034
     2.056
     2.043
     2.027
     2.019
     2.051
     2.096
     2.114
     2.128
     2.117
     2.089
     2.042
     1.925
     1.824
     1.616
     1.537
     1.700
     1.813
     1.941
     2.048
     2.133
     2.190
     2.242
     2.245
     2.248
     2.245
     2.245
     2.212
     2.184
     2.155
     2.122
     2.076
     2.047
     2.081
     2.165
     2.168
     2.152
     2.129
     2.111
     2.091
     2.071
     2.063
     2.052
     2.040
     2.029
     2.009
     2.002
     1.994
     1.975
     1.956
     1.930
     1.899
     1.862
     1.826
     1.801
     1.796
     1.787
     1.791
     1.803
     1.813
     1.816
     1.859
     1.894
     1.922
     1.942
     2.494
     1.464
     1.874
     2.242
     2.306
     2.064
     2.111
     1.839
     1.696
     1.973
     2.387
     2.178
     2.444
     1.880
     2.172
     1.857
     2.037
     2.368
     2.032
     1.889
     0.951
     2.156
     2.269
     1.860
     2.503
     2.269
     2.411
     1.875
     2.523
     2.247
     2.443
     2.104
     1.927
     1.834
     1.926
     1.097
     2.170
     1.918
     1.823
     2.140
     1.939
     1.220
     1.852
     1.981
     2.192
     2.336
     2.139
     2.108
     1.925
     2.334
     2.232
     1.770
     2.594
     2.613
     1.789
     2.465
     2.135
     2.443
     1.656
     2.446
     2.412
     2.130
     2.252
     2.258
     2.295
     0.948
     2.039
     2.423
     2.185
     1.898
     2.401
     0.695
     2.484
     1.916
     1.975
     2.457
     1.851
     2.390
     2.591
     2.080
     1.926
     1.957
     0.931
     1.970
     2.201
     1.790
     1.971
     2.433
     2.263
     1.428
     1.788
     1.985
     1.489
     1.902
     1.615
     2.129
     1.858
     1.910
     2.643
     2.235
     1.941
     2.299
     1.434
     2.120
     1.942
     1.855
     2.027
     1.991
     1.874
     2.137
     2.017
     2.161
     1.951
     2.777
     2.269
     2.613
     1.864
     2.138
     1.970
     2.572
     2.290
     2.117
     1.573
     1.660
     2.361
     1.929
     2.053
     2.233
     2.258
     1.842
     2.469
     2.295
     1.935
     2.238
     2.644
     1.456
     2.476
     2.280
     2.184
     1.708
     1.787
     2.286
     2.172
     1.706
     2.086
     2.282
     2.043
     1.927
     1.933
     1.785
     2.267
     1.258
     1.796
     1.864
     2.318
     1.608
     1.715
     1.975
     2.034
     2.497
     2.223
     1.987
     1.917
     1.931
     1.342
     2.705
     2.119
     2.872
     1.743
     2.266
     2.489
     2.175
     1.902
     2.157
     2.111
     1.686
     1.905
     1.820
     2.001
     1.900
     2.337
     1.946
     1.982
     2.141
     2.577
     2.146
     1.924
     2.073
     1.932
     1.060
     2.343
     2.012
     1.988
     2.365
     2.302
     2.424
     1.978
     2.227
     1.955
     2.033
     2.444
     2.393
     2.096
     2.417
     1.932
     1.792
     1.949
     2.286
     2.099
     2.214
     2.203
     2.427
     1.963
     2.099
     2.245
     1.988
     2.015
     1.741
     2.266
     1.089
     2.120
     1.948
     1.818
     2.426
     2.364
     1.340
     2.061
     1.814
     1.830
     1.143
     2.279
     1.023
     2.271
     2.464
     2.721
     2.140
     2.207
     2.555
     1.765
     0.996
     2.458
     2.474
     1.558
     2.587
     1.816
     1.945
     2.343
     1.950
     2.069
     2.092
     1.893
     1.936
     1.860
     1.784
     2.073
     2.174
     1.778
     1.958
     2.286
     2.522
     2.313
     2.235
     1.880
     2.100
     1.916
     1.830
     2.575
     2.601
     1.645
     1.981
     1.996
     2.422
     2.361
     2.199
     1.267
     1.099
     2.506
     2.295
     2.111
     2.056
     2.336
     1.862
     2.061
     1.928
     1.987
     2.184
     2.580
     2.294
     2.204
     1.878
     2.112
     2.273
     1.837
     2.473
     2.100
     1.960
     1.624
     1.983
     2.178
     2.278
     2.407
     1.903
     1.830
     2.045
     2.398
     2.283
     2.442
     2.454
     1.865
     1.971
     2.001
     2.494
     1.920
     2.603
     1.601
     1.873
     2.319
     2.084
     2.373
     1.829
     1.855
     2.568
     1.954
     2.125
     2.376
     2.361
     1.054
     1.965
     2.757
     1.940
     2.354
     2.317
     2.470
     1.702
     1.950
     1.815
     2.619
     2.405
     2.660
     2.372
     1.818
     1.876
     1.944
     1.900
     2.212
     1.866
     1.597
     1.836
     1.950
     1.957
     1.714
     2.169
     2.384
     2.132
     2.376
     1.918
     2.130
     1.945
     1.891
     2.655
     2.067
     1.905
     2.093
     1.912
     2.144
     2.506
     1.808
     2.529
     1.955
     2.198
     2.023
     1.868
     1.950
     1.757
     2.026
     2.464
     2.103
     1.871
     0.857
     2.350
     1.318
     1.912
     1.825
     2.027
     2.174
     2.161
     2.023
     1.975
     2.539
     2.172
     2.276
     1.958
     2.305
     2.638
     2.157
     1.989
     0.848
     2.183
     2.805
     2.708
     1.951
     2.171
     1.925
     2.062
     1.993
     1.467
     1.383
     1.985
     1.945
     1.839
     2.253
     2.280
     1.911
     2.313
     2.341
     2.341
     2.064
     1.466
     1.402
     2.261
     2.200
     1.417
     2.024
     2.246
     1.831
     2.479
     2.017
     1.947
     2.362
     2.047
     1.895
     1.888
     2.506
     2.158
     1.929
     1.865
     1.799
     1.931
     2.231
     2.217
     2.003
     1.872
     2.040
     2.182
     2.119
     1.790
     2.117
     2.499
     2.761
     1.382
     2.792
     1.866
     2.155
     2.070
     2.313
     1.978
     2.058
     2.040
     2.287
     1.440
     2.648
     1.950
     1.902
     1.468
     1.287
     2.052
     1.968
     2.304
     2.266
     1.972
     2.114
     1.812
     2.406
     2.380
     2.307
     1.973
     2.244
     2.692
     1.906
     1.838
     2.312
     1.449
     2.492
     2.245
     2.197
     1.921
     2.251
     1.815
     1.911
     2.505
     2.412
     2.115
     2.282
     1.671
     2.017
     2.215
     1.701
     1.930
     1.891
     1.767
     2.723
     2.515
     2.351
     1.873
     2.317
     2.556
     2.639
     2.019
     1.908
     1.557
     2.194
     1.919
     1.536
     1.994
     0.737
     2.363
     1.893
     2.058
     1.811
     2.001
     2.326
     1.731
     2.053
     2.149
     2.370
     1.952
     2.425
     1.798
     1.160
     1.877
     1.704
     2.527
     1.867
     1.867
     2.259
     1.837
     2.394
     2.243
     1.216
     2.330
     2.414
     2.197
     2.383
     1.579
     1.831
     1.835
     1.844
     1.922
     2.133
     2.008
     1.908
     2.431
     1.981
     2.437
     2.295
     1.962
     1.979
     2.356
     2.458
     1.881
     1.959
     2.375
     1.984
     2.008
     2.653
     2.124
     2.134
     2.349
     2.222
     0.861
     2.443
     1.409
     1.431
     2.177
     2.426
     1.888
     1.744
     2.058
     1.933
     2.161
     1.918
     2.442
     1.907
     1.958
     2.286
     2.293
     2.480
     1.874
     2.321
     2.242
     2.212
     1.968
     2.171
     1.807
     1.918
     2.365
     1.744
     2.340
     1.937
     2.316
     2.465
     2.080
     1.297
     2.138
     1.941
     0.895
     1.566
     1.972
     1.334
     2.056
     2.027
     1.866
     2.395
     2.036
     2.249
     1.951
     1.960
     2.023
     2.188
     1.286
     2.188
     2.412
     2.200
     1.966
     1.370
     2.053
     2.205
     1.837
     2.317
     2.004
     2.276
     1.828
     2.106
     1.889
     1.862
     1.838
     1.921
     2.381
     2.346
     1.992
     2.035
     2.074
     1.932
     1.878
     1.523
     2.449
     2.289
     1.988
     1.884
     2.131
     1.518
     2.254
     2.202
     2.491
     2.161
     2.091
     2.062
     2.126
     0.683
     2.386
     2.141
     2.041
     2.386
     2.111
     2.035
     2.750
     1.870
     1.971
     1.907
     2.210
     1.955
     2.485
     2.561
     2.480
     0.748
     2.226
     2.287
     2.150
     0.863
     2.029
     2.594
     2.169
     2.500
     2.475
     1.987
     2.214
     1.867
     2.106
     1.928
     2.299
     2.134
     2.113
     1.698
     1.982
     2.096
     2.372
     2.469
     2.607
     1.415
     1.897
     2.352
     1.918
     2.312
     2.370
     2.420
     2.345
     2.262
     2.330
     1.917
     2.820
     1.225
     2.114
     2.331
     2.648
     1.915
     2.054
     1.993
     2.400
     1.329
     1.809
     2.170
     1.741
     2.420
     1.410
     1.824
     2.213
     2.299
     2.424
     1.736
     2.393
     2.806
     2.226
     2.416
     1.873
     2.614
     1.977
     2.365
     1.923
     2.757
     2.471
     1.890
     2.060
     1.752
     2.647
     2.078
     1.954
     0.986
     2.368
     1.978
     1.841
     1.932
     1.717
     2.399
     2.098
     2.073
     2.541
     2.078
     2.065
     2.370
     1.874
     2.233
     1.917
     2.361
     1.996
     2.360
     2.652
     2.024
     2.016
     2.216
     1.730
     2.339
     2.297
     2.285
     2.357
     2.203
     1.986
     1.885
     1.932
     2.449
     2.560
     1.643
     2.625
     2.398
     1.885
     2.079
     2.214
     2.477
     2.144
     1.652
     2.074
     1.969
     0.520
     2.231
     1.903
     1.635
     2.199
     2.449
     1.669
     2.225
     2.412
     2.424
     2.052
     1.850
     2.213
     2.330
     1.933
     1.995
     1.919
     1.909
     1.727
     2.467
     1.761
     2.521
     2.032
     1.158
     1.967
     1.910
     1.901
     2.372
     2.507
     2.039
     2.386
     2.141
     0.797
     1.927
     1.853
     1.802
     2.229
     1.987
     1.798
     2.455
     2.072
     2.466
     2.504
     2.010
     1.907
     1.979
     2.352
     1.974
     2.141
     2.254
     1.875
     2.234
     2.196
     1.701
     2.463
     1.479
     1.949
     2.255
     2.101
     2.469
     0.707
     2.286
     2.496
     2.299
     2.549
     2.003
     2.637
     2.448
     2.199
     1.839
     1.953
     1.967
     2.644
     2.164
     1.804
     1.846
     1.843
     2.249
     2.073
     0.743
     2.505
     2.086
     2.053
     2.563
     2.277
     1.903
     1.633
     2.321
     1.623
     2.300
     1.856
     1.773
     1.794
     2.131
     1.993
     1.963
     1.899
     1.896
     1.902
     2.122
     2.499
     2.383
     2.563
     2.070
     1.089
     2.094
     1.946
     2.166
     2.108
     2.156
     2.090
     1.679
     2.233
     2.278
     2.074
     2.055
     2.351
     1.998
     1.849
     2.746
     2.165
     2.470
     1.859
     1.994
     1.826
     1.589
     2.161
     1.916
     2.458
     2.363
     2.266
     2.507
     1.976
     1.939
     1.936
     2.334
     1.588
     2.437
     2.704
     2.399
     1.976
     1.994
     1.117
     2.020
     1.729
     2.236
     1.874
     1.910
     2.467
     2.156
     2.008
     1.871
     2.022
     1.833
     2.602
     1.488
     1.922
     2.419
     2.506
     2.256
     2.018
     1.964
     1.988
     1.863
     2.251
     1.750
     2.025
     2.331
     1.951
     2.247
     2.028
     0.700
     1.841
     2.294
     1.903
     1.161
     2.155
     2.204
     2.527
     2.143
     2.295
     2.118
     2.335
     2.292
     2.398
     1.230
     1.194
     2.332
     2.117
     1.960
     1.699
     2.187
     2.432
     1.948
     1.061
     2.443
     1.709
     2.502
     2.036
     1.883
     2.377
     1.953
     2.045
     1.800
     2.092
     2.773
     2.265
     2.418
     2.418
     1.906
     1.978
     2.232
     2.036
     2.667
     2.177
     2.328
     0.849
     2.012
     1.729
     1.998
     2.085
     2.660
     1.968
     2.368
     1.947
     2.611
     1.898
     2.240
     2.133
     2.071
     1.874
     1.809
     2.525
     1.939
     2.282
     1.995
     2.169
     2.301
     2.205
     2.213
     2.205
     2.299
     2.352
     2.564
     1.971
     2.550
     2.358
     2.198
     1.905
     2.106
     1.460
     2.101
     2.237
     1.856
     1.862
     1.915
     2.069
     2.179
     1.989
     2.056
     1.713
     2.129
     2.220
     1.133
     2.128
     2.503
     2.462
     1.883
     1.875
     2.064
     2.355
     1.867
     2.727
     1.927
     1.983
     1.844
     2.099
     2.164
     2.264
     2.615
     1.887
     2.538
     2.688
     1.907
     1.932
     1.805
     2.722
     2.243
     2.069
     1.904
     2.581
     1.924
     2.116
     2.214
     2.558
     1.922
     1.828
     1.920
     1.228
     2.044
     1.848
     2.138
     1.559
     1.936
     2.269
     1.953
     2.305
     1.968
     1.562
     2.368
     2.030
     2.306
     1.767
     1.916
     2.376
     1.642
     2.554
     2.221
     1.881
     1.949
     2.037
     2.116
     2.203
     2.223
     1.593
     2.449
     1.256
     1.256
     2.591
     1.808
     1.852
     1.942
     1.865
     1.880
     2.322
     1.763
     1.902
     2.095
     1.925
     2.428
     1.956
     2.744
     2.197
     2.205
     1.948
     1.946
     1.873
     2.009
     2.146
     2.383
     1.918
     2.170
     1.510
     2.005
     2.299
     2.339
     1.848
     1.996
     1.887
     2.139
     1.930
     2.558
     2.444
     2.208
     2.555
     2.226
     1.898
     2.546
     1.898
     1.814
     1.876
     1.758
     1.210
     2.353
     2.358
     2.061
     1.906
     2.153
     2.146
     1.883
     1.496
     1.932
     2.458
     1.936
     2.503
     1.984
     2.320
     1.928
     2.035
     2.376
     2.147
     0.842
     1.835
     1.959
     1.140
     2.098
     2.390
     1.932
     1.765
     2.353
     2.382
     1.997
     2.115
     1.960
     1.940
     2.146
     1.788
     2.354
     1.279
     2.014
     2.461
     2.455
     2.380
     1.992
     2.048
     1.915
     2.127
     1.880
     1.973
     2.172
     2.435
     2.159
     1.592
     1.831
     2.055
     2.265
     2.371
     1.817
     2.480
     2.248
     2.614
     2.145
     2.322
     1.951
     2.135
     2.238
     2.029
     2.803
     1.821
     2.256
     1.788
     2.193
     1.370
     2.241
     1.886
     2.092
     1.807
     2.136
     1.688
     1.851
     1.837
     1.657
     1.941
     1.948
     1.934
     1.909
     1.890
     2.232
     1.828
     1.348
     0.881
     2.733
     2.264
     2.248
     1.994
     1.931
     2.446
     2.011
     2.146
     2.604
     2.134
     1.890
     2.339
     2.694
     2.346
     2.370
     1.981
     2.219
     2.480
     1.817
     2.339
     1.781
     2.200
     2.045
     1.940
     2.066
     2.571
     1.341
     2.061
     2.157
     1.918
     2.326
     1.983
     2.123
     1.893
     2.613
     2.665
     2.021
     1.976
     2.408
     2.357
     1.932
     2.370
     2.088
     2.370
     2.614
     2.263
     2.382
     2.439
     2.424
     2.663
     1.781
     1.799
     2.127
     2.792
     0.675
     2.319
     1.949
     2.266
     2.509
     1.953
     2.025
     1.983
     2.462
     1.860
     2.474
     2.036
     2.129
     1.383
     2.602
     2.127
     1.030
     1.946
     1.917
     2.016
     2.127
     2.016
     1.884
     2.777
     2.006
     1.915
     2.579
     2.643
     1.975
     1.941
     2.447
     2.029
     1.976
     1.536
     2.134
     1.933
     1.842
     2.291
     2.379
     2.274
     2.383
     1.450
     0.924
     1.815
     1.709
     2.723
     1.843
     1.402
     2.182
     1.991
     1.737
     2.069
     1.828
     1.042
     1.244
     2.374
     2.054
     1.949
     1.952
     1.926
     2.492
     1.768
     1.168
     2.140
     2.474
     2.067
     1.782
     2.267
     1.817
     1.906
     1.982
     1.192
     1.901
     2.446
     1.986
     1.913
     2.348
     1.860
     2.131
     2.134
     2.122
     2.134
     2.495
     2.346
     2.359
     1.821
     1.954
     2.229
     2.039
     1.526
     1.336
     2.148
     1.411
     2.182
     2.528
     1.831
     2.019
     2.236
     2.170
     1.931
     2.444
     2.282
     1.997
     1.970
     1.905
     1.457
     2.006
     2.572
     2.292
     1.672
     2.421
     1.826
     2.227
     1.369
     2.399
     2.132
     2.101
     2.228
     1.246
     2.513
     1.943
     1.878
     2.664
     2.177
     1.761
     1.315
     1.727
     2.348
     1.892
     1.865
     1.923
     1.192
     2.170
     1.098
     2.017
     1.948
     2.239
     2.089
     2.179
     2.566
     1.958
     1.979
     2.114
     2.400
     2.349
     1.813
     2.274
     1.730
     2.329
     1.852
     1.884
     2.057
     2.054
     2.038
     2.041
     2.066
     1.949
     2.181
     1.804
     2.344
     1.957
     2.329
     2.053
     2.137
     2.271
     2.338
     1.850
     2.015
     2.189
     2.080
     1.766
     1.934
     2.602
     2.721
     1.953
     2.073
     1.783
     2.154
     2.119
     2.422
     2.208
     1.927
     1.822
     2.468
     2.154
     2.261
     2.053
     1.909
     2.048
     1.861
     1.914
     1.982
     1.895
     2.203
     1.948
     2.072
     1.941
     1.942
     1.176
     1.897
     2.086
     2.536
     2.214
     2.402
     2.429
     1.893
     1.961
     2.251
     2.187
     2.628
     2.148
     1.712
     2.597
     2.376
     2.845
     2.309
     2.339
     2.116
     2.410
     1.919
     1.910
     1.130
     2.383
     2.361
     1.907
     2.290
     2.273
     1.790
     2.434
     2.249
     2.335
     2.728
     2.097
     2.196
     1.793
     1.734
     2.310
     2.211
     1.741
     2.730
     1.925
     1.121
     2.077
     2.194
     2.221
     1.409
     1.874
     2.673
     1.485
     2.339
     1.970
     2.269
     1.762
     1.937
     2.523
     1.955
     2.367
     2.046
     2.198
     1.831
     1.916
     1.846
     1.805
     2.337
     2.567
     2.580
     1.867
     1.664
     2.417
     1.811
     1.453
     2.363
     2.328
     2.226
     1.683
     2.071
     1.792
     2.049
     1.029
     2.565
     2.153
     1.876
     1.796
     2.204
     1.934
     2.089
     1.834
     2.357
     1.940
     2.067
     1.911
     1.975
     2.175
     1.962
     1.891
     1.882
     2.352
     2.186
     1.912
     2.167
     1.599
     2.122
     1.836
     2.658
     2.021
     2.091
     1.291
     2.179
     2.428
     2.721
     2.299
     2.236
     1.544
     2.536
     2.441
     2.016
     2.644
     2.262
     2.313
     2.188
     2.054
     2.086
     1.939
     1.959
     1.654
     2.242
     1.145
     1.407
     2.165
     2.295
     2.286
     2.309
     1.890
     1.863
     2.276
     2.498
     2.272
     1.906
     2.142
     1.949
     1.886
     2.013
     2.073
     1.851
     2.102
     1.845
     2.056
     2.505
     1.522
     0.664
     2.487
     1.891
     1.926
     2.042
     1.995
     2.246
     1.860
     1.529
     2.843
     2.395
     1.880
     2.519
     2.225
     2.160
     1.980
     1.439
     1.898
     2.412
     1.925
     2.306
     2.393
     1.918
     1.965
     1.117
     1.910
     2.328
     2.170
     1.909
     1.947
     1.861
     2.584
     2.135
     2.164
     2.018
     2.669
     2.118
     2.470
     2.362
     2.018
     2.005
     1.803
     2.373
     2.011
     0.907
     2.000
     2.068
     2.200
     1.271
     1.474
     2.242
     2.188
     2.197
     2.101
     1.962
     1.982
     2.488
     1.398
     2.024
     2.263
     1.785
     2.186
     1.913
     2.249
     2.412
     2.170
     2.303
     1.851
     2.342
     1.235
     2.223
     1.221
     2.075
     1.388
     2.706
     1.795
     2.050
     2.054
     2.311
     2.456
     2.162
     1.455
     2.278
     1.924
     1.890
     1.594
     1.995
     1.984
     1.742
     1.609
     2.056
     2.408
     2.396
     2.432
     2.644
     2.176
     1.843
     2.049
     1.869
     2.284
     2.467
     1.862
     1.639
     1.932
     2.450
     2.226
     2.375
     1.931
     1.981
     1.947
     1.721
     2.188
     2.438
     2.439
     2.522
     2.033
     2.001
     2.198
     2.239
     1.883
     2.020
     1.985
     1.903
     2.188
     2.024
     1.785
     1.856
     2.343
     2.354
     2.624
     1.936
     0.914
     1.926
     2.026
     2.378
     2.423
     2.026
     1.898
     2.354
     1.926
     1.850
     2.294
     2.039
     1.512
     2.313
     0.907
     1.592
     2.590
     2.309
     2.410
     2.371
     2.189
     2.198
     2.280
     2.335
     1.879
     2.312
     2.072
     2.191
     2.222
     2.030
     1.899
     1.871
     1.391
     1.915
     1.856
     1.992
     2.024
     2.184
     2.060
     2.292
     2.194
     2.022
     2.091
     2.455
     2.231
     1.955
     1.927
     2.443
     2.313
     2.022
     2.301
     2.774
     1.927
     1.981
     2.120
     2.198
     2.261
     2.144
     2.348
     1.922
     2.001
     1.896
     2.453
     2.184
     2.477
     0.966
     1.824
     2.038
     2.443
     2.010
     2.113
     1.964
     1.881
     1.913
     1.848
     0.984
     1.952
     2.233
     1.901
     1.846
     1.918
     2.207
     1.197
     1.306
     2.259
     2.307
     2.303
     2.110
     2.398
     1.437
     2.157
     1.939
     1.953
     2.280
     1.754
     1.793
     1.901
     1.864
     1.979
     2.156
     2.347
     1.900
     2.427
     2.310
     1.867
     1.973
     2.659
     2.327
     1.900
     2.379
     2.527
     1.874
     1.991
     1.637
     1.508
     1.992
     2.105
     2.670
     2.629
     1.694
     2.095
     2.215
     2.275
     1.993
     1.350
     1.347
     1.903
     1.824
     1.976
     2.790
     1.975
     1.893
     2.824
     1.838
     1.669
     1.553
     2.247
     1.831
     2.295
     2.078
     0.941
     2.007
     2.290
     2.329
     2.129
     2.099
     1.821
     2.114
     2.749
     1.658
     2.340
     2.036
     2.445
     2.270
     2.155
     0.602
     2.369
     2.121
     2.096
     1.291
     2.311
     2.245
     2.235
     2.349
     2.418
     2.442
     1.801
     2.439
     2.110
     2.315
     2.098
     2.356
     2.165
     2.223
     2.670
     2.027
     1.995
     2.562
     1.052
     2.400
     2.193
     2.746
     2.299
     2.091
     1.878
     1.960
     2.104
     1.862
     2.570
     2.377
     1.916
     2.198
     2.169
     2.607
     2.261
     2.184
     0.929
     1.962
     1.888
     1.912
     2.461
     2.369
     2.081
     2.634
     2.151
     2.001
     1.910
     2.107
     2.475
     2.127
     2.119
     2.636
     2.538
     1.940
     2.127
     2.453
     2.471
     1.993
     2.484
     2.258
     2.104
     1.994
     2.330
     0.637
     1.100
     2.473
     2.057
     2.432
     1.967
     2.296
     0.977
     2.171
     1.833
     1.952
     2.650
     1.947
     1.897
     1.812
     2.683
     1.956
     2.288
     1.878
     2.511
     2.102
     1.644
     2.230
     2.163
     2.389
     2.400
     2.245
     2.295
     1.882
     2.353
     2.392
     2.400
     2.659
     2.018
     2.358
     2.347
     2.383
     1.234
     2.148
     2.197
     2.111
     2.026
     1.848
     2.204
     2.005
     2.361
     2.583
     2.435
     2.409
     2.121
     2.345
     1.900
     1.870
     2.319
     1.951
     2.576
     2.205
     2.339
     2.152
     1.945
     2.415
     2.040
     2.231
     2.299
     2.198
     2.370
     2.124
     2.033
     1.925
     2.038
     2.320
     2.391
     1.060
     1.826
     2.143
     2.598
     2.252
     1.613
     2.053
     2.434
     2.421
     2.117
     1.817
     2.362
     2.272
     1.921
     1.949
     1.856
     1.870
     1.934
     1.938
     1.861
     1.837
     2.501
     2.748
     1.825
     2.271
     2.463
     2.388
     2.060
     1.835
     2.063
     1.920
     1.781
     2.489
     2.187
     2.729
     1.823
     2.341
     2.385
     2.166
     2.478
     1.882
     1.827
     2.002
     1.693
     2.201
     2.073
     2.282
     1.449
     2.145
     2.249
     1.976
     2.385
     1.649
     1.996
     2.020
     1.994
     1.654
     1.988
     2.478
     2.832
     2.660
     2.178
     2.152
     1.900
     2.196
     2.432
     2.372
     2.540
     0.667
     1.918
     2.341
     2.494
     0.884
     2.059
     2.497
     2.343
     2.396
     2.300
     1.846
     2.277
     1.822
     1.846
     1.956
     2.054
     2.239
     2.184
     2.147
     2.468
     2.002
     2.577
     1.970
     2.211
     1.850
     1.964
     1.982
     2.358
     1.789
     2.241
     1.462
     2.127
     2.561
     2.470
     1.950
     1.867
     1.867
     1.963
     2.007
     2.270
     1.882
     2.091
     2.047
     1.748
     1.710
     1.965
     1.924
     1.909
     1.594
     1.826
     2.187
     1.919
     2.144
     2.119
     2.068
     2.273
     2.385
     2.306
     1.844
     1.911
     1.960
     2.433
     2.216
     1.890
     2.150
     1.940
     0.877
     1.931
     1.981
     1.330
     2.206
     2.394
     2.058
     1.783
     2.409
     1.915
     2.052
     2.249
     1.925
     2.338
     2.217
     1.949
     1.532
     1.840
     1.358
     2.176
     1.261
     2.210
     2.263
     2.029
     1.718
     1.887
     2.018
     2.126
     2.034
     2.015
     1.590
     1.945
     2.750
     2.464
     2.035
     1.521
     2.191
     1.959
     1.939
     2.338
     1.561
     1.858
     2.021
     1.755
     2.315
     1.892
     1.691
     1.956
     2.061
     1.854
     2.122
     2.337
     2.325
     2.200
     1.980
     1.913
     1.917
     2.642
     2.617
     2.418
     1.966
     2.393
     1.935
     2.424
     2.367
     1.910
     2.465
     1.837
     2.170
     1.888
     1.938
     2.205
     1.895
     2.116
     1.887
     2.077
     2.545
     1.832
     2.535
     1.117
     2.022
     1.174
     2.078
     2.088
     2.360
     1.812
     2.233
     2.322
     0.931
     1.964
     1.781
     1.493
     2.152
     1.828
     1.979
     1.841
     2.494
     0.606
     2.235
     1.953
     1.709
     2.327
     2.148
     2.422
     2.597
     1.932
     1.270
     1.813
     2.182
     2.448
     2.407
     1.936
     2.114
     2.045
     2.217
     1.777
     1.811
     2.316
     1.400
     2.353
     2.494
     2.446
     2.159
     2.498
     1.919
     2.153
     1.963
     2.229
     2.117
     1.931
     2.505
     1.963
     2.164
     1.999
     2.417
     2.103
     2.409
     2.081
     2.133
     2.448
     1.861
     2.005
     1.808
     1.884
     1.544
     1.887
     2.353
     2.002
     1.018
     1.991
     2.309
     2.454
     2.016
     2.090
     2.148
     1.954
     2.554
     2.148
     2.442
     1.832
     1.721
     2.164
     1.663
     2.613
     1.136
     2.528
     1.403
     2.041
     2.088
     1.810
     2.153
     2.010
     2.094
     2.336
     2.125
     2.015
     2.048
     2.121
     1.940
     0.919
     1.963
     2.458
     2.006
     1.983
     2.289
     2.231
     2.203
     1.876
     2.462
     2.432
     2.590
     1.859
     2.338
     1.971
     2.154
     2.232
     1.887
     2.601
     2.269
     1.829
     2.126
     1.909
     2.023
     1.993
     2.042
     2.588
     2.373
     2.446
     1.768
     1.803
     1.948
     2.408
     1.996
     2.390
     1.940
     2.004
     2.708
     2.336
     2.424
     1.131
     1.329
     2.256
     1.983
     1.980
     2.202
     2.231
     1.832
     2.699
     2.170
     2.135
     2.003
     2.131
     1.902
     2.218
     2.001
     1.928
     2.392
     1.955
     2.481
     2.001
     1.889
     2.490
     1.952
     1.866
     1.988
     2.436
     2.440
     1.863
     1.309
     1.712
     2.260
     2.012
     2.311
     2.306
     2.136
     2.330
     2.133
     2.210
     1.562
     1.999
     1.001
     2.156
     2.330
     2.339
     1.804
     1.807
     2.302
     2.361
     1.939
     1.657
     2.379
     2.424
     1.920
     2.159
     1.738
     2.335
     1.864
     1.953
     1.271
     2.184
     1.890
     1.755
     1.151
     2.143
     1.895
     2.437
     2.441
     2.661
     2.345
     2.366
     2.103
     1.892
     2.363
     2.582
     2.553
     2.351
     1.675
     2.049
     1.823
     1.708
     1.979
     2.062
     2.225
     1.995
     2.268
     2.217
     2.181
     2.193
     2.545
     1.891
     2.207
     1.936
     1.958
     1.843
     0.911
     2.480
     2.028
     2.328
     1.812
     0.772
     2.050
     1.746
     2.162
     1.953
     2.201
     2.205
     2.223
     1.861
     2.175
     2.094
     2.266
     2.127
     1.918
     2.023
     1.529
     1.820
     2.595
     2.383
     2.135
     2.152
     1.944
     2.107
     2.150
     2.295
     1.957
     2.121
     2.534
     1.891
     2.058
     1.767
     0.801
     2.380
     1.845
     1.848
     2.561
     2.122
     1.890
     2.186
     2.281
     2.403
     2.274
     1.967
     2.335
     1.978
     2.263
     1.299
     1.904
     2.050
     1.908
     2.472
     2.496
     1.859
     2.584
     1.868
     2.128
     1.537
     2.659
     1.856
     2.364
     1.987
     2.316
     1.961
     2.215
     2.244
     1.907
     2.105
     2.466
     2.443
     2.135
     1.580
     2.220
     2.422
     2.042
     2.004
     2.183
     2.411
     2.046
     1.919
     1.861
     2.506
     1.179
     1.849
     2.353
     2.450
     1.857
     1.959
     2.185
     2.102
     2.075
     1.766
     1.885
     2.257
     2.417
     2.109
     2.666
     2.240
     0.980
     0.791
     1.992
     2.432
     1.849
     1.966
     1.889
     2.509
     1.945
     2.057
     1.939
     1.891
     2.179
     0.845
     1.940
     2.083
     1.912
     2.326
     1.979
     2.876
     1.484
     1.677
     2.382
     2.132
     1.921
     2.012
     2.387
     2.018
     2.079
     1.803
     1.959
     2.518
     2.708
     2.328
     2.196
     2.038
     2.005
     0.953
     2.334
     2.162
     2.121
     2.368
     2.630
     2.358
     1.992
     1.971
     1.894
     1.715
     2.042
     2.210
     2.656
     2.091
     1.851
     2.300
     1.854
     1.930
     2.055
     1.937
     1.926
     2.362
     1.981
     1.788
     2.377
     2.287
     2.361
     2.080
     1.983
     1.850
     2.572
     2.327
     2.643
     2.076
     2.481
     2.000
     1.836
     1.753
     2.158
     1.723
     1.831
     2.290
     2.512
     2.079
     2.350
     2.073
     2.266
     1.879
     1.592
     1.892
     2.828
     0.907
     1.932
     1.493
     1.267
     2.484
     2.537
     2.630
     2.444
     1.827
     1.880
     1.152
     2.241
     2.520
     2.428
     2.403
     2.603
     2.047
     1.982
     2.149
     1.920
     2.643
     1.157
     1.536
     2.193
     2.020
     2.453
     2.201
     1.823
     2.118
     1.917
     1.998
     1.798
     1.223
     1.847
     2.285
     1.776
     2.114
     2.264
     2.252
     2.110
     2.610
     1.886
     2.611
     2.362
     2.138
     1.913
     1.697
     1.975
     2.480
     2.338
     1.837
     1.973
     1.818
     2.359
     2.516
     2.096
     2.106
     2.750
     2.447
     1.929
     1.891
     1.901
     2.335
     2.027
     2.179
     2.298
     2.048
     2.394
     2.448
     2.546
     2.503
     2.106
     2.473
     2.697
     1.483
     1.906
     1.880
     1.716
     2.431
     2.455
     2.394
     1.891
     2.097
     1.963
     1.978
     1.644
     1.851
     2.289
     1.759
     1.949
     1.603
     2.849
     2.636
     2.113
     2.001
     2.602
     1.921
     1.976
     2.002
     2.490
     2.538
     2.457
     1.839
     2.491
     1.950
     2.198
     2.297
     2.219
     2.295
     1.966
     2.444
     1.899
     1.907
     2.380
     1.930
     2.430
     1.512
     2.338
     2.178
     1.975
     2.479
     2.066
     2.040
     1.716
     2.453
     1.776
     2.067
     1.976
     1.825
     1.907
     1.912
     1.876
     1.967
     1.807
     2.111
     1.905
     1.674
     1.460
     2.590
     2.782
     2.222
     2.743
     2.501
     2.076
     1.611
     1.918
     2.267
     2.308
     1.983
     2.257
     2.245
     2.048
     1.917
     2.463
     2.221
     2.351
     2.251
     1.747
     1.596
     1.092
     1.529
     1.863
     2.263
     1.858
     2.631
     1.786
     2.171
     1.866
     2.368
     2.295
     2.071
     2.393
     1.883
     2.413
     2.188
     2.339
     2.349
     1.891
     2.321
     1.322
     2.478
     2.479
     1.880
     2.425
     1.950
     2.329
     1.904
     2.020
     2.018
     2.161
     1.905
     1.672
     0.824
     1.229
     2.347
     2.351
     2.407
     2.646
     2.555
     2.060
     1.899
     1.904
     2.167
     1.952
     1.924
     2.379
     1.868
     2.186
     1.434
     1.948
     2.003
     2.654
     2.038
     1.489
     2.409
     1.929
     2.697
     2.380
     2.251
     2.158
     2.323
     2.578
     2.105
     2.351
     2.532
     2.247
     2.290
     1.958
     2.556
     1.534
     2.406
     2.544
     2.143
     2.247
     2.106
     2.186
     2.323
     2.308
     2.068
     2.287
     1.851
     1.882
     1.922
     2.044
     2.162
     1.745
     1.894
     1.313
     1.844
     2.635
     2.181
     1.908
     1.910
     2.252
     2.354
     1.823
     2.021
     2.817
     2.033
     2.438
     1.799
     1.886
     2.574
     2.600
     1.641
     2.191
     1.937
     2.229
     2.193
     1.913
     2.061
     2.319
     2.341
     2.038
     1.988
     2.397
     2.519
     2.105
     2.157
     1.927
     2.060
     1.922
     1.824
     1.461
     2.346
     2.253
     1.523
     2.264
     2.065
     2.213
     2.366
     1.805
     1.868
     0.894
     1.970
     1.951
     2.659
     2.365
     1.821
     2.041
     2.473
     2.414
     2.113
     2.339
     2.141
     1.295
     1.829
     2.240
     1.977
     2.368
     2.009
     2.065
     2.162
     2.164
     2.331
     2.260
     2.042
     1.883
     2.679
     2.031
     1.946
     2.638
     1.140
     1.989
     2.131
     1.949
     1.951
     1.812
     1.850
     2.091
     1.919
     2.298
     2.595
     1.901
     0.748
     2.149
     2.363
     2.155
     2.212
     2.254
     2.028
     2.465
     1.230
     2.223
     1.316
     2.702
     2.223
     2.409
     1.867
     2.338
     1.828
     2.527
     2.132
     2.445
     1.894
     2.088
     2.442
     2.200
     2.100
     2.132
     2.223
     2.734
     2.126
     2.113
     0.851
     1.945
     1.008
     2.051
     2.073
     2.213
     2.529
     2.394
     1.609
     1.895
     1.689
     2.101
     1.964
     2.357
     1.943
     1.875
     1.819
     2.486
     2.540
     1.753
     1.786
     1.938
     1.979
     1.027
     1.640
     1.915
     2.244
     2.100
     2.251
     2.133
     1.775
     1.888
     1.913
     1.827
     2.187
     1.892
     1.836
     2.432
     2.325
     1.835
     2.116
     1.845
     2.247
     2.637
     2.380
     2.155
     1.991
     2.216
     2.215
     2.022
     1.913
     2.557
     2.339
     1.851
     1.935
     1.948
     1.799
     1.917
     2.252
     1.821
     2.041
     2.134
     2.185
     1.808
     1.948
     0.596
     1.780
     1.993
     1.625
     1.930
     1.885
     2.194
     1.915
     2.004
     1.968
     1.926
     2.198
     1.662
     1.977
     2.199
     2.755
     1.903
     1.822
     1.742
     1.887
     2.567
     1.879
     1.864
     2.230
     1.873
     1.987
     1.669
     2.513
     1.875
     2.520
     1.782
     1.989
     2.432
     2.380
     1.937
     2.503
     1.971
     2.372
     2.287
     1.953
     2.125
     2.087
     2.644
     2.600
     1.846
     2.094
     2.118
     1.934
     2.109
     1.336
     2.361
     2.308
     1.527
     2.245
     2.288
     1.905
     2.334
     2.532
     2.564
     2.004
     2.386
     1.408
     2.385
     2.325
     1.850
     1.898
     1.902
     2.305
     1.424
     2.022
     0.614
     1.899
     1.031
     1.972
     2.062
     0.858
     1.900
     1.958
     1.210
     1.835
     2.103
     2.698
     2.151
     1.927
     2.356
     2.226
     2.349
     2.192
     2.346
     2.112
     1.987
     2.029
     2.385
     1.567
     2.436
     1.927
     1.830
     2.408
     2.583
     2.386
     1.899
     2.004
     2.240
     2.482
     2.128
     2.254
     2.303
     2.068
     2.484
     1.960
     1.078
     2.655
     2.178
     2.006
     2.387
     1.847
     2.063
     1.839
     2.053
     1.887
     2.526
     1.941
     1.975
     1.981
     2.060
     2.468
     2.085
     1.880
     1.821
     1.899
     2.245
     1.870
     2.493
     1.824
     2.680
     1.874
     1.852
     2.267
     2.065
     1.898
     2.369
     1.974
     2.293
     1.845
     2.346
     2.089
     2.027
     1.947
     2.207
     2.270
     2.331
     1.995
     1.930
     1.846
     2.037
     1.762
     2.359
     2.196
     1.653
     2.016
     2.551
     1.818
     2.245
     1.874
     2.382
     2.509
     1.929
     2.182
     1.549
     2.083
     1.915
     2.126
     2.483
     1.569
     1.857
     0.978
     2.424
     2.661
     2.246
     1.948
     1.832
     2.702
     2.171
     2.427
     1.675
     2.381
     1.601
     2.005
     0.967
     1.453
     1.903
     2.008
     2.158
     1.882
     2.436
     2.337
     1.922
     1.888
     1.944
     1.843
     2.240
     2.212
     1.726
     2.275
     2.203
     1.834
     2.569
     1.957
     2.127
     2.483
     2.156
     2.417
     2.442
     2.396
     1.949
     1.772
     2.344
     1.013
     1.792
     2.372
     2.519
     1.793
     2.188
     1.948
     2.187
     1.957
     1.979
     1.900
     2.471
     1.190
     1.936
     2.185
     2.338
     1.929
     1.857
     1.076
     1.974
     1.939
     1.962
     1.811
     2.443
     2.449
     1.924
     2.560
     2.546
     2.390
     2.421
     1.990
     1.840
     2.046
     1.995
     2.181
     2.409
     2.439
     2.328
     0.952
     1.821
     2.262
     1.969
     1.890
     2.341
     2.469
     1.655
     2.191
     2.445
     2.398
     2.169
     2.067
     1.600
     1.843
     1.953
     0.912
     2.293
     2.375
     1.853
     1.922
     2.185
     1.930
     1.918
     2.023
     1.948
     2.145
     1.994
     1.254
     1.951
     2.428
     2.030
     2.339
     1.882
     2.367
     2.522
     1.934
     2.270
     1.730
     2.515
     1.363
     1.889
     2.192
     2.047
     2.352
     2.453
     2.498
     1.929
     1.473
     1.918
     1.958
     2.374
     2.354
     2.012
     2.579
     1.383
     2.199
     2.184
     2.620
     2.361
     2.293
     2.275
     1.935
     2.528
     1.845
     2.138
     2.142
     1.904
     1.859
     1.908
     1.934
     2.191
     1.971
     1.920
     1.895
     2.137
     2.192
     2.026
     2.320
     2.500
     2.637
     2.072
     2.331
     2.786
     1.907
     2.250
     2.108
     2.673
     2.062
     1.966
     2.070
     2.227
     1.923
     1.488
     1.996
     1.877
     1.289
     1.898
     1.911
     2.085
     2.513
     0.813
     1.813
     2.160
     1.839
     2.081
     2.308
     1.932
     2.308
     2.222
     1.836
     2.007
     2.368
     2.092
     2.075
     2.016
     1.984
     2.051
     1.959
     2.030
     2.645
     2.123
     2.666
     2.438
     2.226
     2.205
     1.976
     2.444
     1.818
     1.897
     2.088
     2.110
     2.715
     2.219
     1.862
     0.827
     2.381
     1.989
     2.134
     2.026
     1.915
     1.804
     1.822
     1.938
     1.859
     1.720
     1.915
     1.975
     2.042
     2.735
     1.995
     1.928
     1.952
     2.224
     1.891
     1.906
     2.066
     1.531
     1.427
     2.460
     1.931
     1.394
     2.427
     1.939
     1.925
     1.920
     2.055
     1.983
     1.867
     2.187
     1.976
     2.152
     2.290
     1.899
     1.363
     2.187
     2.097
     1.557
     1.991
     1.982
     1.954
     2.143
     2.385
     2.079
     1.834
     2.524
     2.011
     2.309
     2.606
     1.871
     2.444
     2.147
     2.039
     1.652
     2.195
     2.209
     1.926
     2.332
     2.582
     1.972
     1.815
     2.320
     1.567
     2.206
     2.036
     1.739
     2.172
     2.454
     2.308
     1.857
     1.826
     2.422
     1.883
     2.324
     1.907
     2.269
     2.156
     2.130
     2.434
     2.613
     2.714
     1.846
     1.977
     1.837
     1.809
     2.041
     2.736
     1.968
     1.869
     1.953
     2.144
     2.087
     2.238
     1.639
     2.068
     2.002
     1.266
     1.948
     1.863
     1.635
     2.428
     2.308
     2.406
     2.307
     2.039
     1.697
     2.227
     2.368
     2.496
     2.465
     1.634
     1.009
     1.928
     1.423
     2.191
     1.946
     2.724
     2.321
     2.260
     1.906
     2.380
     1.844
     2.418
     2.161
     1.369
     1.808
     1.811
     1.963
     1.403
     2.191
     2.364
     2.204
     1.718
     1.939
     2.503
     2.319
     1.964
     1.891
     1.969
     1.475
     1.353
     1.963
     2.331
     2.251
     1.469
     2.484
     1.942
     2.461
     1.421
     1.972
     1.978
     1.957
     2.382
     2.257
     2.159
     2.089
     2.073
     1.902
     2.167
     2.070
     1.863
     2.347
     2.031
     1.962
     2.000
     1.567
     2.318
     1.970
     1.986
     2.176
     1.921
     1.740
     1.859
     2.205
     2.038
     2.338
     2.154
     2.014
     2.445
     1.985
     2.147
     2.180
     1.912
     1.927
     2.174
     1.805
     1.859
     1.769
     2.256
     2.193
     1.939
     2.125
     2.056
     1.867
     2.506
     2.157
     2.254
     2.606
     1.655
     1.953
     1.969
     1.990
     1.834
     2.063
     1.868
     2.734
     2.318
     2.123
     2.161
     1.967
     2.042
     1.828
     2.418
     2.125
     2.199
     2.124
     2.431
     2.616
     2.075
     1.945
     2.128
     1.575
     2.098
     1.883
     2.341
     0.685
     1.861
     2.611
     2.589
     1.905
     2.467
     1.801
     1.859
     1.966
     1.812
     2.485
     2.038
     2.514
     2.083
     2.021
     2.164
     2.428
     1.824
     1.886
     1.887
     2.070
     2.131
     2.151
     1.904
     2.381
     1.258
     2.267
     2.194
     0.975
     0.876
     1.774
     1.949
     1.983
     1.835
     1.842
     1.851
     2.255
     2.004
     2.407
     2.335
     2.164
     2.392
     2.442
     2.175
     1.751
     2.502
     1.807
     1.311
     2.053
     2.089
     1.989
     1.927
     1.961
     1.983
     1.170
     2.192
     2.230
     2.229
     1.896
     2.220
     2.453
     2.071
     1.892
     2.336
     2.622
     2.030
     1.980
     1.213
     1.569
     1.802
     2.623
     2.332
     1.862
     1.845
     2.474
     1.922
     1.989
     2.130
     2.080
     1.173
     1.966
     2.348
     2.188
     1.983
     2.190
     2.809
     2.354
     2.137
     1.607
     2.537
     2.133
     1.197
     1.883
     2.015
     2.370
     2.094
     2.461
     2.362
     1.927
     2.503
     2.001
     1.885
     2.143
     2.518
     1.894
     1.939
     2.400
     1.543
     1.923
     2.619
     2.578
     2.376
     2.430
     1.723
     1.720
     2.372
     1.926
     2.749
     2.314
     2.196
     2.375
     1.644
     1.709
     1.809
     2.034
     2.302
     2.097
     1.877
     1.906
     2.574
     2.153
     2.016
     2.048
     2.139
     2.126
     2.047
     2.363
     1.967
     2.024
     1.822
     2.264
     1.959
     2.063
     1.858
     2.235
     2.352
     1.900
     2.520
     1.201
     2.213
     2.462
     1.906
     2.339
     2.034
     1.991
     1.970
     1.874
     2.189
     2.446
     2.259
     2.168
     1.425
     2.285
     1.429
     2.149
     1.985
     2.151
     1.947
     1.939
     2.573
     2.415
     2.021
     1.662
     2.295
     1.926
     2.739
     1.787
     2.307
     2.250
     2.058
     2.618
     1.923
     2.363
     2.604
     1.921
     2.219
     2.394
     1.871
     2.637
     2.138
     2.257
     2.010
     2.483
     2.028
     2.217
     2.414
     2.106
     1.837
     2.048
     1.982
     1.842
     1.896
     2.583
     2.102
     1.877
     0.902
     2.571
     2.199
     1.881
     1.217
     2.113
     2.228
     1.850
     1.319
     2.662
     2.135
     2.734
     1.946
     2.760
     1.429
     1.642
     2.418
     1.826
     2.584
     2.394
     2.412
     2.628
     1.975
     2.463
     1.877
     1.915
     2.132
     1.981
     1.589
     1.996
     1.895
     2.368
     1.825
     2.767
     2.136
     1.955
     1.886
     1.963
     1.250
     2.774
     1.837
     2.301
     2.285
     1.824
     2.235
     2.667
     2.222
     2.344
     2.169
     1.633
     2.548
     1.663
     2.401
     1.883
     1.863
     1.661
     2.008
     1.958
     1.769
     1.951
     2.223
     2.354
     1.176
     2.065
     1.871
     2.322
     1.808
     2.041
     1.947
     2.405
     1.870
     2.690
     2.164
     2.599
     2.038
     2.197
     1.599
     1.875
     1.795
     2.199
     1.820
     2.190
     2.601
     2.394
     1.929
     2.397
     2.224
     1.867
     1.852
     2.444
     1.884
     1.973
     1.834
     2.345
     2.351
     1.870
     2.297
     2.046
     0.587
     2.111
     1.831
     2.443
     2.184
     2.456
     2.268
     2.290
     2.285
     2.450
     2.285
     1.636
     1.543
     1.901
     1.981
     2.371
     2.230
     1.919
     1.961
     2.082
     2.157
     2.509
     2.041
     2.158
     2.333
     1.843
     2.541
     2.019
     1.984
     2.211
     1.945
     2.001
     1.956
     2.171
     2.154
     2.220
     1.808
     1.800
     1.764
     2.000
     2.022
     2.030
     1.918
     2.589
     2.083
     2.095
     1.682
     2.136
     2.642
     1.921
     2.341
     2.303
     2.739
     1.937
     1.328
     1.968
     1.928
     2.145
     2.348
     1.927
     2.331
     1.768
     2.282
     1.051
     2.010
     2.336
     2.149
     2.151
     1.886
     2.272
     1.983
     2.097
     2.634
     2.534
     1.837
     2.118
     2.614
     2.773
     1.359
     2.245
     2.179
     2.092
     2.140
     2.250
     1.912
     2.115
     1.998
     1.956
     1.175
     2.281
     2.006
     2.602
     1.962
     2.511
     2.680
     2.317
     2.049
     2.270
     2.161
     1.080
     1.941
     2.621
     2.566
     2.031
     2.084
     2.105
     2.601
     2.483
     2.003
     1.796
     2.067
     1.938
     2.415
     2.096
     2.346
     1.795
     0.893
     2.052
     2.166
     1.668
     2.380
     1.866
     2.080
     1.889
     2.390
     2.408
     2.273
     2.210
     1.996
     2.412
     1.780
     1.591
     2.184
     2.206
     2.685
     1.472
     1.637
     2.235
     2.311
     1.932
     2.116
     2.263
     1.264
     2.156
     1.954
     1.901
     1.859
     2.476
     2.620
     2.319
     2.219
     2.081
     2.341
     2.287
     1.866
     2.016
     1.947
     2.001
     2.054
     2.261
     0.562
     2.112
     2.474
     2.160
     2.408
     2.227
     2.009
     2.399
     2.366
     1.931
     1.947
     1.798
     1.349
     2.421
     1.790
     1.920
     1.852
     2.330
     2.684
     2.284
     1.926
     1.846
     1.499
     2.364
     1.965
     2.459
     1.823
     1.845
     1.931
     0.832
     1.908
     2.179
     1.974
     2.129
     2.380
     2.400
     2.352
     2.021
     1.845
     1.825
     1.892
     2.740
     2.086
     1.899
     1.894
     1.892
     2.039
     2.473
     2.363
     2.017
     2.073
     1.935
     1.738
     1.412
     1.960
     1.822
     2.294
     2.368
     1.815
     2.265
     2.348
     2.414
     1.343
     2.449
     0.963
     0.830
     1.962
     1.020
     1.809
     2.135
     2.341
     2.187
     1.364
     1.882
     2.024
     1.836
     2.041
     2.067
     1.960
     1.531
     2.267
     2.206
     2.243
     2.490
     2.138
     2.365
     2.158
     1.820
     2.414
     1.922
     2.356
     2.087
     1.880
     2.338
     1.989
     2.370
     2.266
     2.094
     1.945
     1.921
     1.942
     2.103
     1.969
     2.527
     2.708
     1.779
     1.903
     2.838
     1.939
     1.864
     1.434
     1.008
     1.933
     2.120
     1.929
     1.839
     1.784
     2.409
     1.664
     1.823
     2.302
     2.266
     1.898
     1.902
     1.868
     1.989
     1.970
     1.834
     1.780
     2.280
     2.576
     2.279
     2.538
     2.721
     2.261
     1.895
     1.935
     1.797
     2.580
     2.313
     1.889
     2.493
     1.938
     1.849
     1.843
     2.423
     2.140
     2.655
     1.991
     2.445
     2.301
     1.855
     1.927
     2.192
     2.117
     2.381
     2.190
     2.838
     1.944
     1.856
     1.910
     2.227
     2.601
     1.419
     2.115
     2.158
     1.952
     2.031
     0.842
     2.261
     2.305
     2.770
     2.174
     1.958
     2.264
     1.843
     1.898
     2.010
     1.989
     1.834
     1.881
     1.959
     2.531
     2.122
     1.940
     2.548
     2.087
     2.273
     2.245
     2.479
     2.471
     2.499
     1.891
     2.258
     2.019
     1.867
     1.848
     2.002
     1.912
     2.592
     2.066
     1.959
     1.211
     2.548
     2.545
     1.262
     2.012
     1.862
     2.536
     2.353
     2.344
     2.490
     1.900
     2.484
     1.892
     1.850
     1.972
     1.983
     2.021
     1.913
     1.739
     1.855
     2.490
     2.001
     1.804
     2.200
     1.296
     2.217
     2.024
     1.927
     2.181
     0.987
     2.514
     2.343
     2.287
     1.916
     1.818
     1.502
     1.950
     2.364
     1.927
     2.322
     2.301
     2.123
     2.204
     1.931
     2.002
     2.417
     2.163
     2.463
     1.639
     1.544
     1.957
     2.340
     2.174
     2.194
     2.076
     1.993
     2.043
     2.118
     2.019
     2.312
     2.149
     2.187
     1.151
     1.661
     2.090
     2.202
     2.324
     1.823
     2.146
     1.861
     1.413
     1.457
     2.367
     2.134
     2.322
     2.233
     1.070
     1.915
     2.363
     2.287
     1.373
     2.126
     2.017
     2.230
     2.248
     1.980
     2.733
     2.195
     2.105
     2.525
     1.839
     1.934
     1.848
     1.856
     1.061
     1.855
     2.648
     1.916
     2.453
     1.833
     1.786
     2.172
     1.926
     2.086
     2.284
     2.756
     2.501
     2.381
     1.929
     1.957
     2.110
     1.930
     1.791
     0.965
     2.568
     2.041
     1.633
     1.996
     2.179
     1.882
     2.037
     1.675
     1.964
     2.521
     2.175
     2.051
     2.003
     1.951
     2.607
     1.399
     1.836
     1.763
     2.469
     2.502
     2.413
     0.949
     2.127
     2.136
     1.736
     1.896
     1.942
     1.955
     1.939
     2.249
     1.959
     2.292
     2.237
     2.124
     2.422
     2.366
     2.187
     2.199
     2.652
     1.744
     2.229
     1.572
     2.493
     0.740
     2.035
     2.110
     1.943
     1.978
     1.965
     1.914
     2.337
     2.253
     1.982
     2.132
     2.181
     2.114
     2.132
     1.771
     2.420
     1.910
     2.237
     1.935
     1.937
     1.951
     1.951
     1.970
     2.373
     2.451
     2.554
     2.362
     2.228
     2.275
     2.038
     1.862
     1.835
     2.489
     2.110
     2.319
     2.421
     2.329
     1.556
     2.175
     2.668
     1.281
     2.489
     2.414
     2.531
     1.894
     2.841
     2.037
     2.014
     2.299
     1.953
     2.361
     2.335
     1.849
     2.404
     2.673
     2.105
     2.451
     2.118
     2.337
     2.041
     1.663
     1.991
     1.847
     1.925
     2.149
     1.891
     2.225
     2.440
     2.803
     2.078
     2.402
     1.947
     1.711
     1.343
     2.357
     1.858
     2.085
     1.343
     2.455
     2.353
     1.927
     1.772
     2.048
     1.889
     2.421
     1.834
     1.989
     2.023
     1.929
     2.190
     1.906
     2.546
     1.821
     2.452
     2.501
     2.259
     2.406
     2.326
     2.468
     1.810
     2.070
     1.814
     1.758
     1.449
     2.148
     2.464
     1.855
     2.186
     2.398
     1.702
     2.344
     1.763
     2.477
     1.873
     1.923
     1.965
     2.726
     1.838
     2.210
     2.373
     2.285
     2.022
     2.059
     2.204
     1.760
     1.930
     1.760
     2.228
     2.628
     2.447
     1.958
     2.019
     2.344
     2.116
     1.814
     2.136
     2.415
     2.434
     1.693
     1.982
     2.211
     2.431
     2.292
     1.970
     2.105
     1.820
     1.427
     1.817
     2.277
     1.074
     2.373
     1.799
     2.452
     2.098
     1.891
     2.221
     2.261
     2.113
     2.113
     1.869
     1.859
     2.019
     1.520
     1.275
     2.128
     1.705
     2.309
     2.047
     2.137
     1.294
     2.107
     1.964
     1.951
     2.498
     1.835
     2.072
     2.583
     2.332
     1.939
     2.015
     1.958
     0.904
     2.660
     2.222
     2.485
     2.493
     2.128
     2.027
     1.964
     2.331
     2.296
     2.189
     2.024
     1.867
     1.799
     2.198
     0.878
     2.811
     2.259
     2.385
     2.163
     2.032
     2.513
     1.906
     1.863
     1.827
     1.990
     1.822
     1.880
     2.460
     2.775
     2.052
     2.070
     2.030
     2.142
     1.917
     1.894
     2.453
     1.376
     1.928
     2.542
     2.367
     1.341
     1.295
     2.247
     2.095
     1.337
     2.136
     2.609
     2.453
     1.903
     2.389
     1.948
     2.459
     2.629
     2.236
     1.866
     2.104
     2.290
     2.409
     1.196
     2.223
     2.047
     1.949
     1.918
     2.044
     1.347
     2.331
     1.888
     2.326
     2.066
     1.861
     2.023
     1.940
     2.014
     1.122
     2.726
     2.161
     2.235
     1.878
     1.996
     2.184
     2.178
     2.151
     1.513
     2.294
     1.866
     1.804
     2.337
     1.751
     1.548
     2.358
     1.991
     2.148
     2.118
     1.727
     2.220
     1.987
     1.788
     2.027
     2.027
     2.103
     2.056
     1.899
     1.991
     2.410
     1.768
     2.179
     1.936
     2.438
     2.230
     1.897
     2.490
     2.121
     2.291
     2.050
     1.694
     2.142
     1.916
     1.882
     1.905
     1.567
     2.753
     1.783
     1.969
     2.415
     1.946
     1.608
     1.846
     2.317
     2.342
     1.946
     1.710
     2.384
     2.673
     2.065
     2.001
     2.131
     2.249
     1.854
     1.022
     2.302
     1.874
     1.748
     2.658
     1.467
     2.340
     1.700
     2.357
     1.273
     2.294
     1.872
     2.103
     1.970
     2.858
     2.354
     2.180
     1.941
     2.066
     2.597
     2.106
     1.997
     2.174
     2.054
     0.995
     2.106
     1.952
     1.898
     2.576
     2.757
     1.999
     2.386
     2.142
     1.070
     2.055
     1.995
     2.309
     1.860
     2.059
     1.948
     2.195
     1.901
     2.648
     2.159
     1.978
     2.468
     2.142
     1.926
     2.238
     1.937
     2.569
     1.985
     2.638
     1.397
     1.574
     1.940
     1.968
     1.882
     2.249
     1.369
     2.587
     1.970
     1.983
     2.166
     2.004
     1.912
     2.012
     1.611
     2.389
     2.055
     2.433
     1.845
     2.002
     1.838
     2.230
     0.648
     2.295
     1.908
     2.352
     2.247
     2.037
     1.762
     2.357
     2.774
     2.352
     1.829
     1.257
     2.363
     1.909
     2.004
     2.248
     2.690
     2.095
     2.239
     1.783
     1.818
     2.723
     2.154
     2.195
     2.233
     1.953
     1.984
     2.791
     2.272
     2.289
     2.297
     2.467
     2.314
     2.082
     1.818
     2.484
     1.971
     2.309
     0.864
     1.810
     2.317
     2.005
     1.908
     2.182
     1.725
     2.100
     2.306
     2.223
     2.135
     1.920
     2.400
     2.044
     2.332
     1.977
     2.195
     2.568
     1.912
     2.317
     2.340
     1.929
     1.717
     2.654
     2.223
     1.839
     2.177
     1.830
     2.016
     0.965
     1.987
     2.650
     1.909
     2.258
     2.202
     1.983
     2.435
     1.846
     2.064
     2.540
     2.164
     1.596
     2.598
     2.067
     1.516
     1.874
     1.843
     2.738
     2.248
     2.162
     2.334
     1.994
     1.885
     1.930
     2.453
     2.133
     2.000
     2.027
     2.149
     2.014
     1.878
     1.837
     2.477
     1.958
     1.940
     2.376
     2.008
     2.002
     2.785
     2.321
     1.757
     2.179
     2.021
     2.209
     1.908
     1.841
     1.988
     2.484
     2.236
     2.174
     2.089
     1.962
     1.907
     2.515
     2.236
     2.383
     1.933
     1.028
     2.830
     1.555
     1.060
     2.080
     1.878
     2.653
     1.679
     2.445
     1.783
     2.405
     1.877
     1.555
     1.976
     1.883
     2.301
     2.256
     2.380
     2.323
     2.655
     1.888
     2.642
     2.260
     2.199
     2.583
     2.361
     2.112
     1.776
     1.815
     2.281
     2.029
     2.024
     2.020
     1.125
     2.176
     2.149
     2.389
     2.028
     2.097
     1.847
     1.127
     1.924
     2.001
     1.093
     1.447
     2.584
     2.260
     1.901
     1.972
     1.933
     2.235
     1.191
     1.543
     1.801
     2.452
     2.009
     0.984
     1.929
     2.329
     2.469
     2.023
     1.955
     1.828
     2.356
     2.043
     2.552
     2.217
     2.434
     2.337
     2.103
     1.996
     1.740
     2.053
     2.461
     2.027
     1.996
     2.243
     2.585
     2.028
     2.403
     2.366
     2.171
     1.898
     1.822
     2.047
     2.322
     2.019
     1.925
     1.425
     2.339
     2.149
     2.209
     2.037
     1.950
     2.310
     2.562
     2.094
     2.319
     2.142
     1.941
     2.042
     2.207
     2.097
     2.437
     2.155
     2.565
     2.364
     1.813
     1.542
     1.963
     2.006
     2.060
     2.032
     2.313
     1.870
     1.963
     1.823
     2.063
     2.151
     1.904
     2.140
     2.065
     1.668
     2.081
     1.920
     1.927
     2.350
     2.107
     1.937
     2.314
     1.917
     2.457
     1.933
     2.214
     2.639
     2.589
     1.929
     1.899
     2.448
     1.956
     2.028
     2.388
     1.843
     1.673
     1.670
     2.173
     2.460
     1.896
     2.376
     1.915
     1.860
     1.840
     1.884
     2.146
     1.908
     2.433
     1.215
     2.393
     2.222
     1.866
     1.837
     2.041
     1.972
     1.988
     2.355
     2.063
     2.321
     2.099
     2.191
     1.165
     1.986
     1.880
     1.940
     1.809
     2.160
     2.390
     1.956
     2.074
     2.392
     2.082
     1.856
     2.514
     2.510
     2.531
     1.866
     1.816
     2.348
     1.923
     2.204
     2.466
     2.140
     2.357
     2.224
     2.348
     2.536
     1.250
     2.387
     1.926
     1.905
     2.411
     1.933
     2.146
     0.767
     1.401
     2.322
     2.152
     1.688
     2.173
     1.901
     2.117
     2.156
     2.175
     1.972
     2.040
     2.196
     2.382
     2.106
     0.890
     2.145
     1.700
     2.808
     1.977
     1.946
     2.026
     2.172
     1.191
     2.136
     1.990
     1.323
     2.203
     1.916
     2.012
     2.177
     1.781
     2.213
     1.964
     1.924
     2.089
     2.224
     1.894
     2.090
     2.376
     1.407
     2.406
     2.442
     2.043
     2.051
     1.962
     1.968
     1.701
     2.093
     2.548
     2.375
     2.711
     2.653
     1.957
     1.915
     2.423
     0.679
     1.820
     1.738
     2.016
     2.239
     2.220
     1.978
     1.953
     2.450
     2.178
     1.860
     2.375
     1.838
     1.341
     1.859
     2.400
     1.898
     1.989
     2.150
     1.943
     1.946
     2.337
     1.804
     2.448
     1.276
     2.246
     2.334
     2.199
     1.830
     2.266
     2.169
     1.943
     1.828
     2.236
     2.423
     2.630
     1.893
     0.711
     2.144
     2.355
     2.700
     1.901
     2.352
     1.924
     2.370
     2.002
     1.623
     2.384
     1.965
     2.294
     2.190
     2.451
     1.814
     2.202
     2.138
     2.199
     1.916
     2.201
     2.637
     2.242
     2.317
     2.106
     1.244
     2.183
     2.321
     2.221
     2.184
     2.285
     2.377
     1.845
     1.814
     1.959
     1.868
     0.967
     1.979
     1.947
     1.551
     2.089
     2.195
     2.233
     2.193
     2.088
     2.171
     1.401
     2.364
     2.321
     1.941
     2.123
     2.216
     2.064
     2.646
     2.411
     1.958
     1.638
     1.635
     2.166
     2.438
     2.129
     1.862
     1.893
     1.906
     2.168
     2.310
     2.514
     1.250
     2.214
     2.128
     2.034
     1.877
     1.378
     0.752
     1.971
     2.262
     2.388
     2.083
     2.633
     1.948
     2.288
     1.442
     2.004
     2.214
     1.859
     1.820
     2.020
     1.909
     2.287
     1.231
     2.498
     2.331
     2.112
     1.785
     1.801
     2.335
     2.006
     1.703
     1.890
     2.276
     2.444
     2.102
     1.879
     2.746
     2.332
     2.022
     2.301
     1.404
     2.347
     2.317
     1.964
     1.888
     2.584
     1.864
     1.750
     1.383
     1.951
     2.064
     2.319
     2.256
     2.281
     1.969
     1.994
     2.127
     1.070
     1.875
     1.543
     2.361
     1.948
     2.377
     2.100
     0.736
     1.423
     0.896
     2.018
     2.097
     2.098
     1.960
     1.800
     1.824
     1.557
     2.384
     2.109
     2.566
     2.094
     0.777
     2.287
     2.222
     2.092
     2.069
     1.999
     2.294
     2.104
     2.187
     1.950
     2.346
     1.145
     1.898
     2.418
     2.641
     1.947
     1.909
     2.556
     2.380
     2.295
     2.302
     2.437
     1.668
     1.916
     1.964
     1.993
     1.964
     1.804
     2.468
     2.646
     2.417
     1.891
     1.972
     1.868
     1.900
     1.909
     2.262
     2.119
     2.411
     1.739
     0.992
     2.301
     2.164
     1.855
     1.759
     2.430
     1.840
     2.174
     1.821
     1.999
     1.868
     1.818
     1.811
     2.002
     2.397
     1.868
     2.202
     2.715
     2.493
     2.743
     2.553
     1.935
     2.297
     2.144
     1.854
     2.067
     1.940
     1.834
     2.305
     1.906
     2.052
     2.478
     2.096
     1.928
     2.172
     1.448
     1.991
     2.001
     2.050
     1.947
     1.932
     2.046
     2.623
     2.534
     2.152
     1.977
     1.692
     2.078
     1.515
     2.134
     2.170
     2.313
     2.586
     2.190
     1.835
     1.821
     2.474
     2.216
     2.621
     2.605
     2.045
     2.200
     2.368
     2.015
     1.809
     2.280
     1.619
     1.731
     2.454
     2.020
     2.072
     2.514
     1.915
     2.310
     2.088
     1.971
     2.362
     2.326
     2.248
     2.024
     2.058
     2.044
     1.918
     1.787
     2.440
     1.814
     2.359
     2.202
     2.352
     2.475
     2.475
     2.369
     1.965
     2.279
     1.542
     2.641
     1.475
     2.104
     2.212
     1.953
     2.652
     1.606
     2.084
     2.309
     2.367
     2.252
     1.840
     2.365
     1.850
     1.988
     1.190
     2.398
     2.279
     2.281
     1.846
     1.925
     2.440
     2.603
     2.247
     1.524
     2.230
     2.217
     2.188
     2.712
     2.115
     1.624
     2.254
     1.914
     1.856
     2.190
     0.867
     2.506
     1.866
     1.162
     2.646
     2.193
     2.140
     2.165
     2.270
     2.261
     1.898
     1.787
     2.421
     1.230
     2.306
     2.534
     1.889
     2.371
     1.870
     0.973
     2.108
     2.191
     2.108
     2.088
     1.995
     2.558
     2.431
     2.328
     1.889
     2.715
     2.173
     2.178
     1.130
     1.819
     2.686
     0.925
     2.139
     2.119
     2.277
     2.209
     2.531
     1.176
     2.622
     2.551
     2.057
     2.469
     1.916
     2.281
     2.316
     2.211
     2.835
     1.937
     2.270
     2.088
     1.936
     2.182
     2.004
     2.253
     2.146
     1.722
     2.307
     2.130
     1.769
     2.030
     2.111
     2.012
     1.842
     2.193
     1.850
     2.312
     2.354
     1.996
     1.118
     1.179
     2.418
     1.905
     2.777
     2.270
     1.781
     1.893
     2.407
     2.431
     1.960
     2.281
     2.609
     1.909
     2.438
     1.908
     1.899
     2.528
     1.879
     1.852
     2.028
     2.524
     0.945
     1.874
     1.491
     2.349
     1.829
     1.980
     1.940
     2.127
     2.869
     1.883
     1.747
     2.440
     1.280
     2.767
     1.910
     2.188
     2.160
     2.294
     2.312
     2.026
     2.246
     2.493
     2.633
     2.152
     2.222
     1.801
     2.331
     2.008
     2.061
     1.986
     2.359
     1.121
     2.556
     1.996
     2.086
     2.196
     2.180
     2.220
     2.414
     2.062
     1.195
     1.933
     2.040
     2.288
     2.086
     1.939
     1.835
     2.113
     2.488
     2.342
     1.693
     1.855
     1.899
     1.484
     2.033
     2.132
     2.290
     1.985
     1.619
     1.969
     1.831
     2.023
     1.911
     2.028
     1.936
     2.073
     2.099
     2.400
     1.994
     1.982
     1.920
     1.982
     1.988
     1.936
     2.172
     1.304
     2.387
     2.010
     2.495
     2.606
     1.415
     1.607
     2.420
     1.864
     1.935
     2.154
     1.889
     2.169
     1.992
     1.153
     2.416
     1.934
     2.234
     2.180
     1.941
     2.400
     2.203
     2.380
     0.897
     1.822
     2.369
     2.096
     1.006
     0.749
     1.373
     2.328
     1.941
     2.348
     1.918
     2.397
     2.096
     2.169
     2.546
     2.248
     2.295
     1.997
     2.507
     2.098
     2.143
     2.250
     2.592
     2.654
     2.145
     2.111
     2.128
     1.952
     1.809
     2.374
     1.909
     2.258
     2.143
     2.055
     2.125
     1.933
     2.445
     2.359
     1.957
     1.856
     2.421
     1.594
     2.310
     2.106
     1.929
     2.137
     1.853
     1.737
     2.353
     2.072
     2.256
     2.382
     2.671
     1.968
     2.265
     2.154
     2.340
     2.299
     2.166
     2.098
     2.172
     2.328
     1.773
     2.217
     2.296
     2.464
     2.138
     2.485
     2.283
     2.458
     1.912
     1.817
     2.337
     1.989
     2.026
     2.247
     2.299
     2.331
     2.376
     2.367
     1.934
     2.549
     2.277
     1.818
     2.448
     2.223
     2.327
     2.541
     2.183
     2.095
     1.480
     2.482
     1.123
     2.409
     2.402
     2.098
     1.757
     1.619
     2.122
     2.322
     2.201
     2.320
     2.350
     2.462
     2.031
     2.336
     1.260
     2.456
     1.908
     2.060
     1.998
     2.174
     1.662
     2.227
     2.186
     2.046
     1.977
     1.934
     2.437
     1.958
     2.569
     1.768
     2.404
     2.520
     1.993
     2.219
     2.647
     1.999
     1.814
     2.394
     1.883
     2.498
     2.193
     2.485
     1.907
     1.933
     2.207
     2.113
     2.059
     2.142
     2.125
     2.739
     2.301
     1.105
     2.275
     2.637
     2.253
     1.974
     2.324
     2.488
     1.929
     1.868
     2.302
     2.191
     1.853
     1.793
     2.122
     2.386
     2.279
     2.226
     1.480
     1.904
     2.343
     1.938
     1.318
     1.894
     2.339
     1.873
     2.183
     1.942
     2.186
     1.509
     1.767
     2.616
     2.231
     1.807
     1.915
     1.195
     1.779
     1.924
     2.067
     1.945
     2.207
     2.374
     2.290
     1.869
     2.050
     1.462
     1.912
     1.811
     2.777
     2.762
     1.885
     2.021
     2.181
     1.908
     1.101
     2.224
     2.133
     2.317
     0.795
     1.323
     2.122
     1.907
     2.485
     2.256
     1.340
     1.984
     1.892
     2.155
     2.244
     1.931
     0.893
     2.306
     1.904
     2.145
     2.174
     1.815
     2.246
     2.006
     1.897
     2.399
     1.316
     2.202
     1.738
     2.362
     1.272
     2.438
     1.024
     1.844
     1.091
     1.942
     2.294
     2.356
     1.690
     1.977
     2.315
     1.954
     1.971
     2.316
     1.883
     1.388
     1.448
     1.953
     2.295
     1.428
     1.836
     2.025
     2.305
     2.632
     1.976
     2.020
     1.748
     1.764
     2.333
     2.145
     2.301
     1.898
     2.365
     2.336
     2.428
     1.349
     1.947
     2.629
     1.794
     2.138
     1.756
     1.887
     2.251
     1.943
     2.040
     1.939
     2.298
     1.897
     0.859
     2.381
     1.801
     1.369
     2.123
     2.601
     2.097
     1.849
     1.894
     2.173
     1.646
     2.217
     2.457
     2.273
     1.828
     1.981
     1.859
     0.846
     1.795
     2.529
     1.855
     1.928
     1.450
     1.837
     1.917
     1.973
     2.079
     2.239
     1.922
     2.553
     2.116
     2.195
     1.945
     2.372
     2.475
     2.425
     2.562
     1.898
     1.880
     2.057
     1.709
     2.601
     2.412
     2.080
     2.396
     2.152
     2.223
     1.883
     2.855
     2.493
     2.175
     2.203
     2.175
     2.160
     2.365
     2.195
     1.914
     2.413
     2.652
     2.255
     1.763
     2.351
     1.720
     1.279
     2.019
     2.271
     2.002
     2.507
     1.968
     2.260
     2.218
     2.358
     1.938
     1.890
     1.924
     2.547
     2.393
     2.185
     2.204
     2.059
     1.988
     1.465
     1.874
     2.041
     2.089
     2.581
     2.462
     2.196
     2.317
     1.911
     1.931
     1.668
     2.266
     2.434
     1.002
     2.243
     2.246
     2.280
     2.420
     1.843
     2.268
     2.392
     2.497
     2.224
     2.087
     2.080
     1.903
     2.147
     1.924
     2.274
     1.953
     2.108
     2.147
     1.498
     1.818
     1.983
     1.769
     2.672
     1.411
     1.965
     1.757
     2.177
     2.168
     2.051
     1.964
     2.348
     1.722
     2.371
     2.287
     1.863
     2.580
     2.489
     1.535
     1.793
     2.276
     2.138
     2.384
     1.927
     1.964
     2.462
     2.315
     2.263
     2.111
     2.280
     1.917
     2.007
     2.517
     2.402
     2.159
     2.365
     2.002
     0.696
     2.501
     2.253
     1.863
     1.874
     2.369
     0.857
     2.446
     1.953
     0.938
     1.852
     2.027
     1.802
     2.455
     1.822
     2.690
     1.908
     2.009
     1.914
     1.919
     2.581
     0.812
     1.833
     2.188
     2.128
     2.365
     2.397
     1.931
     2.242
     1.905
     1.812
     2.597
     2.098
     1.895
     1.864
     1.908
     2.222
     1.983
     1.833
     2.469
     2.107
     1.986
     2.463
     1.816
     1.767
     2.651
     2.422
     2.174
     2.017
     2.211
     2.352
     1.825
     2.265
     2.225
     1.913
     2.365
     2.018
     2.052
     2.472
     2.317
     2.174
     2.184
     1.950
     1.830
     2.019
     2.110
     1.869
     1.887
     2.679
     2.560
     2.267
     2.178
     2.314
     2.057
     1.859
     1.938
     1.517
     1.858
     2.392
     2.429
     2.461
     2.587
     1.412
     0.870
     2.560
     2.169
     1.889
     1.955
     2.064
     2.251
     2.501
     2.092
     1.504
     1.869
     2.484
     1.591
     1.816
     1.997
     1.906
     1.911
     2.370
     2.053
     2.516
     2.554
     1.612
     2.237
     2.159
     2.179
     1.500
     2.310
     1.929
     2.314
     1.802
     1.616
     1.908
     2.098
     1.947
     2.289
     2.348
     2.260
     1.347
     2.062
     1.967
     1.945
     1.854
     0.937
     2.348
     1.829
     1.948
     2.347
     2.768
     1.968
     2.512
     2.105
     1.549
     2.068
     2.088
     2.216
     2.165
     1.913
     1.895
     2.011
     2.010
     1.812
     1.771
     2.391
     1.925
     1.997
     2.378
     1.314
     1.943
     2.118
     2.232
     2.473
     2.339
     2.333
     2.220
     2.416
     1.742
     2.059
     1.832
     2.462
     2.094
     1.769
     1.925
     2.324
     2.172
     2.154
     1.579
     1.963
     2.809
     2.453
     1.847
     2.393
     2.204
     2.514
     1.833
     2.644
     1.915
     1.629
     1.917
     2.290
     1.961
     0.999
     2.548
     1.236
     1.994
     1.877
     2.165
     0.787
     2.432
     1.982
     1.891
     2.149
     2.218
     1.814
     1.914
     2.171
     2.452
     1.955
     2.088
     2.010
     1.300
     2.171
     1.851
     2.252
     1.998
     1.924
     1.898
     2.195
     2.408
     1.526
     2.344
     2.329
     2.019
     2.304
     2.171
     2.527
     2.323
     1.857
     1.862
     2.214
     1.999
     1.920
     1.792
     1.898
     1.894
     1.666
     1.864
     2.323
     2.231
     1.841
     1.973
     2.364
     2.036
     2.004
     1.588
     2.451
     1.986
     1.742
     1.949
     2.392
     1.912
     2.180
     2.249
     2.326
     2.109
     2.079
     2.076
     2.624
     1.902
     1.956
     2.502
     2.267
     2.389
     2.366
     2.501
     2.050
     1.998
     2.235
     0.967
     2.304
     2.257
     2.290
     2.643
     1.858
     2.503
     2.013
     1.966
     2.443
     1.347
     1.825
     2.598
     1.908
     2.436
     2.012
     2.300
     2.345
     2.321
     2.046
     1.866
     2.267
     1.988
     1.818
     2.191
     0.778
     1.852
     2.358
     2.104
     2.466
     1.966
     1.899
     2.016
     2.077
     2.116
     1.897
     1.811
     2.484
     1.953
     1.945
     1.959
     2.117
     2.254
     1.953
     2.027
     1.953
     1.853
     1.880
     2.725
     2.326
     1.860
     1.698
     2.109
     2.537
     2.507
     2.463
     0.900
     1.442
     1.953
     2.340
     1.933
     0.892
     1.921
     2.433
     2.375
     1.898
     2.420
     1.527
     2.219
     1.879
     2.417
     2.291
     1.940
     1.954
     2.129
     2.096
     2.174
     2.286
     2.480
     2.039
     1.957
     2.363
     1.420
     2.649
     2.195
     1.859
     1.919
     1.836
     2.358
     2.100
     2.107
     1.955
     2.004
     1.880
     2.181
     2.655
     2.446
     1.849
     1.398
     1.975
     2.275
     2.203
     2.159
     2.035
     2.241
     2.185
     2.045
     1.904
     2.355
     2.197
     2.335
     2.409
     2.113
     1.969
     2.220
     2.357
     2.528
     2.444
     1.958
     2.311
     1.864
     1.977
     0.939
     2.127
     2.195
     2.037
     1.937
     1.949
     1.962
     2.696
     1.986
     2.384
     2.083
     2.046
     1.088
     1.938
     2.696
     1.904
     2.311
     2.302
     2.662
     2.310
     2.642
     2.304
     1.322
     1.059
     1.981
     2.064
     2.327
     2.425
     1.854
     2.008
     2.167
     2.123
     2.372
     2.237
     1.915
     2.309
     2.112
     2.191
     2.369
     1.769
     1.880
     2.437
     2.435
     1.338
     1.898
     1.970
     2.245
     2.240
     0.450
     1.257
     2.348
     1.835
     1.994
     1.932
     2.335
     2.364
     2.098
     1.953
     2.333
     2.391
     1.853
     1.840
     1.904
     1.925
     2.064
     2.439
     2.638
     2.144
     2.463
     2.741
     2.095
     2.076
     1.729
     2.385
     2.264
     1.868
     2.592
     1.976
     2.233
     1.521
     1.690
     1.944
     1.890
     1.854
     2.153
     2.412
     1.909
     0.925
     1.922
     2.097
     1.954
     2.025
     1.995
     1.997
     2.149
     2.117
     2.650
     2.316
     2.228
     1.272
     2.354
     2.265
     2.086
     2.083
     2.129
     2.418
     1.914
     2.398
     1.768
     2.146
     2.466
     1.868
     2.400
     2.111
     1.927
     2.012
     2.591
     2.378
     2.538
     2.184
     1.824
     1.982
     2.300
     2.392
     1.894
     1.913
     2.106
     2.256
     2.036
     1.978
     2.418
     2.417
     2.311
     2.479
     2.194
     2.256
     2.107
     1.891
     2.027
     2.093
     2.086
     2.085
     2.182
     1.852
     2.675
     1.036
     2.526
     2.207
     0.925
     2.043
     2.191
     2.311
     2.334
     2.402
     2.134
     2.095
     2.139
     2.497
     2.336
     2.268
     2.193
     2.286
     1.818
     2.191
     2.267
     2.284
     2.032
     2.323
     1.919
     2.350
     2.003
     1.157
     2.287
     2.299
     1.988
     1.159
     2.050
     2.094
     1.856
     2.026
     1.992
     1.878
     1.996
     2.013
     2.489
     2.264
     1.884
     1.615
     1.335
     2.031
     2.029
     2.441
     2.110
     1.798
     2.408
     1.955
     2.014
     1.958
     2.516
     2.069
     2.018
     2.014
     2.011
     2.186
     2.407
     2.439
     2.471
     1.584
     2.576
     2.436
     1.967
     2.137
     2.136
     1.986
     1.985
     1.939
     2.255
     2.451
     1.887
     2.383
     1.187
     0.862
     2.149
     1.953
     1.983
     2.043
     2.021
     2.125
     2.459
     1.874
     1.252
     2.843
     2.195
     2.154
     2.351
     1.696
     2.631
     1.837
     2.187
     2.287
     2.067
     2.105
     2.143
     2.382
     2.544
     2.026
     2.030
     2.161
     1.893
     1.621
     1.889
     2.292
     2.041
     2.058
     1.983
     1.933
     1.997
     1.826
     2.112
     2.095
     2.185
     2.357
     1.961
     2.301
     2.041
     2.464
     2.582
     1.948
     2.425
     2.465
     2.072
     1.928
     2.098
     1.826
     1.924
     2.297
     2.290
     2.179
     1.989
     1.898
     2.443
     2.266
     1.846
     2.039
     1.724
     1.900
     1.850
     1.255
     2.116
     1.690
     2.183
     2.456
     1.929
     1.663
     2.098
     2.471
     2.737
     2.451
     2.160
     1.883
     1.727
     2.415
     2.380
     2.303
     2.024
     2.313
     1.904
     1.817
     2.205
     1.973
     2.049
     2.430
     1.826
     2.068
     2.117
     2.278
     2.264
     1.736
     1.069
     2.413
     2.006
     1.908
     2.124
     2.170
     2.001
     2.173
     2.426
     2.348
     2.400
     2.368
     2.307
     1.987
     1.892
     0.586
     1.878
     1.046
     1.939
     1.850
     1.854
     2.196
     1.952
     2.419
     2.440
     2.708
     1.914
     2.522
     1.863
     2.216
     1.981
     0.669
     1.855
     2.290
     2.151
     1.391
     1.912
     2.587
     1.894
     1.819
     1.912
     2.288
     2.201
     1.975
     2.543
     2.610
     1.859
     2.033
     2.402
     2.736
     1.941
     2.182
     1.888
     2.128
     1.863
     1.975
     2.228
     2.135
     1.579
     2.170
     2.332
     1.956
     1.168
     2.002
     2.431
     1.926
     1.981
     2.345
     1.946
     2.104
     2.538
     2.562
     2.145
     2.291
     2.196
     2.232
     1.868
     2.455
     2.057
     1.892
     1.838
     2.147
     2.092
     2.466
     1.971
     2.328
     2.165
     2.080
     2.151
     2.230
     2.227
     1.942
     2.095
     1.555
     2.620
     2.155
     1.834
     2.383
     2.382
     2.348
     1.992
     2.347
     1.840
     1.178
     1.985
     1.940
     1.987
     2.084
     2.119
     2.078
     2.379
     1.433
     0.840
     2.533
     1.862
     2.258
     2.315
     1.956
     2.164
     1.933
     1.861
     2.101
     2.223
     2.651
     1.671
     2.052
     2.086
     1.255
     2.464
     1.991
     2.189
     2.621
     2.384
     2.008
     1.937
     2.226
     1.843
     2.030
     2.480
     2.662
     2.350
     2.026
     1.865
     2.373
     1.927
     1.943
     2.274
     2.435
     1.915
     1.970
     2.409
     1.511
     2.078
     1.999
     1.879
     2.784
     1.069
     1.964
     2.197
     2.449
     2.205
     2.284
     1.537
     2.167
     1.800
     1.385
     2.063
     2.062
     2.318
     2.494
     2.636
     2.500
     1.010
     1.751
     1.808
     2.038
     2.467
     2.421
     2.578
     1.600
     2.608
     1.854
     2.380
     1.883
     2.399
     2.435
     1.393
     2.357
     1.835
     2.173
     2.075
     1.653
     2.560
     2.179
     1.824
     1.927
     2.142
     1.846
     2.669
     1.961
     2.393
     2.027
     1.901
     1.811
     2.377
     1.848
     1.884
     2.807
     1.873
     1.894
     2.243
     2.105
     1.974
     2.038
     1.411
     1.117
     1.801
     2.241
     2.218
     2.025
     1.880
     2.455
     1.962
     1.816
     2.084
     1.882
     1.125
     1.891
     0.829
     2.200
     2.411
     1.915
     2.411
     1.837
     1.852
     0.915
     1.865
     2.437
     1.842
     1.804
     2.417
     2.119
     2.199
     2.382
     2.479
     1.778
     2.307
     2.040
     1.932
     2.365
     1.972
     1.671
     1.847
     2.043
     2.035
     2.506
     2.014
     1.239
     1.791
     2.506
     1.794
     2.634
     1.759
     2.085
     2.182
     2.156
     2.194
     2.075
     2.567
     2.176
     2.357
     2.115
     1.976
     2.311
     2.380
     1.821
     2.327
     2.451
     1.288
     2.652
     2.704
     1.916
     1.618
     2.396
     2.278
     1.575
     1.900
     2.348
     2.220
     1.937
     2.132
     2.130
     1.992
     2.422
     2.341
     1.823
     2.028
     1.989
     2.299
     1.903
     2.210
     1.729
     1.890
     2.296
     1.744
     1.818
     1.893
     2.037
     2.475
     2.057
     2.286
     1.891
     1.840
     2.148
     2.334
     2.269
     2.090
     1.505
     2.180
     1.936
     2.430
     1.883
     1.469
     2.092
     2.023
     2.397
     1.965
     2.363
     2.342
     2.442
     1.293
     1.942
     2.143
     2.175
     2.250
     0.784
     2.303
     0.864
     1.916
     1.968
     1.783
     2.200
     2.256
     2.154
     1.867
     1.831
     2.201
     2.209
     1.316
     1.936
     0.663
     2.437
     2.005
     2.382
     1.902
     1.717
     1.861
     2.427
     2.465
     2.486
     1.919
     2.648
     2.338
     2.026
     1.920
     2.571
     2.732
     2.104
     2.491
     1.568
     2.114
     1.927
     1.041
     1.870
     2.309
     2.199
     2.054
     2.340
     2.370
     2.433
     2.356
     2.500
     1.578
     1.999
     1.033
     2.329
     2.118
     1.992
     2.070
     1.867
     2.471
     2.138
     2.351
     2.139
     1.816
     1.924
     1.985
     2.471
     2.267
     1.804
     1.810
     2.384
     1.942
     2.168
     1.893
     1.885
     1.898
     2.362
     1.252
     2.100
     2.015
     1.867
     1.843
     2.284
     2.228
     1.979
     2.434
     1.967
     2.020
     1.863
     2.369
     1.934
     1.377
     1.914
     1.692
     2.256
     1.722
     2.030
     1.611
     1.814
     1.918
     1.848
     2.444
     1.990
     2.442
     2.411
     2.610
     1.841
     1.871
     2.071
     2.009
     2.088
     1.883
     1.988
     2.399
     1.352
     1.943
     1.856
     2.598
     2.463
     1.990
     1.940
     1.936
     2.104
     1.880
     2.085
     2.222
     2.259
     2.507
     2.088
     2.022
     2.574
     2.193
     2.048
     1.877
     2.128
     2.058
     2.075
     2.260
     2.388
     2.245
     1.918
     1.910
     1.913
     2.070
     2.096
     1.251
     2.113
     2.370
     2.339
     1.832
     2.018
     1.992
     2.641
     1.896
     1.938
     1.948
     2.352
     2.416
     1.973
     1.881
     1.917
     1.983
     2.741
     2.452
     1.966
     2.027
     1.872
     2.318
     2.133
     2.494
     1.863
     1.962
     2.002
     1.941
     2.363
     2.148
     2.250
     1.636
     1.908
     2.508
     2.668
     1.819
     1.744
     1.924
     1.701
     1.924
     2.455
     2.728
     2.674
     1.830
     2.081
     1.962
     2.081
     2.002
     1.419
     1.806
     2.630
     2.181
     2.486
     1.920
     1.908
     1.967
     2.058
     1.119
     1.903
     1.451
     2.433
     1.545
     2.236
     2.283
     1.882
     2.231
     2.000
     2.483
     2.254
     2.053
     1.959
     2.251
     2.186
     1.883
     1.967
     1.971
     1.814
     2.239
     1.867
     1.220
     2.326
     2.141
     2.245
     1.853
     2.526
     2.110
     2.282
     2.092
     2.062
     2.382
     2.346
     1.339
     1.881
     0.896
     1.664
     1.838
     2.335
     1.937
     2.136
     1.975
     2.386
     2.330
     1.891
     1.800
     2.482
     2.095
     2.136
     1.935
     2.057
     1.271
     1.913
     1.914
     2.304
     1.995
     1.512
     2.188
     2.584
     2.206
     1.841
     1.893
     2.553
     2.437
     1.951
     2.267
     2.161
     1.864
     2.624
     0.987
     2.099
     2.243
     1.942
     2.018
     2.324
     1.987
     2.378
     2.020
     1.895
     2.438
     1.854
     2.067
     1.947
     1.937
     2.173
     2.258
     2.048
     2.651
     2.013
     1.310
     1.867
     1.060
     2.304
     2.206
     2.145
     2.219
     1.952
     1.957
     1.746
     1.877
     1.910
     1.983
     1.871
     2.295
     2.441
     1.894
     2.364
     2.276
     1.932
     2.161
     1.872
     1.867
     2.065
     2.025
     2.549
     2.421
     2.346
     1.956
     1.992
     2.451
     1.913
     2.376
     1.819
     2.077
     1.954
     2.006
     1.561
     2.538
     1.932
     2.288
     2.057
     1.957
     1.702
     1.929
     2.355
     2.375
     2.052
     1.913
     1.809
     2.196
     1.895
     2.397
     1.908
     2.369
     2.500
     1.816
     1.828
     2.326
     0.895
     2.505
     2.043
     2.430
     2.281
     1.525
     1.862
     2.079
     1.834
     1.967
     2.507
     1.752
     2.255
     2.103
     1.880
     2.323
     1.873
     2.327
     2.014
     2.382
     2.366
     2.617
     2.509
     1.958
     2.648
     2.249
     1.915
     2.129
     2.326
     1.973
     1.949
     2.077
     1.904
     1.817
     2.130
     2.364
     2.109
     2.142
     2.037
     1.923
     1.699
     2.420
     2.481
     2.425
     2.205
     2.823
     2.608
     2.131
     2.026
     2.002
     2.750
     1.470
     2.373
     1.990
     1.933
     1.841
     2.199
     1.912
     2.570
     2.119
     2.193
     1.513
     1.942
     1.948
     1.923
     2.531
     2.423
     0.720
     2.077
     2.075
     2.621
     2.598
     1.881
     2.570
     2.302
     1.993
     1.914
     2.401
     2.545
     2.129
     2.709
     2.211
     2.306
     2.422
     2.309
     2.451
     1.338
     2.092
     2.082
     1.963
     1.250
     1.797
     1.905
     2.047
     2.235
     1.915
     1.838
     2.000
     2.350
     2.599
     1.917
     1.091
     2.241
     1.985
     2.479
     2.551
     1.912
     1.143
     1.988
     2.024
     2.350
     2.644
     2.462
     0.869
     2.607
     2.618
     2.345
     2.333
     1.879
     2.220
     2.438
     2.119
     1.975
     1.968
     2.272
     2.317
     2.722
     1.764
     1.836
     1.878
     1.835
