     2.311
     2.288
     2.330
     2.344
     2.351
     2.345
     2.303
     2.264
     2.266
     2.268
     2.263
     2.291
     2.337
     2.361
     2.367
     2.369
     2.360
     2.352
     2.345
     2.339
     2.334
     2.342
     2.348
     2.342
     2.324
     2.309
     2.305
     2.319
     2.342
     2.356
     2.369
     2.365
     2.355
     2.327
     2.320
     2.295
     2.276
     2.244
     2.249
     2.274
     2.388
     2.450
     2.499
     2.568
     2.622
     2.723
     2.799
     2.846
     2.869
     2.876
     2.875
     2.867
     2.879
     2.863
     2.853
     2.833
     2.824
     2.801
     2.774
     2.753
     2.730
     2.713
     2.718
     2.734
     2.732
     2.735
     2.737
     2.741
     2.743
     2.726
     2.705
     2.693
     2.678
     2.654
     2.629
     2.641
     2.664
     2.714
     2.794
     2.859
     2.893
     2.898
     2.863
     2.847
     2.841
     2.841
     2.907
     2.950
     3.035
     3.093
     3.114
     3.129
     3.141
     3.145
     3.138
     3.141
     3.138
     3.135
     3.124
     3.104
     3.038
     2.992
     2.953
     2.947
     2.961
     2.984
     2.999
     3.038
     3.053
     3.076
     3.098
     3.120
     3.128
     3.121
     3.103
     3.089
     3.050
     3.035
     2.989
     2.969
     2.941
     2.911
     2.887
     2.841
     2.780
     2.684
     2.559
     2.428
     2.233
     2.060
     2.018
     2.086
     2.045
     2.022
     2.049
     2.075
     2.129
     2.196
     2.384
     2.451
     2.474
     2.491
     2.569
     2.631
     2.673
     2.705
     2.735
     2.746
     2.746
     2.764
     2.774
     2.760
     2.719
     2.660
     2.625
     2.657
     2.694
     2.721
     2.764
     2.791
     2.767
     2.689
     2.586
     2.451
     2.151
     1.947
     1.814
     1.901
     1.968
     2.011
     2.039
     2.088
     2.132
     2.162
     2.203
     2.246
     2.331
     2.368
     2.403
     2.483
     2.558
     2.668
     2.783
     2.926
     3.033
     3.093
     3.113
     3.117
     3.113
     3.112
     3.095
     3.066
     3.029
     2.986
     2.948
     2.898
     2.865
     2.839
     2.813
     2.785
     2.746
     2.707
     2.662
     2.618
     2.578
     2.524
     2.455
     2.362
     2.296
     2.340
     2.358
     2.337
     2.313
     2.302
     2.338
     2.390
     2.411
     2.430
     2.422
     2.401
     2.362
     2.242
     2.141
     1.918
     1.838
     2.020
     2.143
     2.279
     2.391
     2.479
     2.537
     2.591
     2.592
     2.597
     2.596
     2.597
     2.563
     2.537
     2.508
     2.477
     2.427
     2.396
     2.433
     2.530
     2.535
     2.519
     2.495
     2.477
     2.456
     2.435
     2.429
     2.420
     2.411
     2.401
     2.380
     2.371
     2.358
     2.334
     2.311
     2.281
     2.247
     2.206
     2.169
     2.148
     2.149
     2.141
     2.145
     2.155
     2.162
     2.162
     2.211
     2.249
     2.276
     2.295
     2.895
     1.714
     2.257
     2.579
     2.677
     2.371
     2.540
     2.172
     1.942
     2.320
     2.765
     2.557
     2.828
     2.254
     2.561
     2.121
     2.372
     2.769
     2.392
     2.252
     1.066
     2.468
     2.661
     2.219
     2.904
     2.633
     2.869
     2.211
     3.016
     2.678
     2.883
     2.467
     2.287
     2.191
     2.264
     1.195
     2.468
     2.287
     2.119
     2.443
     2.293
     1.437
     2.145
     2.320
     2.572
     2.724
     2.490
     2.416
     2.292
     2.744
     2.701
     2.121
     3.005
     3.107
     2.102
     2.949
     2.510
     2.873
     1.926
     2.823
     2.757
     2.523
     2.622
     2.644
     2.688
     1.184
     2.376
     2.799
     2.594
     2.269
     2.825
     0.818
     2.822
     2.245
     2.294
     2.788
     2.180
     2.747
     3.071
     2.396
     2.294
     2.358
     1.014
     2.247
     2.542
     2.111
     2.321
     2.851
     2.642
     1.663
     2.029
     2.337
     1.821
     2.273
     1.872
     2.471
     2.227
     2.271
     3.074
     2.604
     2.279
     2.761
     1.667
     2.485
     2.312
     2.199
     2.394
     2.327
     2.229
     2.487
     2.351
     2.509
     2.162
     3.308
     2.720
     3.060
     2.204
     2.577
     2.306
     2.966
     2.663
     2.449
     1.892
     1.933
     2.841
     2.303
     2.375
     2.624
     2.617
     2.224
     2.949
     2.676
     2.296
     2.581
     3.097
     1.694
     2.930
     2.716
     2.505
     1.912
     2.105
     2.646
     2.518
     1.952
     2.442
     2.655
     2.423
     2.303
     2.317
     2.126
     2.600
     1.478
     2.008
     2.161
     2.686
     1.844
     1.997
     2.345
     2.395
     2.904
     2.553
     2.356
     2.312
     2.315
     1.491
     3.199
     2.469
     3.399
     1.966
     2.713
     2.948
     2.504
     2.293
     2.530
     2.367
     1.915
     2.224
     2.145
     2.367
     2.241
     2.782
     2.332
     2.368
     2.514
     2.967
     2.479
     2.278
     2.382
     2.202
     1.281
     2.756
     2.324
     2.309
     2.803
     2.637
     2.813
     2.312
     2.609
     2.299
     2.349
     2.835
     2.802
     2.496
     2.789
     2.278
     2.092
     2.299
     2.678
     2.421
     2.613
     2.639
     2.803
     2.294
     2.462
     2.624
     2.345
     2.382
     2.043
     2.718
     1.330
     2.552
     2.334
     2.182
     2.754
     2.797
     1.505
     2.399
     2.070
     2.073
     1.387
     2.708
     1.165
     2.743
     2.811
     3.239
     2.514
     2.650
     2.976
     2.124
     1.128
     2.886
     2.933
     1.884
     3.055
     2.156
     2.321
     2.765
     2.279
     2.366
     2.440
     2.231
     2.200
     2.236
     2.111
     2.361
     2.511
     2.050
     2.307
     2.663
     2.923
     2.718
     2.586
     2.086
     2.421
     2.250
     2.217
     3.014
     3.104
     1.869
     2.354
     2.394
     2.896
     2.727
     2.547
     1.418
     1.270
     2.931
     2.674
     2.519
     2.350
     2.692
     2.231
     2.394
     2.284
     2.288
     2.542
     3.008
     2.628
     2.632
     2.201
     2.475
     2.601
     2.205
     2.904
     2.396
     2.264
     1.985
     2.290
     2.518
     2.639
     2.785
     2.286
     2.162
     2.397
     2.731
     2.637
     2.874
     2.841
     2.194
     2.342
     2.359
     2.883
     2.299
     3.029
     1.885
     2.182
     2.751
     2.396
     2.861
     2.196
     2.222
     3.071
     2.334
     2.529
     2.757
     2.833
     1.186
     2.333
     3.261
     2.234
     2.835
     2.774
     2.849
     2.003
     2.314
     2.140
     3.075
     2.781
     3.160
     2.684
     2.208
     2.236
     2.322
     2.244
     2.573
     2.132
     1.813
     2.190
     2.227
     2.297
     2.005
     2.568
     2.768
     2.492
     2.685
     2.269
     2.479
     2.335
     2.177
     3.120
     2.355
     2.162
     2.459
     2.256
     2.472
     2.981
     2.065
     2.986
     2.324
     2.557
     2.367
     2.155
     2.294
     2.057
     2.355
     2.822
     2.483
     2.222
     0.936
     2.732
     1.431
     2.229
     2.197
     2.385
     2.516
     2.522
     2.381
     2.312
     2.969
     2.534
     2.646
     2.340
     2.600
     3.031
     2.515
     2.311
     1.067
     2.531
     3.331
     3.179
     2.321
     2.521
     2.311
     2.443
     2.318
     1.626
     1.575
     2.360
     2.311
     2.157
     2.636
     2.728
     2.217
     2.752
     2.830
     2.778
     2.439
     1.759
     1.709
     2.671
     2.546
     1.650
     2.372
     2.610
     2.123
     2.863
     2.357
     2.291
     2.745
     2.417
     2.231
     2.278
     2.912
     2.511
     2.309
     2.186
     2.136
     2.196
     2.599
     2.608
     2.362
     2.199
     2.384
     2.548
     2.457
     2.115
     2.410
     2.898
     3.287
     1.660
     3.289
     2.206
     2.488
     2.492
     2.778
     2.303
     2.378
     2.412
     2.653
     1.648
     3.112
     2.211
     2.265
     1.687
     1.462
     2.397
     2.309
     2.763
     2.727
     2.363
     2.386
     2.173
     2.848
     2.717
     2.755
     2.320
     2.638
     3.208
     2.280
     2.207
     2.699
     1.725
     2.959
     2.636
     2.603
     2.272
     2.543
     2.139
     2.302
     2.898
     2.797
     2.454
     2.650
     1.903
     2.359
     2.513
     1.908
     2.313
     2.248
     2.132
     3.240
     2.994
     2.815
     2.145
     2.746
     2.985
     3.048
     2.371
     2.295
     1.824
     2.623
     2.287
     1.799
     2.313
     0.858
     2.767
     2.290
     2.388
     2.136
     2.359
     2.788
     2.005
     2.490
     2.496
     2.745
     2.311
     2.861
     2.079
     1.368
     2.232
     1.965
     2.991
     2.190
     2.196
     2.653
     2.217
     2.802
     2.588
     1.397
     2.701
     2.843
     2.599
     2.698
     1.782
     2.157
     2.184
     2.212
     2.313
     2.472
     2.372
     2.293
     2.829
     2.332
     2.924
     2.667
     2.282
     2.386
     2.712
     2.846
     2.253
     2.321
     2.729
     2.336
     2.344
     3.120
     2.448
     2.484
     2.767
     2.613
     1.067
     2.896
     1.588
     1.727
     2.554
     2.811
     2.254
     1.970
     2.326
     2.319
     2.534
     2.179
     2.881
     2.283
     2.272
     2.718
     2.736
     2.808
     2.235
     2.739
     2.582
     2.630
     2.348
     2.453
     2.168
     2.249
     2.728
     2.032
     2.720
     2.265
     2.725
     2.897
     2.375
     1.458
     2.480
     2.335
     1.047
     1.845
     2.297
     1.472
     2.415
     2.404
     2.194
     2.769
     2.396
     2.619
     2.294
     2.349
     2.402
     2.537
     1.493
     2.577
     2.753
     2.553
     2.348
     1.609
     2.357
     2.587
     2.202
     2.687
     2.280
     2.725
     2.172
     2.439
     2.238
     2.218
     2.214
     2.293
     2.776
     2.831
     2.301
     2.370
     2.402
     2.300
     2.104
     1.709
     2.851
     2.661
     2.353
     2.246
     2.522
     1.706
     2.669
     2.599
     2.934
     2.588
     2.384
     2.471
     2.450
     0.805
     2.805
     2.584
     2.372
     2.864
     2.502
     2.403
     3.248
     2.232
     2.346
     2.274
     2.617
     2.224
     2.828
     2.938
     2.901
     0.829
     2.625
     2.639
     2.509
     0.954
     2.394
     3.026
     2.504
     2.885
     2.960
     2.279
     2.635
     2.209
     2.435
     2.272
     2.709
     2.436
     2.543
     1.998
     2.298
     2.375
     2.767
     2.879
     3.052
     1.596
     2.292
     2.722
     2.288
     2.743
     2.707
     2.806
     2.747
     2.584
     2.704
     2.284
     3.350
     1.416
     2.484
     2.747
     3.088
     2.301
     2.443
     2.369
     2.877
     1.602
     2.124
     2.539
     2.044
     2.824
     1.657
     2.152
     2.653
     2.679
     2.785
     2.102
     2.805
     3.318
     2.564
     2.833
     2.249
     3.043
     2.315
     2.776
     2.252
     3.256
     2.856
     2.243
     2.400
     2.003
     3.156
     2.400
     2.300
     1.236
     2.839
     2.337
     2.152
     2.260
     1.989
     2.787
     2.434
     2.360
     3.006
     2.457
     2.397
     2.737
     2.263
     2.653
     2.274
     2.662
     2.340
     2.781
     3.165
     2.340
     2.325
     2.567
     1.983
     2.812
     2.704
     2.638
     2.836
     2.655
     2.346
     2.260
     2.303
     2.875
     2.966
     1.976
     3.038
     2.833
     2.260
     2.426
     2.586
     2.802
     2.483
     1.973
     2.456
     2.323
     0.649
     2.585
     2.267
     1.911
     2.570
     2.852
     1.932
     2.595
     2.816
     2.832
     2.351
     2.185
     2.616
     2.666
     2.266
     2.323
     2.264
     2.266
     1.986
     2.790
     2.065
     2.896
     2.330
     1.329
     2.321
     2.265
     2.276
     2.688
     2.952
     2.339
     2.749
     2.510
     0.993
     2.276
     2.238
     2.115
     2.582
     2.298
     2.081
     2.886
     2.337
     2.893
     3.002
     2.350
     2.223
     2.356
     2.717
     2.342
     2.550
     2.633
     2.254
     2.672
     2.577
     1.920
     2.858
     1.712
     2.338
     2.686
     2.477
     2.902
     0.810
     2.640
     2.885
     2.745
     2.961
     2.291
     3.103
     2.852
     2.559
     2.198
     2.328
     2.333
     3.107
     2.464
     2.124
     2.176
     2.175
     2.539
     2.379
     0.792
     2.973
     2.403
     2.410
     2.957
     2.625
     2.281
     1.842
     2.778
     1.860
     2.740
     2.179
     2.063
     2.140
     2.455
     2.328
     2.316
     2.302
     2.202
     2.250
     2.472
     2.956
     2.765
     3.009
     2.394
     1.266
     2.464
     2.307
     2.536
     2.521
     2.444
     2.394
     1.989
     2.592
     2.652
     2.437
     2.442
     2.824
     2.272
     2.233
     3.229
     2.506
     2.789
     2.211
     2.352
     2.154
     1.878
     2.483
     2.244
     2.937
     2.696
     2.670
     2.906
     2.339
     2.270
     2.265
     2.801
     1.830
     2.907
     3.218
     2.866
     2.311
     2.349
     1.227
     2.433
     2.021
     2.593
     2.217
     2.263
     2.854
     2.517
     2.380
     2.238
     2.372
     2.203
     3.068
     1.719
     2.294
     2.859
     2.905
     2.633
     2.362
     2.330
     2.334
     2.167
     2.700
     1.952
     2.330
     2.742
     2.295
     2.717
     2.389
     0.878
     2.165
     2.714
     2.234
     1.298
     2.496
     2.550
     3.016
     2.516
     2.656
     2.468
     2.775
     2.639
     2.769
     1.434
     1.374
     2.676
     2.494
     2.302
     2.015
     2.534
     2.816
     2.311
     1.265
     2.843
     1.928
     2.900
     2.363
     2.243
     2.763
     2.195
     2.362
     2.171
     2.456
     3.300
     2.627
     2.760
     2.839
     2.278
     2.360
     2.680
     2.345
     3.137
     2.511
     2.709
     0.952
     2.408
     2.067
     2.289
     2.402
     3.147
     2.344
     2.772
     2.254
     3.061
     2.247
     2.610
     2.555
     2.408
     2.250
     2.164
     2.915
     2.278
     2.605
     2.335
     2.538
     2.712
     2.513
     2.635
     2.551
     2.719
     2.733
     3.045
     2.325
     2.993
     2.845
     2.521
     2.274
     2.416
     1.717
     2.428
     2.622
     2.223
     2.177
     2.287
     2.374
     2.525
     2.354
     2.334
     1.934
     2.425
     2.574
     1.226
     2.468
     2.903
     2.862
     2.144
     2.219
     2.357
     2.818
     2.202
     3.218
     2.266
     2.301
     2.194
     2.451
     2.555
     2.616
     3.056
     2.257
     3.040
     3.152
     2.286
     2.269
     2.125
     3.246
     2.640
     2.412
     2.236
     2.991
     2.236
     2.503
     2.666
     2.978
     2.325
     2.187
     2.308
     1.524
     2.381
     2.208
     2.505
     1.832
     2.288
     2.624
     2.282
     2.762
     2.333
     1.887
     2.740
     2.333
     2.723
     2.132
     2.166
     2.798
     1.884
     2.988
     2.581
     2.135
     2.288
     2.388
     2.458
     2.658
     2.558
     1.850
     2.930
     1.445
     1.382
     3.014
     2.166
     2.149
     2.269
     2.232
     2.231
     2.691
     2.124
     2.246
     2.415
     2.260
     2.836
     2.328
     3.262
     2.647
     2.561
     2.317
     2.328
     2.247
     2.313
     2.446
     2.724
     2.224
     2.527
     1.732
     2.263
     2.717
     2.786
     2.175
     2.342
     2.207
     2.570
     2.309
     2.963
     2.923
     2.577
     2.915
     2.532
     2.246
     3.018
     2.288
     2.082
     2.219
     2.081
     1.380
     2.784
     2.780
     2.393
     2.203
     2.525
     2.500
     2.272
     1.667
     2.317
     2.841
     2.342
     2.909
     2.343
     2.773
     2.215
     2.350
     2.749
     2.484
     1.035
     2.165
     2.343
     1.315
     2.462
     2.754
     2.266
     2.067
     2.828
     2.865
     2.371
     2.523
     2.299
     2.309
     2.519
     2.053
     2.742
     1.477
     2.411
     2.870
     2.888
     2.814
     2.356
     2.330
     2.294
     2.470
     2.248
     2.329
     2.515
     2.813
     2.510
     1.776
     2.167
     2.398
     2.629
     2.690
     2.135
     2.910
     2.614
     3.074
     2.572
     2.695
     2.337
     2.533
     2.601
     2.389
     3.319
     2.170
     2.731
     2.167
     2.564
     1.566
     2.613
     2.206
     2.427
     2.114
     2.559
     2.044
     2.226
     2.213
     1.887
     2.301
     2.320
     2.310
     2.268
     2.150
     2.662
     2.205
     1.574
     1.024
     3.231
     2.654
     2.613
     2.359
     2.268
     2.832
     2.342
     2.487
     3.028
     2.388
     2.273
     2.822
     3.167
     2.818
     2.767
     2.322
     2.655
     2.883
     2.141
     2.816
     2.101
     2.556
     2.380
     2.280
     2.421
     3.077
     1.485
     2.430
     2.508
     2.126
     2.732
     2.316
     2.420
     2.232
     3.063
     3.124
     2.365
     2.346
     2.753
     2.827
     2.316
     2.787
     2.417
     2.697
     3.115
     2.615
     2.755
     2.887
     2.813
     3.131
     2.130
     2.074
     2.504
     3.322
     0.795
     2.661
     2.329
     2.681
     2.894
     2.293
     2.457
     2.349
     2.906
     2.220
     2.917
     2.308
     2.483
     1.594
     3.000
     2.472
     1.271
     2.325
     2.246
     2.418
     2.480
     2.385
     2.167
     3.282
     2.404
     2.276
     3.054
     3.102
     2.320
     2.310
     2.839
     2.385
     2.346
     1.803
     2.507
     2.291
     2.189
     2.723
     2.761
     2.672
     2.829
     1.705
     0.986
     2.145
     1.990
     3.226
     2.179
     1.606
     2.533
     2.347
     2.061
     2.378
     2.155
     1.188
     1.354
     2.819
     2.393
     2.336
     2.312
     2.232
     2.960
     2.001
     1.354
     2.520
     2.835
     2.447
     2.061
     2.661
     2.139
     2.277
     2.306
     1.429
     2.259
     2.828
     2.306
     2.259
     2.730
     2.222
     2.460
     2.503
     2.486
     2.442
     2.985
     2.810
     2.845
     2.101
     2.276
     2.624
     2.314
     1.744
     1.513
     2.414
     1.632
     2.527
     3.022
     2.120
     2.390
     2.544
     2.487
     2.329
     2.918
     2.654
     2.344
     2.361
     2.255
     1.724
     2.362
     3.065
     2.602
     1.897
     2.846
     2.161
     2.672
     1.658
     2.829
     2.551
     2.418
     2.580
     1.396
     2.908
     2.325
     2.226
     3.132
     2.554
     1.988
     1.518
     1.979
     2.809
     2.216
     2.229
     2.269
     1.411
     2.570
     1.226
     2.372
     2.287
     2.537
     2.459
     2.525
     3.016
     2.322
     2.299
     2.434
     2.717
     2.720
     2.109
     2.664
     1.967
     2.721
     2.119
     2.263
     2.364
     2.360
     2.383
     2.381
     2.379
     2.207
     2.553
     2.035
     2.704
     2.334
     2.743
     2.412
     2.543
     2.644
     2.821
     2.109
     2.381
     2.529
     2.424
     2.082
     2.303
     3.035
     3.220
     2.291
     2.411
     2.112
     2.580
     2.448
     2.738
     2.551
     2.287
     2.185
     2.892
     2.517
     2.605
     2.420
     2.283
     2.354
     2.188
     2.272
     2.391
     2.247
     2.586
     2.276
     2.387
     2.312
     2.290
     1.362
     2.188
     2.449
     2.907
     2.661
     2.794
     2.864
     2.222
     2.348
     2.704
     2.529
     3.021
     2.485
     2.017
     3.002
     2.823
     3.375
     2.655
     2.686
     2.452
     2.855
     2.285
     2.159
     1.288
     2.765
     2.790
     2.271
     2.671
     2.713
     2.047
     2.823
     2.633
     2.640
     3.198
     2.459
     2.546
     2.146
     1.994
     2.691
     2.565
     2.027
     3.244
     2.292
     1.364
     2.366
     2.611
     2.621
     1.717
     2.251
     3.182
     1.672
     2.758
     2.318
     2.646
     2.068
     2.284
     2.968
     2.272
     2.837
     2.340
     2.501
     2.141
     2.309
     2.204
     2.137
     2.765
     2.989
     2.990
     2.260
     1.975
     2.798
     2.156
     1.685
     2.763
     2.688
     2.600
     1.940
     2.449
     2.024
     2.390
     1.179
     2.954
     2.512
     2.202
     2.083
     2.637
     2.288
     2.439
     2.147
     2.788
     2.297
     2.440
     2.280
     2.323
     2.526
     2.327
     2.249
     2.179
     2.714
     2.594
     2.243
     2.531
     1.893
     2.461
     2.177
     3.149
     2.381
     2.386
     1.524
     2.607
     2.878
     3.204
     2.648
     2.595
     1.812
     2.950
     2.919
     2.373
     3.076
     2.540
     2.699
     2.565
     2.410
     2.389
     2.321
     2.333
     1.956
     2.607
     1.326
     1.613
     2.506
     2.769
     2.655
     2.682
     2.276
     2.169
     2.719
     2.908
     2.647
     2.268
     2.506
     2.306
     2.276
     2.340
     2.438
     2.229
     2.444
     2.166
     2.334
     2.888
     1.722
     0.804
     2.850
     2.209
     2.303
     2.374
     2.407
     2.637
     2.222
     1.772
     3.354
     2.732
     2.260
     3.000
     2.610
     2.502
     2.345
     1.594
     2.275
     2.791
     2.305
     2.675
     2.813
     2.297
     2.304
     1.315
     2.278
     2.707
     2.541
     2.290
     2.275
     2.196
     3.026
     2.490
     2.517
     2.381
     3.184
     2.433
     2.869
     2.734
     2.388
     2.322
     2.165
     2.796
     2.365
     1.016
     2.359
     2.332
     2.551
     1.411
     1.783
     2.605
     2.557
     2.606
     2.433
     2.320
     2.388
     2.814
     1.577
     2.342
     2.719
     2.104
     2.558
     2.282
     2.623
     2.828
     2.546
     2.700
     2.174
     2.717
     1.399
     2.515
     1.500
     2.427
     1.575
     3.223
     2.111
     2.376
     2.422
     2.682
     2.897
     2.500
     1.725
     2.648
     2.209
     2.252
     1.877
     2.347
     2.366
     1.980
     1.854
     2.400
     2.781
     2.769
     2.758
     3.043
     2.553
     2.085
     2.369
     2.253
     2.663
     2.937
     2.197
     1.897
     2.239
     2.864
     2.667
     2.854
     2.244
     2.349
     2.348
     2.047
     2.573
     2.816
     2.839
     2.937
     2.370
     2.331
     2.521
     2.666
     2.271
     2.282
     2.263
     2.293
     2.544
     2.318
     2.149
     2.222
     2.753
     2.715
     3.087
     2.289
     1.112
     2.326
     2.381
     2.792
     2.829
     2.369
     2.291
     2.739
     2.266
     2.188
     2.668
     2.406
     1.841
     2.779
     1.027
     1.792
     3.058
     2.756
     2.840
     2.840
     2.588
     2.646
     2.637
     2.636
     2.227
     2.733
     2.447
     2.534
     2.652
     2.441
     2.233
     2.206
     1.562
     2.288
     2.181
     2.350
     2.450
     2.563
     2.398
     2.740
     2.553
     2.339
     2.461
     2.951
     2.588
     2.311
     2.264
     2.812
     2.672
     2.355
     2.783
     3.300
     2.266
     2.331
     2.463
     2.558
     2.622
     2.482
     2.649
     2.313
     2.409
     2.277
     2.848
     2.586
     2.948
     1.184
     2.183
     2.379
     2.773
     2.352
     2.443
     2.228
     2.249
     2.248
     2.216
     1.136
     2.312
     2.642
     2.240
     2.219
     2.291
     2.574
     1.397
     1.497
     2.706
     2.708
     2.736
     2.536
     2.814
     1.641
     2.503
     2.307
     2.299
     2.661
     2.077
     2.123
     2.250
     2.205
     2.303
     2.528
     2.797
     2.238
     2.870
     2.654
     2.226
     2.325
     3.126
     2.692
     2.226
     2.802
     2.939
     2.108
     2.355
     1.832
     1.706
     2.346
     2.433
     3.188
     3.117
     2.025
     2.385
     2.558
     2.693
     2.358
     1.559
     1.573
     2.250
     2.091
     2.272
     3.291
     2.358
     2.216
     3.357
     2.148
     1.888
     1.749
     2.674
     2.204
     2.723
     2.451
     1.221
     2.366
     2.758
     2.669
     2.459
     2.498
     2.044
     2.459
     3.272
     1.949
     2.752
     2.444
     2.845
     2.645
     2.537
     0.666
     2.853
     2.548
     2.407
     1.463
     2.691
     2.551
     2.676
     2.783
     2.748
     2.922
     2.122
     2.839
     2.411
     2.774
     2.542
     2.768
     2.481
     2.628
     3.182
     2.257
     2.252
     3.047
     1.196
     2.802
     2.620
     3.271
     2.753
     2.523
     2.270
     2.337
     2.447
     2.205
     3.022
     2.814
     2.248
     2.599
     2.571
     3.071
     2.617
     2.508
     1.124
     2.222
     2.263
     2.274
     2.858
     2.858
     2.440
     3.050
     2.493
     2.301
     2.291
     2.481
     2.906
     2.507
     2.501
     3.090
     2.987
     2.299
     2.425
     2.804
     2.917
     2.309
     2.917
     2.639
     2.494
     2.357
     2.798
     0.688
     1.271
     2.803
     2.403
     2.818
     2.324
     2.738
     1.170
     2.496
     2.136
     2.316
     3.093
     2.290
     2.191
     2.153
     3.196
     2.350
     2.699
     2.219
     2.957
     2.511
     1.918
     2.630
     2.535
     2.859
     2.813
     2.668
     2.719
     2.257
     2.747
     2.783
     2.783
     3.065
     2.317
     2.718
     2.768
     2.800
     1.496
     2.445
     2.575
     2.531
     2.362
     2.212
     2.579
     2.319
     2.834
     3.017
     2.866
     2.796
     2.479
     2.712
     2.261
     2.235
     2.726
     2.286
     2.984
     2.579
     2.772
     2.472
     2.331
     2.830
     2.437
     2.574
     2.732
     2.628
     2.783
     2.524
     2.338
     2.308
     2.376
     2.724
     2.773
     1.310
     2.137
     2.489
     3.102
     2.667
     1.916
     2.417
     2.779
     2.782
     2.497
     2.183
     2.791
     2.636
     2.276
     2.285
     2.143
     2.181
     2.275
     2.297
     2.238
     2.136
     2.921
     3.234
     2.172
     2.614
     2.799
     2.785
     2.342
     2.192
     2.423
     2.287
     2.028
     2.944
     2.511
     3.246
     2.198
     2.764
     2.824
     2.459
     2.873
     2.252
     2.186
     2.330
     2.038
     2.609
     2.427
     2.738
     1.785
     2.434
     2.622
     2.320
     2.785
     1.907
     2.316
     2.330
     2.353
     1.953
     2.324
     2.802
     3.359
     3.128
     2.555
     2.515
     2.261
     2.630
     2.745
     2.756
     2.957
     0.772
     2.288
     2.710
     2.928
     1.035
     2.342
     2.978
     2.701
     2.760
     2.699
     2.199
     2.678
     2.204
     2.229
     2.338
     2.380
     2.565
     2.623
     2.578
     2.883
     2.361
     3.032
     2.316
     2.594
     2.096
     2.292
     2.262
     2.732
     2.018
     2.666
     1.794
     2.460
     3.041
     2.890
     2.321
     2.234
     2.191
     2.338
     2.350
     2.709
     2.217
     2.413
     2.374
     2.040
     2.004
     2.315
     2.289
     2.280
     1.837
     2.151
     2.649
     2.308
     2.580
     2.505
     2.422
     2.725
     2.712
     2.699
     2.123
     2.283
     2.305
     2.763
     2.553
     2.243
     2.485
     2.326
     1.045
     2.213
     2.366
     1.505
     2.497
     2.788
     2.478
     2.107
     2.783
     2.301
     2.390
     2.671
     2.297
     2.759
     2.571
     2.326
     1.792
     2.229
     1.562
     2.535
     1.405
     2.558
     2.604
     2.376
     1.952
     2.239
     2.369
     2.455
     2.329
     2.303
     1.855
     2.319
     3.247
     2.897
     2.353
     1.757
     2.542
     2.318
     2.282
     2.725
     1.891
     2.226
     2.378
     2.060
     2.647
     2.271
     2.037
     2.340
     2.483
     2.214
     2.404
     2.652
     2.696
     2.534
     2.355
     2.137
     2.296
     3.086
     3.016
     2.909
     2.344
     2.734
     2.313
     2.776
     2.822
     2.275
     2.901
     2.203
     2.514
     2.271
     2.334
     2.636
     2.302
     2.474
     2.254
     2.440
     2.954
     2.119
     2.943
     1.296
     2.311
     1.364
     2.398
     2.507
     2.736
     2.134
     2.592
     2.682
     1.013
     2.293
     2.042
     1.741
     2.525
     2.200
     2.337
     2.181
     2.950
     0.763
     2.622
     2.302
     2.034
     2.722
     2.550
     2.838
     3.026
     2.305
     1.417
     2.172
     2.520
     2.839
     2.880
     2.277
     2.480
     2.458
     2.577
     2.085
     2.186
     2.771
     1.561
     2.750
     2.888
     2.777
     2.549
     2.900
     2.246
     2.528
     2.297
     2.659
     2.439
     2.270
     2.975
     2.348
     2.552
     2.354
     2.799
     2.405
     2.784
     2.444
     2.494
     2.799
     2.169
     2.325
     2.100
     2.228
     1.732
     2.260
     2.781
     2.358
     1.170
     2.339
     2.719
     2.873
     2.320
     2.410
     2.602
     2.291
     2.959
     2.490
     2.836
     2.165
     2.008
     2.572
     1.887
     3.123
     1.290
     2.931
     1.613
     2.425
     2.392
     2.133
     2.481
     2.376
     2.405
     2.752
     2.478
     2.417
     2.410
     2.420
     2.223
     1.068
     2.318
     2.863
     2.331
     2.300
     2.627
     2.665
     2.658
     2.200
     2.851
     2.756
     3.092
     2.246
     2.766
     2.308
     2.516
     2.596
     2.228
     3.057
     2.693
     2.194
     2.450
     2.283
     2.363
     2.389
     2.421
     3.053
     2.843
     2.881
     2.077
     2.140
     2.215
     2.883
     2.325
     2.774
     2.297
     2.315
     3.191
     2.755
     2.804
     1.244
     1.625
     2.651
     2.340
     2.300
     2.570
     2.576
     2.186
     3.216
     2.567
     2.505
     2.315
     2.537
     2.257
     2.587
     2.368
     2.263
     2.802
     2.330
     2.862
     2.353
     2.277
     2.877
     2.330
     2.126
     2.338
     2.913
     2.840
     2.246
     1.436
     1.927
     2.633
     2.334
     2.620
     2.675
     2.497
     2.723
     2.567
     2.592
     1.831
     2.361
     1.102
     2.565
     2.705
     2.701
     2.166
     2.080
     2.753
     2.815
     2.304
     1.910
     2.810
     2.784
     2.283
     2.561
     2.051
     2.813
     2.191
     2.337
     1.578
     2.531
     2.105
     2.074
     1.253
     2.490
     2.263
     2.843
     2.837
     3.166
     2.803
     2.803
     2.444
     2.224
     2.844
     2.997
     3.023
     2.822
     1.929
     2.403
     2.123
     1.956
     2.352
     2.344
     2.571
     2.303
     2.620
     2.566
     2.529
     2.547
     2.944
     2.286
     2.573
     2.298
     2.304
     2.178
     1.052
     2.802
     2.302
     2.644
     2.050
     0.946
     2.400
     2.021
     2.513
     2.276
     2.557
     2.549
     2.595
     2.232
     2.614
     2.393
     2.654
     2.469
     2.288
     2.355
     1.810
     2.139
     3.015
     2.794
     2.504
     2.514
     2.300
     2.472
     2.501
     2.617
     2.335
     2.493
     2.944
     2.249
     2.367
     2.075
     1.001
     2.753
     2.211
     2.195
     2.953
     2.417
     2.255
     2.565
     2.660
     2.881
     2.625
     2.209
     2.763
     2.298
     2.611
     1.582
     2.232
     2.361
     2.282
     2.917
     2.896
     2.201
     3.009
     2.080
     2.458
     1.804
     3.140
     2.218
     2.747
     2.353
     2.682
     2.297
     2.526
     2.604
     2.301
     2.444
     2.936
     2.775
     2.557
     1.840
     2.605
     2.887
     2.364
     2.373
     2.604
     2.790
     2.394
     2.270
     2.062
     2.891
     1.355
     2.204
     2.766
     2.800
     2.198
     2.314
     2.603
     2.468
     2.387
     2.072
     2.250
     2.697
     2.795
     2.458
     3.132
     2.600
     1.101
     0.927
     2.362
     2.868
     2.214
     2.347
     2.265
     2.898
     2.270
     2.359
     2.320
     2.230
     2.520
     0.946
     2.309
     2.394
     2.274
     2.704
     2.310
     3.399
     1.687
     1.896
     2.787
     2.473
     2.290
     2.316
     2.776
     2.374
     2.369
     2.182
     2.337
     2.876
     3.210
     2.753
     2.544
     2.338
     2.360
     1.108
     2.744
     2.487
     2.565
     2.759
     3.093
     2.830
     2.362
     2.300
     2.168
     1.981
     2.409
     2.643
     3.120
     2.405
     2.203
     2.688
     2.218
     2.296
     2.375
     2.323
     2.262
     2.695
     2.302
     2.073
     2.774
     2.653
     2.754
     2.439
     2.245
     2.184
     2.979
     2.726
     3.077
     2.366
     2.861
     2.381
     2.211
     1.959
     2.505
     1.944
     2.154
     2.644
     2.907
     2.426
     2.692
     2.414
     2.648
     2.080
     1.831
     2.289
     3.337
     1.029
     2.270
     1.706
     1.438
     2.933
     2.954
     3.094
     2.837
     2.158
     2.208
     1.409
     2.572
     3.021
     2.845
     2.784
     2.988
     2.344
     2.341
     2.451
     2.260
     3.100
     1.296
     1.809
     2.623
     2.388
     2.938
     2.552
     2.156
     2.448
     2.233
     2.373
     2.132
     1.406
     2.187
     2.742
     2.047
     2.439
     2.669
     2.619
     2.537
     3.120
     2.251
     3.058
     2.706
     2.443
     2.249
     2.042
     2.345
     2.849
     2.735
     2.119
     2.337
     2.180
     2.798
     2.909
     2.417
     2.393
     3.255
     2.845
     2.289
     2.260
     2.277
     2.800
     2.364
     2.516
     2.647
     2.349
     2.727
     2.824
     2.895
     2.956
     2.430
     2.926
     3.208
     1.706
     2.297
     2.242
     2.020
     2.824
     2.854
     2.791
     2.230
     2.410
     2.322
     2.330
     1.962
     2.171
     2.767
     2.034
     2.315
     1.885
     3.373
     3.087
     2.458
     2.370
     3.029
     2.250
     2.247
     2.390
     2.934
     2.935
     2.864
     2.219
     2.899
     2.331
     2.544
     2.674
     2.535
     2.682
     2.344
     2.872
     2.252
     2.291
     2.862
     2.284
     2.813
     1.679
     2.799
     2.554
     2.310
     2.801
     2.360
     2.404
     2.014
     2.907
     2.089
     2.388
     2.313
     2.156
     2.278
     2.271
     2.154
     2.336
     2.100
     2.479
     2.255
     1.971
     1.790
     3.037
     3.314
     2.581
     3.245
     2.990
     2.366
     1.834
     2.271
     2.681
     2.660
     2.338
     2.641
     2.628
     2.445
     2.258
     2.846
     2.588
     2.768
     2.535
     1.981
     1.878
     1.281
     1.709
     2.229
     2.615
     2.158
     3.094
     2.035
     2.571
     2.191
     2.737
     2.746
     2.370
     2.877
     2.183
     2.743
     2.564
     2.811
     2.834
     2.246
     2.696
     1.617
     2.877
     2.910
     2.207
     2.851
     2.338
     2.784
     2.263
     2.382
     2.373
     2.583
     2.253
     1.914
     0.915
     1.366
     2.773
     2.833
     2.830
     3.083
     3.034
     2.428
     2.254
     2.265
     2.497
     2.305
     2.324
     2.827
     2.207
     2.491
     1.615
     2.312
     2.352
     3.120
     2.384
     1.729
     2.824
     2.244
     3.213
     2.693
     2.659
     2.506
     2.689
     3.047
     2.521
     2.841
     2.950
     2.668
     2.748
     2.343
     2.961
     1.783
     2.774
     3.028
     2.434
     2.718
     2.456
     2.588
     2.687
     2.635
     2.433
     2.753
     2.183
     2.228
     2.252
     2.388
     2.520
     2.047
     2.243
     1.490
     2.214
     3.064
     2.571
     2.264
     2.201
     2.611
     2.836
     2.143
     2.374
     3.339
     2.345
     2.778
     2.128
     2.233
     3.014
     3.049
     1.995
     2.560
     2.275
     2.583
     2.500
     2.170
     2.389
     2.639
     2.780
     2.396
     2.308
     2.764
     2.955
     2.443
     2.501
     2.301
     2.392
     2.287
     2.133
     1.668
     2.729
     2.683
     1.780
     2.618
     2.418
     2.580
     2.754
     2.129
     2.252
     0.964
     2.335
     2.325
     3.127
     2.848
     2.161
     2.400
     2.881
     2.890
     2.408
     2.669
     2.483
     1.566
     2.174
     2.653
     2.339
     2.744
     2.389
     2.383
     2.514
     2.542
     2.797
     2.675
     2.360
     2.239
     3.163
     2.334
     2.318
     3.098
     1.263
     2.347
     2.476
     2.334
     2.330
     2.098
     2.218
     2.332
     2.293
     2.750
     2.990
     2.283
     0.920
     2.451
     2.755
     2.571
     2.556
     2.691
     2.301
     2.897
     1.501
     2.588
     1.571
     3.165
     2.568
     2.833
     2.192
     2.807
     2.196
     2.976
     2.484
     2.870
     2.275
     2.473
     2.850
     2.561
     2.439
     2.463
     2.564
     3.206
     2.509
     2.509
     0.926
     2.338
     1.174
     2.402
     2.388
     2.612
     3.027
     2.862
     1.840
     2.276
     1.996
     2.470
     2.316
     2.754
     2.246
     2.249
     2.179
     2.950
     3.023
     2.003
     2.092
     2.279
     2.314
     1.163
     1.893
     2.294
     2.600
     2.388
     2.610
     2.460
     2.102
     2.263
     2.303
     2.175
     2.544
     2.198
     2.198
     2.874
     2.674
     2.164
     2.474
     2.203
     2.630
     3.140
     2.846
     2.536
     2.353
     2.591
     2.587
     2.358
     2.210
     2.986
     2.647
     2.170
     2.287
     2.299
     2.135
     2.234
     2.628
     2.178
     2.354
     2.509
     2.524
     2.142
     2.322
     0.723
     2.161
     2.337
     1.789
     2.303
     2.194
     2.612
     2.188
     2.322
     2.335
     2.265
     2.641
     1.971
     2.343
     2.586
     3.269
     2.252
     2.188
     1.969
     2.221
     2.964
     2.260
     2.172
     2.585
     2.195
     2.339
     1.869
     2.978
     2.204
     2.919
     2.084
     2.238
     2.813
     2.800
     2.198
     2.892
     2.346
     2.806
     2.742
     2.338
     2.472
     2.367
     3.095
     3.068
     2.221
     2.402
     2.478
     2.272
     2.429
     1.508
     2.819
     2.676
     1.793
     2.561
     2.702
     2.238
     2.671
     2.952
     2.943
     2.361
     2.765
     1.605
     2.777
     2.689
     2.206
     2.108
     2.267
     2.686
     1.607
     2.408
     0.763
     2.292
     1.267
     2.316
     2.381
     0.979
     2.256
     2.285
     1.352
     2.163
     2.474
     3.172
     2.522
     2.236
     2.767
     2.565
     2.767
     2.533
     2.819
     2.455
     2.348
     2.377
     2.754
     1.758
     2.825
     2.311
     2.137
     2.848
     3.033
     2.825
     2.268
     2.311
     2.606
     2.874
     2.541
     2.688
     2.746
     2.371
     2.903
     2.333
     1.148
     3.131
     2.523
     2.387
     2.844
     2.201
     2.483
     2.172
     2.395
     2.193
     2.970
     2.304
     2.288
     2.297
     2.374
     2.960
     2.491
     2.257
     2.053
     2.282
     2.566
     2.197
     2.916
     2.159
     3.190
     2.105
     2.175
     2.629
     2.363
     2.258
     2.828
     2.296
     2.630
     2.210
     2.677
     2.386
     2.342
     2.221
     2.554
     2.632
     2.702
     2.379
     2.341
     2.227
     2.447
     2.034
     2.726
     2.629
     2.018
     2.327
     2.923
     2.161
     2.636
     2.250
     2.752
     3.002
     2.207
     2.592
     1.745
     2.422
     2.215
     2.498
     2.870
     1.821
     2.150
     1.212
     2.899
     3.130
     2.627
     2.309
     2.135
     3.195
     2.533
     2.906
     1.900
     2.820
     1.885
     2.343
     1.128
     1.764
     2.251
     2.397
     2.487
     2.219
     2.878
     2.714
     2.309
     2.259
     2.295
     2.162
     2.613
     2.602
     2.022
     2.644
     2.597
     2.198
     2.961
     2.335
     2.454
     2.811
     2.552
     2.801
     2.831
     2.736
     2.285
     1.981
     2.725
     1.169
     2.057
     2.675
     2.946
     2.120
     2.534
     2.286
     2.548
     2.278
     2.315
     2.277
     2.940
     1.455
     2.307
     2.531
     2.696
     2.293
     2.204
     1.145
     2.305
     2.340
     2.330
     2.125
     2.826
     2.771
     2.242
     3.050
     2.946
     2.779
     2.788
     2.346
     2.195
     2.413
     2.355
     2.548
     2.784
     2.813
     2.656
     1.168
     2.151
     2.705
     2.289
     2.236
     2.828
     2.860
     1.877
     2.572
     2.820
     2.823
     2.597
     2.482
     1.871
     2.176
     2.322
     1.045
     2.702
     2.753
     2.246
     2.289
     2.594
     2.266
     2.254
     2.380
     2.337
     2.512
     2.326
     1.461
     2.318
     2.779
     2.437
     2.715
     2.178
     2.738
     3.012
     2.292
     2.675
     1.987
     2.906
     1.588
     2.223
     2.568
     2.373
     2.764
     2.877
     2.905
     2.276
     1.723
     2.267
     2.346
     2.846
     2.733
     2.298
     3.036
     1.575
     2.478
     2.555
     3.046
     2.846
     2.592
     2.750
     2.279
     3.022
     2.222
     2.468
     2.486
     2.185
     2.178
     2.236
     2.184
     2.537
     2.263
     2.293
     2.221
     2.488
     2.546
     2.376
     2.642
     2.903
     3.089
     2.389
     2.737
     3.312
     2.240
     2.697
     2.511
     3.134
     2.412
     2.313
     2.437
     2.669
     2.305
     1.744
     2.326
     2.252
     1.517
     2.233
     2.225
     2.471
     2.884
     1.047
     2.164
     2.533
     2.105
     2.418
     2.660
     2.328
     2.790
     2.612
     2.164
     2.305
     2.733
     2.452
     2.444
     2.344
     2.326
     2.411
     2.344
     2.318
     3.157
     2.422
     3.134
     2.868
     2.688
     2.587
     2.308
     2.852
     2.142
     2.243
     2.425
     2.540
     3.235
     2.618
     2.186
     0.920
     2.749
     2.351
     2.492
     2.315
     2.307
     2.108
     2.121
     2.285
     2.224
     2.058
     2.286
     2.300
     2.384
     3.233
     2.344
     2.252
     2.276
     2.549
     2.256
     2.239
     2.388
     1.790
     1.737
     2.781
     2.273
     1.596
     2.802
     2.255
     2.303
     2.297
     2.396
     2.217
     2.197
     2.545
     2.357
     2.491
     2.632
     2.260
     1.539
     2.524
     2.466
     1.814
     2.354
     2.312
     2.321
     2.473
     2.828
     2.437
     2.161
     3.008
     2.395
     2.765
     3.063
     2.238
     2.888
     2.461
     2.464
     1.891
     2.538
     2.660
     2.278
     2.746
     3.004
     2.289
     2.137
     2.772
     1.819
     2.582
     2.317
     2.040
     2.554
     2.909
     2.768
     2.181
     2.210
     2.840
     2.235
     2.754
     2.277
     2.665
     2.504
     2.522
     2.861
     3.064
     3.181
     2.078
     2.335
     2.208
     2.174
     2.386
     3.212
     2.335
     2.086
     2.289
     2.487
     2.526
     2.622
     1.966
     2.436
     2.362
     1.451
     2.318
     2.216
     1.927
     2.858
     2.765
     2.852
     2.709
     2.411
     2.011
     2.608
     2.791
     2.982
     2.855
     1.955
     1.219
     2.197
     1.733
     2.583
     2.326
     3.225
     2.803
     2.556
     2.257
     2.744
     2.134
     2.771
     2.520
     1.545
     2.152
     2.133
     2.305
     1.646
     2.653
     2.851
     2.626
     2.049
     2.275
     2.904
     2.711
     2.318
     2.276
     2.336
     1.728
     1.479
     2.297
     2.667
     2.699
     1.704
     2.935
     2.299
     2.935
     1.691
     2.354
     2.337
     2.280
     2.739
     2.587
     2.505
     2.434
     2.421
     2.261
     2.510
     2.389
     2.172
     2.828
     2.391
     2.235
     2.353
     1.774
     2.675
     2.330
     2.249
     2.523
     2.254
     2.049
     2.187
     2.571
     2.366
     2.762
     2.503
     2.324
     2.872
     2.262
     2.494
     2.530
     2.236
     2.315
     2.515
     2.122
     2.232
     2.012
     2.613
     2.546
     2.312
     2.473
     2.421
     2.104
     2.889
     2.512
     2.621
     3.056
     1.868
     2.307
     2.362
     2.358
     2.189
     2.356
     2.234
     3.255
     2.669
     2.483
     2.494
     2.302
     2.374
     2.063
     2.783
     2.475
     2.559
     2.472
     2.805
     3.109
     2.416
     2.287
     2.547
     1.847
     2.429
     2.256
     2.771
     0.819
     2.219
     3.021
     3.015
     2.268
     2.899
     2.082
     2.131
     2.252
     2.103
     2.986
     2.455
     2.919
     2.408
     2.387
     2.597
     2.826
     2.095
     2.239
     2.284
     2.429
     2.529
     2.523
     2.286
     2.702
     1.464
     2.615
     2.504
     1.133
     1.028
     2.097
     2.327
     2.335
     2.150
     2.127
     2.185
     2.617
     2.345
     2.827
     2.709
     2.568
     2.804
     2.787
     2.522
     2.077
     2.875
     2.131
     1.530
     2.454
     2.430
     2.344
     2.278
     2.341
     2.368
     1.406
     2.499
     2.545
     2.570
     2.208
     2.516
     2.934
     2.378
     2.269
     2.741
     3.071
     2.355
     2.338
     1.328
     1.842
     2.171
     3.088
     2.714
     2.238
     2.209
     2.922
     2.270
     2.387
     2.458
     2.358
     1.455
     2.269
     2.783
     2.581
     2.355
     2.620
     3.341
     2.843
     2.464
     1.796
     2.981
     2.505
     1.301
     2.255
     2.288
     2.835
     2.477
     2.789
     2.731
     2.300
     2.980
     2.339
     2.211
     2.476
     2.918
     2.234
     2.315
     2.768
     1.774
     2.249
     3.127
     2.986
     2.811
     2.919
     2.036
     2.085
     2.778
     2.283
     3.271
     2.780
     2.489
     2.800
     1.854
     1.978
     2.115
     2.311
     2.758
     2.454
     2.264
     2.301
     2.981
     2.492
     2.292
     2.343
     2.529
     2.462
     2.410
     2.722
     2.312
     2.332
     2.200
     2.646
     2.301
     2.390
     2.178
     2.671
     2.823
     2.257
     2.924
     1.383
     2.657
     2.841
     2.272
     2.681
     2.396
     2.366
     2.338
     2.112
     2.548
     2.838
     2.711
     2.606
     1.598
     2.665
     1.637
     2.510
     2.344
     2.560
     2.275
     2.282
     3.025
     2.856
     2.372
     1.879
     2.656
     2.304
     3.259
     2.137
     2.753
     2.634
     2.439
     3.015
     2.315
     2.726
     3.018
     2.288
     2.604
     2.848
     2.237
     3.104
     2.519
     2.704
     2.358
     2.954
     2.359
     2.579
     2.815
     2.466
     2.199
     2.313
     2.326
     2.194
     2.224
     3.016
     2.386
     2.266
     1.010
     3.013
     2.598
     2.257
     1.384
     2.453
     2.673
     2.221
     1.506
     3.131
     2.492
     3.257
     2.294
     3.287
     1.676
     1.976
     2.797
     2.076
     3.025
     2.828
     2.792
     3.061
     2.350
     2.929
     2.218
     2.278
     2.499
     2.336
     1.902
     2.343
     2.241
     2.747
     2.151
     3.295
     2.500
     2.332
     2.227
     2.223
     1.391
     3.302
     2.120
     2.679
     2.716
     2.170
     2.608
     3.172
     2.574
     2.704
     2.488
     1.883
     3.048
     1.958
     2.826
     2.223
     2.238
     1.967
     2.378
     2.331
     2.077
     2.257
     2.570
     2.829
     1.326
     2.424
     2.212
     2.613
     2.166
     2.414
     2.324
     2.834
     2.241
     3.155
     2.509
     2.998
     2.334
     2.645
     1.866
     2.221
     2.171
     2.507
     2.185
     2.579
     3.061
     2.793
     2.262
     2.775
     2.663
     2.229
     2.188
     2.863
     2.202
     2.345
     2.188
     2.780
     2.789
     2.169
     2.756
     2.390
     0.731
     2.442
     2.136
     2.877
     2.542
     2.854
     2.637
     2.651
     2.654
     2.928
     2.572
     1.896
     1.779
     2.166
     2.305
     2.780
     2.522
     2.252
     2.306
     2.442
     2.473
     2.916
     2.411
     2.511
     2.695
     2.167
     2.941
     2.350
     2.390
     2.567
     2.329
     2.357
     2.310
     2.536
     2.483
     2.570
     2.170
     2.109
     2.022
     2.274
     2.309
     2.356
     2.246
     3.058
     2.435
     2.516
     1.949
     2.477
     3.102
     2.281
     2.721
     2.763
     3.258
     2.278
     1.604
     2.348
     2.311
     2.455
     2.750
     2.302
     2.763
     2.143
     2.644
     1.236
     2.338
     2.764
     2.455
     2.565
     2.268
     2.647
     2.341
     2.447
     3.065
     3.032
     2.182
     2.456
     3.072
     3.270
     1.546
     2.603
     2.620
     2.431
     2.483
     2.562
     2.273
     2.403
     2.323
     2.275
     1.352
     2.632
     2.300
     3.058
     2.338
     2.971
     3.198
     2.698
     2.341
     2.613
     2.531
     1.237
     2.281
     3.038
     3.039
     2.337
     2.461
     2.541
     2.999
     2.861
     2.333
     2.115
     2.470
     2.283
     2.809
     2.418
     2.820
     2.117
     0.985
     2.385
     2.514
     1.936
     2.761
     2.222
     2.391
     2.257
     2.784
     2.793
     2.692
     2.565
     2.364
     2.766
     2.088
     1.843
     2.568
     2.566
     3.149
     1.761
     1.887
     2.634
     2.721
     2.298
     2.410
     2.722
     1.517
     2.523
     2.368
     2.264
     2.244
     2.904
     3.056
     2.714
     2.628
     2.439
     2.781
     2.679
     2.231
     2.286
     2.291
     2.308
     2.374
     2.641
     0.648
     2.476
     2.875
     2.502
     2.762
     2.577
     2.385
     2.889
     2.854
     2.315
     2.334
     2.117
     1.502
     2.805
     2.074
     2.256
     2.180
     2.761
     3.149
     2.652
     2.304
     2.180
     1.720
     2.735
     2.327
     2.863
     2.149
     2.196
     2.198
     0.968
     2.207
     2.534
     2.326
     2.480
     2.856
     2.874
     2.734
     2.391
     2.167
     2.188
     2.259
     3.226
     2.384
     2.232
     2.282
     2.284
     2.394
     2.919
     2.840
     2.372
     2.426
     2.281
     2.071
     1.634
     2.290
     2.181
     2.680
     2.800
     2.149
     2.652
     2.803
     2.801
     1.548
     2.832
     1.122
     0.930
     2.295
     1.269
     2.135
     2.486
     2.724
     2.540
     1.544
     2.252
     2.411
     2.115
     2.400
     2.361
     2.328
     1.801
     2.633
     2.564
     2.603
     2.842
     2.544
     2.751
     2.500
     2.158
     2.889
     2.158
     2.730
     2.420
     2.196
     2.715
     2.322
     2.748
     2.665
     2.432
     2.307
     2.276
     2.345
     2.456
     2.291
     3.002
     3.196
     2.025
     2.270
     3.348
     2.288
     2.238
     1.682
     1.195
     2.257
     2.486
     2.263
     2.203
     2.067
     2.758
     1.913
     2.154
     2.784
     2.627
     2.252
     2.293
     2.221
     2.330
     2.342
     2.194
     1.998
     2.748
     2.980
     2.647
     2.976
     3.199
     2.557
     2.259
     2.292
     2.047
     2.938
     2.766
     2.151
     2.932
     2.220
     2.214
     2.143
     2.787
     2.467
     3.152
     2.348
     2.894
     2.694
     2.235
     2.294
     2.623
     2.441
     2.752
     2.549
     3.356
     2.301
     2.195
     2.289
     2.600
     3.020
     1.617
     2.522
     2.583
     2.327
     2.357
     0.979
     2.631
     2.721
     3.289
     2.535
     2.329
     2.672
     2.224
     2.226
     2.347
     2.325
     2.184
     2.260
     2.284
     3.010
     2.413
     2.325
     2.963
     2.430
     2.640
     2.606
     2.884
     2.893
     2.965
     2.229
     2.677
     2.371
     2.230
     2.212
     2.363
     2.235
     3.014
     2.381
     2.343
     1.355
     2.968
     2.981
     1.497
     2.424
     2.204
     2.907
     2.722
     2.746
     2.811
     2.280
     2.932
     2.261
     2.221
     2.348
     2.331
     2.339
     2.281
     2.067
     2.177
     2.952
     2.281
     2.131
     2.619
     1.480
     2.638
     2.363
     2.282
     2.560
     1.221
     2.908
     2.659
     2.724
     2.313
     2.167
     1.663
     2.313
     2.834
     2.286
     2.685
     2.715
     2.471
     2.519
     2.213
     2.373
     2.735
     2.507
     2.883
     1.851
     1.876
     2.293
     2.685
     2.557
     2.561
     2.448
     2.365
     2.397
     2.488
     2.371
     2.780
     2.521
     2.503
     1.237
     1.955
     2.439
     2.555
     2.630
     2.139
     2.499
     2.196
     1.560
     1.707
     2.791
     2.487
     2.685
     2.612
     1.213
     2.284
     2.736
     2.731
     1.583
     2.497
     2.360
     2.621
     2.622
     2.340
     3.234
     2.607
     2.419
     2.990
     2.219
     2.318
     2.153
     2.174
     1.203
     2.196
     3.101
     2.280
     2.890
     2.214
     2.020
     2.546
     2.260
     2.409
     2.593
     3.249
     2.862
     2.840
     2.303
     2.320
     2.468
     2.288
     2.029
     1.107
     3.062
     2.292
     1.929
     2.354
     2.548
     2.226
     2.341
     1.965
     2.331
     3.011
     2.605
     2.425
     2.364
     2.283
     3.035
     1.629
     2.142
     2.142
     2.864
     2.910
     2.743
     1.064
     2.527
     2.451
     2.004
     2.260
     2.329
     2.282
     2.319
     2.609
     2.346
     2.736
     2.669
     2.474
     2.739
     2.852
     2.528
     2.563
     3.141
     1.994
     2.629
     1.773
     2.902
     0.866
     2.355
     2.471
     2.269
     2.323
     2.300
     2.323
     2.713
     2.537
     2.326
     2.547
     2.537
     2.410
     2.467
     2.027
     2.838
     2.284
     2.603
     2.329
     2.320
     2.338
     2.316
     2.338
     2.824
     2.877
     3.059
     2.754
     2.528
     2.652
     2.465
     2.209
     2.156
     2.880
     2.455
     2.719
     2.769
     2.761
     1.796
     2.552
     3.136
     1.466
     2.980
     2.886
     2.952
     2.283
     3.371
     2.342
     2.351
     2.667
     2.294
     2.697
     2.695
     2.181
     2.772
     3.183
     2.466
     2.842
     2.452
     2.802
     2.407
     1.932
     2.338
     2.189
     2.206
     2.491
     2.270
     2.658
     2.767
     3.336
     2.445
     2.794
     2.229
     1.944
     1.519
     2.837
     2.238
     2.473
     1.533
     2.849
     2.762
     2.301
     2.094
     2.408
     2.266
     2.796
     2.177
     2.343
     2.365
     2.311
     2.543
     2.267
     2.963
     2.091
     2.868
     2.943
     2.640
     2.729
     2.745
     2.863
     2.136
     2.403
     2.179
     2.064
     1.673
     2.581
     2.791
     2.221
     2.527
     2.776
     2.024
     2.809
     2.086
     2.912
     2.145
     2.262
     2.356
     3.200
     2.139
     2.653
     2.859
     2.741
     2.379
     2.403
     2.556
     2.033
     2.312
     1.991
     2.610
     3.055
     2.829
     2.270
     2.385
     2.716
     2.453
     2.173
     2.514
     2.824
     2.858
     1.988
     2.384
     2.620
     2.763
     2.663
     2.355
     2.444
     2.174
     1.576
     2.189
     2.687
     1.209
     2.854
     2.126
     2.840
     2.461
     2.263
     2.555
     2.635
     2.460
     2.455
     2.240
     2.240
     2.381
     1.802
     1.434
     2.429
     1.933
     2.686
     2.395
     2.506
     1.565
     2.440
     2.335
     2.292
     2.889
     2.205
     2.423
     3.089
     2.806
     2.313
     2.333
     2.288
     1.012
     3.124
     2.606
     2.968
     2.968
     2.499
     2.386
     2.329
     2.650
     2.593
     2.543
     2.297
     2.223
     2.120
     2.572
     1.013
     3.341
     2.601
     2.693
     2.498
     2.401
     2.892
     2.274
     2.234
     2.095
     2.340
     2.179
     2.250
     2.840
     3.305
     2.421
     2.366
     2.438
     2.446
     2.307
     2.251
     2.779
     1.683
     2.308
     2.925
     2.815
     1.612
     1.487
     2.613
     2.474
     1.600
     2.568
     3.052
     2.846
     2.238
     2.773
     2.293
     2.839
     3.025
     2.594
     2.128
     2.530
     2.608
     2.894
     1.367
     2.581
     2.343
     2.309
     2.219
     2.379
     1.525
     2.715
     2.136
     2.695
     2.373
     2.128
     2.332
     2.304
     2.350
     1.335
     3.244
     2.509
     2.609
     2.188
     2.348
     2.630
     2.539
     2.523
     1.812
     2.657
     2.155
     2.126
     2.751
     2.044
     1.815
     2.840
     2.320
     2.559
     2.492
     1.981
     2.656
     2.331
     2.107
     2.380
     2.373
     2.422
     2.434
     2.204
     2.365
     2.793
     2.134
     2.520
     2.293
     2.833
     2.676
     2.246
     2.893
     2.570
     2.707
     2.393
     1.915
     2.528
     2.262
     2.248
     2.269
     1.788
     3.255
     2.071
     2.367
     2.791
     2.302
     1.863
     2.225
     2.722
     2.689
     2.286
     1.938
     2.765
     3.182
     2.390
     2.358
     2.479
     2.693
     2.217
     1.216
     2.749
     2.181
     1.968
     3.117
     1.717
     2.747
     2.024
     2.805
     1.466
     2.735
     2.206
     2.420
     2.325
     3.384
     2.831
     2.523
     2.300
     2.463
     2.982
     2.434
     2.359
     2.549
     2.368
     1.133
     2.546
     2.295
     2.283
     2.975
     3.281
     2.329
     2.761
     2.463
     1.323
     2.374
     2.249
     2.727
     2.117
     2.338
     2.186
     2.549
     2.273
     3.061
     2.503
     2.350
     2.853
     2.488
     2.290
     2.648
     2.291
     2.992
     2.336
     3.103
     1.588
     1.909
     2.271
     2.303
     2.270
     2.543
     1.520
     2.999
     2.309
     2.305
     2.498
     2.391
     2.283
     2.348
     1.839
     2.762
     2.355
     2.855
     2.211
     2.386
     2.156
     2.618
     0.773
     2.682
     2.259
     2.690
     2.628
     2.406
     2.042
     2.680
     3.304
     2.815
     2.160
     1.400
     2.730
     2.287
     2.363
     2.633
     3.188
     2.398
     2.592
     2.034
     2.179
     3.228
     2.578
     2.654
     2.581
     2.293
     2.349
     3.296
     2.666
     2.682
     2.737
     2.849
     2.763
     2.436
     2.121
     2.950
     2.360
     2.757
     0.986
     2.154
     2.687
     2.375
     2.265
     2.547
     2.003
     2.547
     2.768
     2.529
     2.474
     2.252
     2.817
     2.457
     2.734
     2.312
     2.547
     3.049
     2.277
     2.772
     2.742
     2.286
     2.030
     3.119
     2.539
     2.217
     2.572
     2.190
     2.352
     1.200
     2.356
     3.048
     2.208
     2.648
     2.548
     2.295
     2.884
     2.208
     2.398
     2.929
     2.542
     1.806
     3.046
     2.376
     1.809
     2.248
     2.183
     3.235
     2.677
     2.523
     2.640
     2.261
     2.245
     2.308
     2.892
     2.567
     2.364
     2.385
     2.544
     2.365
     2.212
     2.211
     2.921
     2.333
     2.321
     2.801
     2.365
     2.359
     3.309
     2.778
     2.135
     2.526
     2.346
     2.593
     2.261
     2.178
     2.351
     2.964
     2.610
     2.549
     2.452
     2.309
     2.281
     2.900
     2.605
     2.771
     2.285
     1.213
     3.361
     1.771
     1.155
     2.463
     2.123
     3.136
     2.018
     2.882
     2.048
     2.733
     2.260
     1.826
     2.383
     2.255
     2.640
     2.556
     2.760
     2.707
     3.123
     2.244
     3.154
     2.696
     2.563
     3.006
     2.839
     2.449
     2.018
     2.068
     2.626
     2.365
     2.384
     2.298
     1.233
     2.469
     2.523
     2.772
     2.386
     2.442
     2.165
     1.392
     2.311
     2.370
     1.356
     1.672
     2.993
     2.667
     2.262
     2.344
     2.263
     2.598
     1.348
     1.764
     2.115
     2.854
     2.364
     1.090
     2.283
     2.727
     2.865
     2.385
     2.292
     2.169
     2.841
     2.381
     3.039
     2.602
     2.869
     2.799
     2.394
     2.330
     2.009
     2.356
     2.911
     2.365
     2.376
     2.608
     3.084
     2.393
     2.775
     2.842
     2.525
     2.230
     2.180
     2.473
     2.791
     2.371
     2.310
     1.677
     2.745
     2.601
     2.547
     2.372
     2.289
     2.783
     3.019
     2.427
     2.746
     2.504
     2.221
     2.291
     2.514
     2.344
     2.845
     2.466
     2.931
     2.785
     2.135
     1.726
     2.285
     2.375
     2.398
     2.368
     2.694
     2.238
     2.292
     2.094
     2.426
     2.484
     2.208
     2.538
     2.431
     1.891
     2.461
     2.262
     2.306
     2.746
     2.417
     2.306
     2.723
     2.260
     2.927
     2.280
     2.566
     3.078
     3.082
     2.310
     2.266
     2.833
     2.297
     2.460
     2.735
     2.213
     1.957
     1.946
     2.602
     2.913
     2.284
     2.757
     2.282
     2.224
     2.199
     2.271
     2.491
     2.298
     2.905
     1.487
     2.793
     2.606
     2.069
     2.194
     2.415
     2.308
     2.328
     2.658
     2.353
     2.705
     2.475
     2.529
     1.413
     2.357
     2.236
     2.201
     2.106
     2.491
     2.783
     2.271
     2.370
     2.819
     2.390
     2.187
     2.974
     2.899
     3.001
     2.230
     2.138
     2.784
     2.175
     2.501
     2.907
     2.479
     2.825
     2.692
     2.655
     3.038
     1.408
     2.761
     2.321
     2.279
     2.866
     2.311
     2.496
     0.815
     1.655
     2.712
     2.527
     1.940
     2.604
     2.251
     2.437
     2.528
     2.552
     2.335
     2.337
     2.617
     2.805
     2.491
     0.993
     2.477
     1.926
     3.318
     2.361
     2.287
     2.375
     2.525
     1.390
     2.469
     2.349
     1.567
     2.572
     2.307
     2.378
     2.525
     2.114
     2.565
     2.252
     2.286
     2.390
     2.564
     2.235
     2.396
     2.808
     1.604
     2.816
     2.823
     2.456
     2.399
     2.314
     2.294
     1.920
     2.506
     3.013
     2.715
     3.198
     3.115
     2.340
     2.242
     2.783
     0.863
     2.168
     2.016
     2.354
     2.584
     2.601
     2.205
     2.301
     2.860
     2.506
     2.187
     2.845
     2.135
     1.631
     2.234
     2.802
     2.275
     2.340
     2.502
     2.331
     2.295
     2.723
     2.079
     2.843
     1.496
     2.674
     2.720
     2.547
     2.152
     2.679
     2.544
     2.290
     2.153
     2.615
     2.743
     3.060
     2.244
     0.889
     2.478
     2.833
     3.217
     2.247
     2.716
     2.313
     2.704
     2.356
     1.860
     2.854
     2.338
     2.740
     2.545
     2.879
     2.044
     2.630
     2.470
     2.580
     2.259
     2.558
     3.100
     2.609
     2.734
     2.465
     1.438
     2.527
     2.710
     2.576
     2.542
     2.652
     2.762
     2.174
     2.191
     2.330
     2.132
     1.083
     2.292
     2.337
     1.876
     2.517
     2.574
     2.578
     2.593
     2.431
     2.573
     1.576
     2.771
     2.689
     2.311
     2.495
     2.586
     2.409
     3.110
     2.745
     2.317
     1.923
     1.846
     2.513
     2.933
     2.432
     2.147
     2.179
     2.243
     2.595
     2.676
     2.928
     1.406
     2.650
     2.516
     2.389
     2.254
     1.540
     0.886
     2.352
     2.738
     2.697
     2.369
     3.090
     2.304
     2.692
     1.669
     2.336
     2.661
     2.215
     2.093
     2.331
     2.273
     2.681
     1.419
     2.964
     2.686
     2.483
     2.000
     2.049
     2.764
     2.368
     2.064
     2.227
     2.681
     2.810
     2.521
     2.236
     3.250
     2.756
     2.394
     2.598
     1.544
     2.758
     2.687
     2.343
     2.160
     3.062
     2.226
     2.070
     1.570
     2.313
     2.356
     2.774
     2.700
     2.587
     2.360
     2.362
     2.568
     1.245
     2.236
     1.792
     2.738
     2.364
     2.840
     2.410
     0.858
     1.723
     1.073
     2.359
     2.413
     2.440
     2.358
     2.051
     2.040
     1.829
     2.808
     2.477
     2.993
     2.463
     0.954
     2.627
     2.595
     2.401
     2.408
     2.411
     2.736
     2.441
     2.575
     2.280
     2.741
     1.411
     2.130
     2.859
     3.047
     2.288
     2.248
     2.957
     2.751
     2.667
     2.712
     2.818
     1.956
     2.241
     2.346
     2.303
     2.312
     2.108
     2.951
     3.148
     2.795
     2.210
     2.355
     2.220
     2.271
     2.259
     2.672
     2.417
     2.836
     2.038
     1.085
     2.665
     2.535
     2.187
     2.046
     2.761
     2.191
     2.489
     2.063
     2.360
     2.210
     2.133
     2.174
     2.331
     2.846
     2.209
     2.562
     3.178
     2.987
     3.230
     2.973
     2.291
     2.652
     2.489
     2.218
     2.439
     2.283
     2.161
     2.660
     2.215
     2.362
     2.913
     2.460
     2.262
     2.481
     1.680
     2.350
     2.366
     2.406
     2.291
     2.281
     2.351
     3.037
     2.979
     2.523
     2.362
     1.959
     2.475
     1.721
     2.477
     2.540
     2.761
     3.047
     2.542
     2.179
     2.068
     2.924
     2.562
     3.025
     3.106
     2.404
     2.539
     2.760
     2.402
     2.081
     2.639
     1.868
     2.084
     2.781
     2.367
     2.355
     2.910
     2.284
     2.736
     2.456
     2.339
     2.713
     2.755
     2.684
     2.388
     2.393
     2.344
     2.283
     2.106
     2.835
     2.169
     2.746
     2.532
     2.742
     2.814
     2.808
     2.775
     2.321
     2.652
     1.853
     3.094
     1.723
     2.451
     2.633
     2.345
     3.057
     1.872
     2.418
     2.775
     2.837
     2.676
     2.133
     2.784
     2.211
     2.261
     1.374
     2.821
     2.729
     2.725
     2.180
     2.279
     2.895
     3.061
     2.704
     1.697
     2.593
     2.564
     2.556
     3.227
     2.447
     1.895
     2.600
     2.284
     2.187
     2.552
     0.996
     2.980
     2.253
     1.284
     3.080
     2.509
     2.558
     2.503
     2.645
     2.641
     2.269
     2.071
     2.820
     1.452
     2.623
     2.957
     2.223
     2.789
     2.257
     1.145
     2.485
     2.581
     2.430
     2.422
     2.304
     2.960
     2.807
     2.696
     2.268
     3.196
     2.499
     2.564
     1.207
     2.115
     3.199
     1.124
     2.514
     2.437
     2.643
     2.583
     2.934
     1.341
     3.078
     2.989
     2.397
     2.876
     2.287
     2.658
     2.703
     2.592
     3.367
     2.240
     2.617
     2.426
     2.233
     2.560
     2.332
     2.698
     2.458
     2.087
     2.661
     2.436
     2.013
     2.360
     2.423
     2.288
     2.220
     2.625
     2.081
     2.690
     2.824
     2.352
     1.312
     1.471
     2.787
     2.144
     3.271
     2.638
     2.082
     2.265
     2.722
     2.858
     2.322
     2.654
     3.036
     2.224
     2.868
     2.261
     2.252
     2.945
     2.182
     2.076
     2.386
     3.014
     1.074
     2.240
     1.752
     2.783
     2.116
     2.313
     2.275
     2.563
     3.393
     2.147
     2.054
     2.849
     1.492
     3.275
     2.279
     2.598
     2.551
     2.734
     2.736
     2.395
     2.575
     2.938
     3.090
     2.493
     2.656
     2.137
     2.757
     2.347
     2.425
     2.400
     2.738
     1.302
     2.970
     2.347
     2.399
     2.609
     2.579
     2.598
     2.845
     2.400
     1.454
     2.304
     2.377
     2.725
     2.391
     2.277
     2.190
     2.481
     2.930
     2.743
     1.960
     2.219
     2.280
     1.684
     2.445
     2.441
     2.662
     2.323
     1.828
     2.373
     2.088
     2.366
     2.304
     2.407
     2.327
     2.424
     2.422
     2.826
     2.306
     2.319
     2.291
     2.299
     2.381
     2.272
     2.571
     1.508
     2.826
     2.369
     2.884
     2.994
     1.654
     1.862
     2.844
     2.250
     2.189
     2.497
     2.249
     2.518
     2.215
     1.387
     2.816
     2.295
     2.524
     2.609
     2.299
     2.738
     2.585
     2.754
     1.044
     2.180
     2.726
     2.426
     1.248
     0.840
     1.573
     2.710
     2.280
     2.715
     2.295
     2.867
     2.412
     2.513
     3.008
     2.593
     2.691
     2.386
     2.974
     2.406
     2.532
     2.673
     3.045
     3.167
     2.500
     2.477
     2.478
     2.312
     2.148
     2.759
     2.256
     2.634
     2.483
     2.341
     2.469
     2.291
     2.863
     2.739
     2.338
     2.223
     2.897
     1.837
     2.734
     2.396
     2.160
     2.483
     2.240
     2.005
     2.818
     2.383
     2.705
     2.710
     3.180
     2.290
     2.690
     2.531
     2.760
     2.719
     2.559
     2.421
     2.510
     2.701
     2.092
     2.587
     2.667
     2.792
     2.501
     2.919
     2.664
     2.824
     2.246
     2.182
     2.753
     2.342
     2.310
     2.607
     2.636
     2.750
     2.778
     2.776
     2.259
     3.028
     2.695
     2.178
     2.926
     2.570
     2.696
     2.957
     2.581
     2.396
     1.679
     2.808
     1.315
     2.828
     2.833
     2.444
     1.995
     1.851
     2.429
     2.806
     2.559
     2.717
     2.713
     2.895
     2.342
     2.691
     1.543
     2.910
     2.265
     2.379
     2.357
     2.535
     2.006
     2.586
     2.528
     2.322
     2.379
     2.299
     2.833
     2.298
     2.991
     2.105
     2.716
     2.938
     2.267
     2.582
     3.153
     2.249
     2.093
     2.773
     2.216
     2.936
     2.525
     2.807
     2.290
     2.282
     2.586
     2.449
     2.402
     2.483
     2.494
     3.242
     2.745
     1.280
     2.697
     3.101
     2.587
     2.355
     2.752
     2.883
     2.265
     2.264
     2.735
     2.605
     2.222
     2.138
     2.455
     2.721
     2.654
     2.656
     1.796
     2.290
     2.717
     2.321
     1.458
     2.223
     2.717
     2.200
     2.600
     2.317
     2.527
     1.816
     2.062
     3.057
     2.588
     2.106
     2.285
     1.443
     2.019
     2.294
     2.366
     2.300
     2.563
     2.765
     2.707
     2.212
     2.363
     1.686
     2.291
     2.173
     3.293
     3.267
     2.275
     2.335
     2.584
     2.170
     1.239
     2.603
     2.556
     2.784
     0.976
     1.475
     2.450
     2.283
     2.878
     2.620
     1.486
     2.252
     2.256
     2.510
     2.702
     2.230
     1.112
     2.719
     2.172
     2.540
     2.538
     2.139
     2.611
     2.365
     2.280
     2.729
     1.541
     2.495
     2.056
     2.777
     1.491
     2.839
     1.258
     2.164
     1.301
     2.287
     2.754
     2.722
     1.993
     2.290
     2.730
     2.296
     2.260
     2.674
     2.187
     1.547
     1.620
     2.294
     2.732
     1.667
     2.152
     2.280
     2.749
     3.065
     2.338
     2.332
     2.010
     2.135
     2.766
     2.491
     2.689
     2.262
     2.754
     2.725
     2.784
     1.517
     2.218
     3.077
     2.116
     2.511
     2.060
     2.242
     2.620
     2.231
     2.381
     2.279
     2.707
     2.262
     1.074
     2.792
     2.031
     1.599
     2.410
     3.110
     2.372
     2.209
     2.266
     2.543
     1.845
     2.624
     2.866
     2.719
     2.197
     2.317
     2.244
     0.940
     2.170
     2.946
     2.186
     2.299
     1.632
     2.209
     2.282
     2.342
     2.458
     2.515
     2.318
     2.955
     2.466
     2.541
     2.292
     2.793
     2.951
     2.906
     2.966
     2.285
     2.210
     2.379
     1.968
     3.072
     2.813
     2.347
     2.813
     2.526
     2.608
     2.263
     3.385
     2.982
     2.526
     2.575
     2.441
     2.563
     2.754
     2.568
     2.243
     2.825
     3.050
     2.633
     2.098
     2.790
     1.984
     1.428
     2.355
     2.717
     2.399
     2.937
     2.327
     2.671
     2.627
     2.807
     2.319
     2.169
     2.205
     2.960
     2.824
     2.553
     2.647
     2.428
     2.382
     1.654
     2.238
     2.343
     2.481
     3.089
     2.863
     2.606
     2.692
     2.166
     2.284
     1.962
     2.636
     2.925
     1.286
     2.617
     2.654
     2.650
     2.816
     2.241
     2.670
     2.797
     2.947
     2.640
     2.443
     2.442
     2.283
     2.526
     2.284
     2.612
     2.281
     2.491
     2.515
     1.715
     2.152
     2.344
     2.041
     3.186
     1.688
     2.326
     2.123
     2.551
     2.521
     2.363
     2.323
     2.753
     2.014
     2.710
     2.650
     2.254
     3.014
     2.957
     1.752
     2.027
     2.674
     2.590
     2.795
     2.328
     2.343
     2.886
     2.796
     2.635
     2.437
     2.719
     2.288
     2.328
     2.903
     2.750
     2.572
     2.767
     2.363
     0.805
     2.941
     2.608
     2.193
     2.229
     2.685
     0.959
     2.893
     2.350
     1.114
     2.152
     2.366
     2.143
     2.782
     2.219
     3.187
     2.242
     2.436
     2.277
     2.272
     3.030
     0.874
     2.095
     2.555
     2.553
     2.724
     2.767
     2.315
     2.551
     2.255
     2.125
     3.058
     2.460
     2.221
     2.220
     2.246
     2.581
     2.380
     2.151
     2.811
     2.402
     2.352
     2.864
     2.129
     2.126
     3.097
     2.823
     2.561
     2.335
     2.581
     2.720
     2.213
     2.672
     2.583
     2.239
     2.839
     2.376
     2.380
     2.892
     2.727
     2.603
     2.541
     2.302
     2.167
     2.303
     2.497
     2.246
     2.242
     3.155
     2.979
     2.590
     2.507
     2.745
     2.323
     2.181
     2.228
     1.702
     2.063
     2.874
     2.901
     2.928
     3.075
     1.662
     1.030
     2.975
     2.518
     2.247
     2.344
     2.410
     2.650
     2.845
     2.381
     1.715
     2.190
     2.810
     1.782
     2.202
     2.402
     2.278
     2.262
     2.839
     2.384
     3.009
     2.936
     1.843
     2.644
     2.535
     2.604
     1.681
     2.766
     2.303
     2.735
     2.165
     1.937
     2.257
     2.408
     2.204
     2.710
     2.811
     2.721
     1.585
     2.343
     2.351
     2.273
     2.239
     1.006
     2.781
     2.133
     2.326
     2.769
     3.270
     2.335
     2.911
     2.452
     1.757
     2.438
     2.458
     2.566
     2.504
     2.273
     2.273
     2.366
     2.349
     2.107
     2.082
     2.829
     2.296
     2.351
     2.781
     1.485
     2.268
     2.489
     2.594
     2.904
     2.705
     2.767
     2.606
     2.894
     2.045
     2.424
     2.186
     2.842
     2.431
     2.075
     2.258
     2.722
     2.506
     2.504
     1.758
     2.322
     3.315
     2.878
     2.161
     2.758
     2.617
     2.910
     2.168
     3.151
     2.285
     1.858
     2.299
     2.697
     2.229
     1.226
     2.936
     1.437
     2.370
     2.268
     2.456
     0.900
     2.878
     2.349
     2.245
     2.490
     2.637
     2.108
     2.265
     2.498
     2.882
     2.331
     2.457
     2.332
     1.468
     2.519
     2.212
     2.657
     2.303
     2.310
     2.279
     2.583
     2.774
     1.781
     2.785
     2.719
     2.355
     2.702
     2.516
     2.925
     2.727
     2.226
     2.234
     2.583
     2.321
     2.293
     2.111
     2.291
     2.283
     1.937
     2.230
     2.805
     2.629
     2.171
     2.332
     2.849
     2.447
     2.378
     1.801
     2.875
     2.349
     1.977
     2.298
     2.774
     2.273
     2.570
     2.608
     2.783
     2.538
     2.504
     2.354
     3.097
     2.275
     2.303
     2.922
     2.701
     2.801
     2.788
     2.936
     2.412
     2.349
     2.639
     1.180
     2.668
     2.695
     2.736
     3.154
     2.061
     2.923
     2.362
     2.330
     2.838
     1.508
     2.174
     2.994
     2.281
     2.822
     2.380
     2.600
     2.746
     2.784
     2.407
     2.139
     2.678
     2.397
     2.194
     2.563
     0.958
     2.211
     2.724
     2.475
     2.918
     2.348
     2.233
     2.384
     2.434
     2.483
     2.272
     2.160
     2.952
     2.337
     2.287
     2.301
     2.433
     2.693
     2.323
     2.324
     2.340
     2.176
     2.253
     3.204
     2.792
     2.217
     2.002
     2.538
     2.889
     2.961
     2.899
     1.005
     1.624
     2.361
     2.647
     2.305
     1.092
     2.198
     2.825
     2.778
     2.290
     2.751
     1.723
     2.644
     2.150
     2.802
     2.654
     2.318
     2.330
     2.451
     2.433
     2.535
     2.656
     2.882
     2.386
     2.300
     2.849
     1.614
     3.082
     2.611
     2.195
     2.274
     2.190
     2.757
     2.430
     2.389
     2.297
     2.314
     2.271
     2.533
     3.121
     2.921
     2.186
     1.545
     2.337
     2.713
     2.538
     2.577
     2.373
     2.666
     2.562
     2.399
     2.296
     2.832
     2.599
     2.727
     2.824
     2.435
     2.384
     2.578
     2.847
     2.941
     2.867
     2.306
     2.684
     2.136
     2.351
     1.101
     2.540
     2.602
     2.379
     2.274
     2.281
     2.325
     3.211
     2.341
     2.757
     2.475
     2.462
     1.253
     2.308
     3.208
     2.281
     2.768
     2.708
     3.129
     2.674
     3.115
     2.704
     1.492
     1.247
     2.316
     2.407
     2.790
     2.862
     2.180
     2.380
     2.499
     2.436
     2.799
     2.700
     2.206
     2.729
     2.469
     2.577
     2.841
     2.079
     2.193
     2.825
     2.879
     1.519
     2.270
     2.287
     2.635
     2.625
     0.566
     1.529
     2.789
     2.179
     2.336
     2.300
     2.722
     2.714
     2.455
     2.272
     2.820
     2.778
     2.190
     2.174
     2.273
     2.298
     2.404
     2.825
     3.038
     2.526
     2.865
     3.233
     2.417
     2.391
     1.983
     2.795
     2.618
     2.249
     2.991
     2.357
     2.587
     1.821
     2.022
     2.318
     2.267
     2.143
     2.497
     2.797
     2.264
     1.062
     2.284
     2.509
     2.186
     2.348
     2.303
     2.310
     2.593
     2.456
     3.117
     2.678
     2.641
     1.411
     2.770
     2.683
     2.378
     2.487
     2.463
     2.793
     2.248
     2.794
     2.098
     2.523
     2.850
     2.203
     2.808
     2.461
     2.296
     2.355
     3.018
     2.862
     2.931
     2.511
     2.104
     2.367
     2.700
     2.807
     2.212
     2.295
     2.427
     2.726
     2.368
     2.382
     2.763
     2.887
     2.652
     2.886
     2.620
     2.599
     2.434
     2.282
     2.397
     2.398
     2.434
     2.417
     2.531
     2.168
     3.190
     1.172
     2.939
     2.592
     1.088
     2.336
     2.627
     2.790
     2.759
     2.794
     2.471
     2.489
     2.540
     2.890
     2.814
     2.664
     2.573
     2.660
     2.114
     2.545
     2.631
     2.712
     2.385
     2.734
     2.252
     2.707
     2.332
     1.421
     2.642
     2.653
     2.340
     1.299
     2.364
     2.415
     2.241
     2.389
     2.306
     2.268
     2.342
     2.343
     2.900
     2.661
     2.257
     1.906
     1.537
     2.345
     2.353
     2.872
     2.438
     2.120
     2.828
     2.318
     2.285
     2.260
     2.905
     2.404
     2.387
     2.350
     2.332
     2.497
     2.813
     2.802
     2.903
     1.822
     2.994
     2.841
     2.323
     2.586
     2.554
     2.355
     2.350
     2.287
     2.659
     2.829
     2.231
     2.766
     1.376
     1.025
     2.553
     2.325
     2.320
     2.340
     2.353
     2.468
     2.834
     2.252
     1.400
     3.358
     2.561
     2.511
     2.656
     1.939
     3.117
     2.173
     2.539
     2.692
     2.389
     2.462
     2.578
     2.824
     2.990
     2.346
     2.361
     2.504
     2.235
     1.829
     2.228
     2.745
     2.402
     2.409
     2.337
     2.306
     2.318
     2.081
     2.403
     2.383
     2.538
     2.791
     2.330
     2.674
     2.403
     2.908
     3.006
     2.315
     2.795
     2.864
     2.437
     2.310
     2.467
     2.086
     2.175
     2.668
     2.732
     2.521
     2.336
     2.235
     2.833
     2.653
     2.173
     2.344
     2.023
     2.246
     2.224
     1.385
     2.482
     1.984
     2.611
     2.895
     2.227
     1.988
     2.423
     2.863
     3.212
     2.888
     2.547
     2.141
     1.957
     2.810
     2.766
     2.694
     2.393
     2.682
     2.293
     2.060
     2.584
     2.379
     2.467
     2.801
     2.188
     2.406
     2.417
     2.657
     2.728
     2.037
     1.306
     2.786
     2.304
     2.246
     2.449
     2.500
     2.357
     2.517
     2.812
     2.732
     2.830
     2.750
     2.735
     2.341
     2.184
     0.672
     2.244
     1.270
     2.324
     2.174
     2.128
     2.612
     2.257
     2.813
     2.825
     3.224
     2.269
     2.932
     2.213
     2.570
     2.335
     0.731
     2.179
     2.649
     2.588
     1.697
     2.279
     3.038
     2.242
     2.177
     2.311
     2.664
     2.550
     2.335
     3.024
     3.095
     2.182
     2.423
     2.783
     3.239
     2.256
     2.523
     2.238
     2.427
     2.215
     2.330
     2.585
     2.468
     1.844
     2.466
     2.712
     2.306
     1.341
     2.303
     2.810
     2.202
     2.357
     2.757
     2.295
     2.431
     2.952
     2.972
     2.450
     2.664
     2.576
     2.671
     2.161
     2.887
     2.338
     2.276
     2.128
     2.484
     2.427
     2.849
     2.338
     2.708
     2.556
     2.449
     2.523
     2.579
     2.644
     2.315
     2.441
     1.895
     3.061
     2.490
     2.152
     2.729
     2.710
     2.717
     2.414
     2.798
     2.193
     1.340
     2.359
     2.334
     2.357
     2.431
     2.474
     2.438
     2.749
     1.640
     0.942
     2.966
     2.182
     2.684
     2.679
     2.314
     2.511
     2.215
     2.222
     2.384
     2.602
     3.114
     1.975
     2.462
     2.416
     1.457
     2.839
     2.260
     2.566
     3.133
     2.816
     2.389
     2.264
     2.658
     2.103
     2.371
     2.914
     3.131
     2.825
     2.364
     2.217
     2.796
     2.308
     2.154
     2.621
     2.916
     2.246
     2.349
     2.814
     1.781
     2.396
     2.386
     2.267
     3.310
     1.214
     2.308
     2.545
     2.780
     2.534
     2.665
     1.766
     2.517
     2.094
     1.684
     2.483
     2.334
     2.739
     2.952
     3.143
     2.838
     1.150
     2.094
     2.168
     2.390
     2.942
     2.835
     3.004
     1.871
     3.071
     2.164
     2.803
     2.249
     2.793
     2.850
     1.715
     2.792
     2.212
     2.572
     2.483
     1.860
     3.029
     2.568
     2.138
     2.263
     2.472
     2.145
     3.137
     2.189
     2.787
     2.355
     2.236
     2.136
     2.842
     2.201
     2.256
     3.309
     2.086
     2.229
     2.679
     2.471
     2.329
     2.325
     1.576
     1.303
     2.122
     2.686
     2.658
     2.314
     2.246
     2.942
     2.349
     2.178
     2.449
     2.238
     1.310
     2.256
     0.940
     2.514
     2.827
     2.249
     2.753
     2.171
     2.237
     1.118
     2.210
     2.878
     2.200
     2.144
     2.887
     2.508
     2.546
     2.725
     2.976
     2.099
     2.710
     2.391
     2.317
     2.829
     2.327
     1.912
     2.159
     2.341
     2.435
     2.848
     2.378
     1.450
     2.092
     2.917
     2.133
     3.086
     2.098
     2.402
     2.528
     2.509
     2.595
     2.406
     2.970
     2.525
     2.812
     2.403
     2.369
     2.681
     2.734
     2.123
     2.788
     2.791
     1.495
     3.156
     3.225
     2.311
     1.923
     2.776
     2.679
     1.866
     2.274
     2.717
     2.567
     2.145
     2.539
     2.449
     2.374
     2.757
     2.697
     2.189
     2.361
     2.340
     2.681
     2.282
     2.648
     2.026
     2.211
     2.681
     2.060
     2.157
     2.250
     2.333
     2.928
     2.411
     2.667
     2.241
     2.205
     2.487
     2.746
     2.574
     2.415
     1.778
     2.527
     2.257
     2.825
     2.211
     1.778
     2.482
     2.380
     2.829
     2.255
     2.728
     2.744
     2.832
     1.559
     2.325
     2.556
     2.526
     2.611
     0.908
     2.705
     0.998
     2.311
     2.326
     2.014
     2.515
     2.611
     2.558
     2.225
     2.174
     2.639
     2.556
     1.535
     2.304
     0.785
     2.860
     2.353
     2.767
     2.267
     2.042
     2.201
     2.858
     2.875
     2.897
     2.277
     3.150
     2.781
     2.327
     2.258
     3.006
     3.225
     2.394
     2.937
     1.782
     2.497
     2.279
     1.259
     2.203
     2.680
     2.562
     2.347
     2.719
     2.851
     2.831
     2.839
     2.892
     1.849
     2.313
     1.271
     2.662
     2.506
     2.358
     2.438
     2.194
     2.806
     2.509
     2.769
     2.494
     2.050
     2.324
     2.332
     2.814
     2.641
     2.110
     2.104
     2.851
     2.294
     2.608
     2.269
     2.260
     2.277
     2.837
     1.497
     2.423
     2.395
     2.254
     2.224
     2.756
     2.505
     2.364
     2.815
     2.300
     2.330
     2.238
     2.701
     2.291
     1.582
     2.292
     2.001
     2.712
     1.968
     2.297
     1.796
     2.034
     2.282
     2.061
     2.771
     2.350
     2.848
     2.818
     3.119
     2.184
     2.217
     2.470
     2.294
     2.416
     2.177
     2.375
     2.857
     1.630
     2.286
     2.180
     3.059
     2.962
     2.354
     2.282
     2.280
     2.393
     2.188
     2.426
     2.611
     2.697
     2.873
     2.452
     2.341
     3.026
     2.524
     2.469
     2.207
     2.516
     2.373
     2.376
     2.541
     2.750
     2.589
     2.274
     2.279
     2.241
     2.465
     2.459
     1.552
     2.536
     2.857
     2.656
     2.123
     2.349
     2.353
     3.106
     2.255
     2.313
     2.336
     2.839
     2.803
     2.337
     2.224
     2.278
     2.355
     3.267
     2.836
     2.245
     2.332
     2.130
     2.712
     2.562
     2.959
     2.236
     2.299
     2.411
     2.278
     2.806
     2.526
     2.608
     1.997
     2.255
     2.955
     3.137
     2.145
     2.046
     2.276
     1.983
     2.308
     2.844
     3.248
     3.189
     2.187
     2.438
     2.343
     2.384
     2.356
     1.596
     2.128
     3.021
     2.531
     2.887
     2.204
     2.280
     2.310
     2.388
     1.421
     2.255
     1.653
     2.856
     1.745
     2.600
     2.651
     2.250
     2.671
     2.359
     2.807
     2.624
     2.371
     2.343
     2.688
     2.550
     2.213
     2.233
     2.285
     2.168
     2.627
     2.205
     1.457
     2.742
     2.490
     2.601
     2.131
     2.967
     2.409
     2.584
     2.438
     2.399
     2.871
     2.642
     1.591
     2.272
     0.997
     1.912
     2.205
     2.794
     2.278
     2.439
     2.304
     2.775
     2.692
     2.246
     2.128
     2.885
     2.414
     2.463
     2.336
     2.493
     1.543
     2.290
     2.282
     2.631
     2.355
     1.781
     2.533
     3.022
     2.651
     2.157
     2.213
     2.960
     2.820
     2.277
     2.609
     2.556
     2.236
     3.082
     1.143
     2.355
     2.653
     2.264
     2.357
     2.698
     2.348
     2.762
     2.351
     2.241
     2.852
     2.219
     2.420
     2.302
     2.322
     2.507
     2.611
     2.357
     3.067
     2.339
     1.507
     2.239
     1.154
     2.646
     2.563
     2.598
     2.598
     2.329
     2.303
     2.050
     2.220
     2.279
     2.312
     2.239
     2.751
     2.769
     2.268
     2.702
     2.729
     2.251
     2.499
     2.222
     2.170
     2.407
     2.386
     3.004
     2.846
     2.794
     2.192
     2.345
     2.794
     2.300
     2.737
     2.183
     2.443
     2.338
     2.314
     1.809
     2.951
     2.300
     2.720
     2.428
     2.316
     1.968
     2.256
     2.689
     2.700
     2.354
     2.282
     2.143
     2.644
     2.259
     2.866
     2.272
     2.805
     2.894
     2.174
     2.194
     2.732
     0.997
     2.894
     2.354
     2.782
     2.670
     1.793
     2.232
     2.375
     2.206
     2.309
     2.892
     1.968
     2.699
     2.471
     2.223
     2.744
     2.126
     2.686
     2.386
     2.827
     2.846
     3.032
     2.901
     2.282
     3.107
     2.565
     2.278
     2.497
     2.693
     2.367
     2.338
     2.466
     2.281
     2.169
     2.473
     2.792
     2.422
     2.524
     2.429
     2.290
     1.947
     2.821
     2.899
     2.755
     2.623
     3.336
     3.117
     2.551
     2.369
     2.312
     3.254
     1.654
     2.799
     2.306
     2.312
     2.221
     2.581
     2.272
     2.948
     2.445
     2.573
     1.791
     2.322
     2.333
     2.205
     2.939
     2.819
     0.845
     2.406
     2.379
     3.133
     3.108
     2.266
     3.000
     2.664
     2.364
     2.236
     2.796
     2.934
     2.469
     3.209
     2.559
     2.692
     2.819
     2.776
     2.786
     1.535
     2.379
     2.413
     2.333
     1.540
     2.171
     2.296
     2.402
     2.611
     2.274
     2.162
     2.340
     2.752
     3.049
     2.288
     1.293
     2.592
     2.337
     2.913
     2.962
     2.274
     1.239
     2.339
     2.436
     2.763
     3.089
     2.787
     1.005
     3.016
     3.095
     2.830
     2.719
     2.257
     2.575
     2.862
     2.482
     2.329
     2.347
     2.591
     2.778
     3.240
     2.061
     2.209
     2.178
     2.173
