     2.429
     2.029
     2.441
     2.447
     2.447
     2.445
     2.407
     2.375
     2.375
     2.372
     2.353
     2.372
     2.412
     2.424
     2.421
     2.414
     2.402
     2.391
     2.382
     2.374
     2.368
     2.375
     2.378
     2.366
     2.343
     2.322
     2.315
     2.325
     2.347
     2.358
     2.373
     2.369
     2.359
     2.330
     2.328
     2.311
     2.304
     2.283
     2.295
     2.324
     2.441
     2.500
     2.543
     2.601
     2.644
     2.739
     2.818
     2.869
     2.899
     2.915
     2.928
     2.936
     2.956
     2.947
     2.938
     2.916
     2.900
     2.868
     2.830
     2.800
     2.769
     2.739
     2.729
     2.732
     2.721
     2.717
     2.715
     2.717
     2.719
     2.707
     2.692
     2.686
     2.686
     2.684
     2.684
     2.709
     2.743
     2.801
     2.875
     2.933
     2.957
     2.948
     2.903
     2.830
     2.755
     2.668
     2.693
     2.715
     2.821
     2.924
     2.982
     3.032
     3.057
     3.063
     3.053
     3.055
     3.052
     3.038
     3.023
     3.006
     2.938
     2.873
     2.793
     2.746
     2.735
     2.768
     2.807
     2.882
     2.936
     3.004
     3.074
     3.118
     3.145
     3.157
     3.159
     3.162
     3.144
     3.137
     3.105
     3.095
     3.074
     3.048
     3.024
     2.986
     2.938
     2.849
     2.712
     2.547
     2.353
     2.201
     2.227
     2.381
     2.383
     2.348
     2.281
     2.173
     2.073
     2.020
     2.108
     2.161
     2.173
     2.210
     2.331
     2.441
     2.509
     2.554
     2.564
     2.537
     2.488
     2.453
     2.415
     2.358
     2.282
     2.178
     2.096
     2.110
     2.145
     2.189
     2.258
     2.310
     2.305
     2.238
     2.140
     2.018
     1.725
     1.517
     1.381
     1.462
     1.527
     1.579
     1.623
     1.694
     1.771
     1.838
     1.917
     1.992
     2.096
     2.160
     2.214
     2.297
     2.366
     2.459
     2.553
     2.669
     2.753
     2.798
     2.810
     2.808
     2.799
     2.794
     2.773
     2.747
     2.713
     2.676
     2.643
     2.601
     2.572
     2.552
     2.534
     2.519
     2.497
     2.475
     2.447
     2.421
     2.399
     2.367
     2.320
     2.253
     2.170
     2.179
     2.154
     2.106
     2.065
     2.052
     2.100
     2.171
     2.234
     2.294
     2.328
     2.358
     2.369
     2.313
     2.265
     2.109
     2.056
     2.167
     2.224
     2.291
     2.354
     2.406
     2.441
     2.481
     2.483
     2.490
     2.492
     2.496
     2.466
     2.440
     2.405
     2.351
     2.278
     2.227
     2.261
     2.364
     2.387
     2.393
     2.394
     2.423
     2.454
     2.487
     2.526
     2.555
     2.574
     2.573
     2.552
     2.525
     2.485
     2.427
     2.374
     2.320
     2.268
     2.238
     2.221
     2.229
     2.238
     2.230
     2.227
     2.246
     2.266
     2.278
     2.337
     2.378
     2.401
     2.416
     2.794
     1.590
     2.364
     2.427
     2.499
     2.092
     2.722
     2.238
     1.774
     2.327
     2.556
     2.458
     2.793
     2.207
     2.428
     1.950
     2.311
     2.472
     2.488
     2.385
     1.288
     2.215
     2.534
     2.249
     2.744
     2.471
     3.061
     2.250
     3.017
     2.719
     2.805
     2.213
     2.344
     2.273
     2.144
     0.880
     2.295
     2.378
     2.129
     2.451
     2.402
     1.399
     1.865
     2.337
     2.525
     2.646
     2.429
     2.389
     2.414
     2.886
     2.907
     1.851
     2.708
     3.072
     2.055
     2.885
     2.283
     2.846
     1.943
     2.521
     2.575
     2.273
     2.616
     2.501
     2.578
     0.995
     2.352
     2.683
     2.415
     2.358
     2.664
     1.063
     2.661
     2.341
     2.278
     2.513
     2.193
     2.420
     3.041
     2.275
     2.384
     2.439
     0.952
     2.301
     2.542
     2.171
     2.419
     2.762
     2.259
     1.366
     1.759
     2.307
     2.091
     2.356
     1.900
     2.277
     2.270
     2.366
     2.879
     2.431
     2.290
     2.900
     1.551
     2.392
     2.357
     2.188
     2.508
     2.377
     2.313
     2.369
     2.363
     2.410
     1.799
     3.267
     2.792
     2.990
     2.253
     2.704
     2.383
     2.726
     2.744
     2.143
     1.583
     1.713
     2.977
     2.090
     2.217
     2.470
     2.430
     2.300
     2.977
     2.484
     2.307
     2.139
     2.848
     1.653
     2.992
     2.629
     2.205
     1.895
     2.162
     2.532
     2.405
     1.713
     2.255
     2.384
     2.397
     2.354
     2.317
     2.236
     2.717
     1.488
     1.783
     2.162
     2.556
     1.866
     1.905
     2.408
     2.431
     2.597
     2.256
     2.330
     2.356
     2.437
     1.131
     3.149
     2.347
     3.267
     2.043
     2.555
     2.876
     2.400
     2.414
     2.575
     2.023
     1.702
     2.198
     2.180
     2.488
     2.327
     2.834
     2.472
     2.494
     2.445
     2.620
     2.288
     2.328
     2.161
     1.863
     0.945
     2.637
     1.941
     2.141
     2.554
     2.552
     2.626
     2.337
     2.504
     2.282
     2.336
     2.742
     2.490
     2.496
     2.568
     2.334
     2.175
     2.377
     2.528
     2.415
     2.377
     2.759
     2.674
     2.148
     2.441
     2.505
     2.418
     2.392
     2.069
     2.901
     1.683
     2.398
     2.362
     2.190
     2.496
     2.497
     1.381
     2.321
     1.829
     1.707
     1.536
     2.654
     1.149
     2.914
     2.553
     3.237
     2.525
     2.688
     2.843
     2.273
     1.015
     2.671
     3.094
     2.093
     2.994
     2.174
     2.405
     2.651
     2.319
     2.191
     2.228
     2.343
     1.792
     2.328
     2.285
     2.200
     2.374
     1.951
     2.406
     2.490
     2.657
     2.650
     2.474
     1.728
     2.281
     2.235
     2.391
     2.628
     3.121
     1.711
     2.437
     2.295
     2.866
     2.375
     2.419
     1.480
     1.459
     2.785
     2.388
     2.676
     2.353
     2.559
     2.305
     2.356
     2.366
     2.000
     2.524
     2.929
     2.407
     2.666
     2.202
     2.308
     2.272
     2.286
     2.675
     2.402
     2.153
     2.158
     2.309
     2.387
     2.485
     2.690
     2.395
     2.134
     2.367
     2.537
     2.788
     2.967
     2.797
     2.249
     2.420
     2.467
     2.796
     2.368
     2.852
     1.728
     2.241
     2.746
     2.156
     3.065
     2.293
     2.344
     3.127
     2.384
     2.520
     2.742
     2.870
     1.212
     2.414
     3.208
     1.789
     2.968
     2.830
     2.621
     1.979
     2.378
     2.214
     2.815
     2.564
     3.061
     2.408
     2.413
     2.314
     2.453
     2.322
     2.426
     2.128
     1.940
     2.264
     2.194
     2.366
     1.703
     2.327
     2.499
     2.554
     2.469
     2.248
     2.375
     2.421
     1.879
     2.794
     1.985
     1.909
     2.481
     2.341
     2.155
     2.790
     1.616
     2.922
     2.450
     2.413
     2.407
     2.143
     2.292
     1.893
     2.230
     2.566
     2.717
     2.276
     1.023
     2.416
     1.047
     2.074
     2.332
     2.309
     2.426
     2.478
     2.282
     2.216
     2.726
     2.352
     2.479
     2.236
     2.261
     2.736
     2.226
     2.163
     1.097
     2.403
     3.236
     3.129
     2.402
     2.443
     2.317
     2.403
     2.348
     1.237
     1.455
     2.439
     2.360
     2.176
     2.522
     2.777
     2.205
     2.856
     3.038
     2.770
     2.610
     1.608
     1.993
     2.579
     2.517
     1.611
     2.321
     2.441
     2.154
     2.548
     2.164
     2.376
     2.660
     2.550
     2.194
     2.394
     2.770
     2.461
     2.280
     2.262
     2.205
     2.268
     2.529
     2.575
     2.372
     2.213
     2.362
     2.510
     2.312
     2.168
     2.151
     2.679
     3.261
     1.505
     3.162
     2.241
     2.304
     2.573
     2.886
     2.331
     2.291
     2.293
     2.500
     1.525
     3.058
     1.849
     2.363
     1.570
     1.396
     2.432
     2.400
     2.770
     2.821
     2.412
     2.175
     2.249
     2.869
     2.536
     2.904
     2.400
     2.417
     3.153
     2.346
     2.248
     2.813
     1.272
     2.878
     2.471
     2.752
     2.318
     2.302
     2.091
     2.382
     2.608
     2.672
     2.389
     2.471
     2.021
     2.266
     2.239
     1.887
     2.337
     2.231
     1.894
     3.220
     2.980
     2.808
     2.163
     2.532
     2.931
     2.722
     2.359
     2.409
     1.854
     2.475
     2.408
     1.638
     2.260
     1.135
     2.394
     2.564
     2.072
     2.192
     2.454
     2.856
     1.732
     2.708
     2.386
     2.703
     2.359
     2.996
     1.851
     1.597
     2.199
     1.587
     2.987
     2.140
     2.237
     2.441
     2.297
     2.683
     2.512
     1.402
     2.571
     2.744
     2.395
     2.234
     1.510
     2.240
     2.266
     2.322
     2.343
     2.293
     2.457
     2.414
     2.661
     2.316
     3.007
     2.598
     2.173
     2.490
     2.598
     2.614
     2.248
     2.390
     2.321
     2.436
     2.318
     2.819
     2.160
     2.217
     2.556
     2.329
     1.372
     2.830
     1.463
     1.684
     2.489
     2.723
     2.353
     1.811
     2.188
     2.492
     2.460
     2.032
     2.735
     2.343
     2.306
     2.599
     2.575
     2.583
     2.308
     2.682
     2.175
     2.490
     2.398
     2.380
     2.207
     2.263
     2.567
     2.043
     2.525
     2.284
     2.511
     2.862
     2.103
     1.408
     2.400
     2.389
     0.880
     1.575
     2.314
     1.424
     2.497
     2.529
     2.216
     2.567
     2.404
     2.320
     2.312
     2.387
     2.396
     2.433
     1.078
     2.506
     2.468
     2.389
     2.436
     1.539
     2.213
     2.537
     2.286
     2.575
     1.983
     2.804
     2.288
     2.341
     2.067
     2.199
     2.343
     2.406
     2.658
     3.005
     2.103
     2.232
     2.362
     2.366
     1.849
     1.473
     2.763
     2.351
     2.513
     2.202
     2.344
     1.629
     2.504
     2.331
     3.089
     2.683
     2.424
     2.322
     2.296
     0.837
     2.519
     2.762
     2.011
     3.072
     2.362
     2.334
     3.180
     2.283
     2.478
     2.382
     2.383
     1.999
     2.815
     2.670
     2.654
     0.872
     2.494
     2.414
     2.281
     0.908
     2.276
     2.715
     2.216
     2.757
     2.845
     2.054
     2.778
     2.311
     2.184
     2.341
     2.598
     2.393
     2.657
     1.784
     2.315
     2.142
     2.678
     2.921
     2.917
     1.605
     2.375
     2.509
     2.339
     2.509
     2.448
     2.572
     2.500
     2.327
     2.601
     2.402
     3.252
     1.280
     2.522
     2.482
     2.885
     2.118
     2.356
     2.505
     3.066
     1.598
     2.216
     2.192
     2.036
     2.539
     1.151
     2.176
     2.541
     2.523
     2.512
     2.348
     2.809
     3.230
     2.489
     2.786
     2.312
     2.877
     2.340
     2.430
     2.323
     3.091
     2.502
     2.320
     2.319
     1.569
     3.162
     2.098
     2.393
     1.514
     2.831
     2.458
     2.176
     2.241
     1.962
     2.699
     2.411
     2.020
     2.932
     2.342
     2.187
     2.446
     2.368
     2.662
     2.313
     2.228
     2.392
     2.591
     3.204
     2.280
     2.254
     2.382
     1.807
     2.946
     2.870
     2.533
     2.960
     2.735
     2.417
     2.245
     2.336
     2.639
     2.803
     2.121
     2.692
     2.711
     2.335
     2.408
     2.460
     2.578
     2.400
     2.143
     2.557
     2.399
     1.049
     2.416
     2.335
     2.033
     2.426
     2.677
     1.865
     2.553
     2.746
     2.597
     2.235
     2.262
     2.782
     2.439
     2.296
     2.274
     2.356
     2.405
     1.823
     2.523
     2.107
     2.645
     2.218
     1.319
     2.260
     2.338
     2.391
     2.443
     2.850
     2.281
     2.651
     2.483
     1.517
     2.276
     2.328
     2.095
     2.437
     2.266
     2.061
     3.034
     2.361
     2.843
     3.090
     2.436
     2.067
     2.394
     2.648
     2.424
     2.499
     2.495
     2.342
     2.708
     2.508
     1.579
     2.761
     1.440
     2.339
     2.695
     2.343
     2.684
     0.799
     2.243
     2.657
     2.765
     2.762
     2.476
     3.041
     2.750
     2.483
     2.275
     2.398
     2.436
     2.753
     2.179
     2.205
     2.254
     2.252
     2.318
     2.197
     0.673
     2.912
     2.205
     2.410
     2.680
     2.133
     2.360
     1.605
     2.723
     1.542
     2.917
     2.205
     1.816
     2.170
     2.436
     2.349
     2.433
     2.488
     1.799
     2.263
     2.381
     3.127
     2.560
     2.729
     2.321
     1.235
     2.531
     2.401
     2.521
     2.540
     2.231
     2.126
     1.782
     2.377
     2.498
     2.446
     2.468
     2.941
     1.926
     2.378
     3.162
     2.424
     2.520
     2.206
     2.454
     2.192
     1.784
     2.311
     2.122
     2.930
     2.401
     2.546
     2.811
     2.357
     2.254
     2.238
     2.886
     1.663
     2.882
     3.228
     2.891
     2.368
     2.447
     0.799
     2.511
     1.955
     2.444
     2.226
     2.273
     2.609
     2.345
     2.460
     2.282
     2.300
     2.229
     2.955
     1.629
     2.398
     2.826
     2.759
     2.601
     2.446
     2.454
     2.194
     2.125
     2.821
     1.622
     2.228
     2.633
     2.387
     2.912
     2.447
     1.096
     2.266
     2.395
     2.323
     1.214
     2.450
     2.413
     3.045
     2.669
     2.442
     2.392
     2.818
     2.341
     2.692
     1.610
     1.639
     2.379
     2.422
     2.382
     1.983
     2.393
     2.638
     2.371
     1.540
     2.827
     1.710
     2.546
     2.190
     2.368
     2.414
     1.932
     2.181
     2.314
     2.254
     3.276
     2.500
     2.472
     2.605
     2.362
     2.425
     2.724
     2.005
     2.807
     2.247
     2.858
     0.913
     2.631
     2.200
     2.370
     2.191
     3.118
     2.439
     2.599
     2.305
     3.016
     1.982
     2.350
     2.695
     2.371
     2.352
     2.217
     2.801
     2.362
     2.392
     2.309
     2.313
     2.491
     2.188
     2.512
     2.451
     2.463
     2.623
     3.028
     2.416
     2.639
     3.035
     2.503
     2.351
     2.017
     1.247
     2.391
     2.535
     2.283
     2.140
     2.363
     2.175
     2.364
     2.377
     2.069
     1.686
     2.400
     2.399
     1.119
     2.382
     2.523
     2.444
     1.695
     2.332
     1.884
     2.841
     2.196
     3.133
     2.270
     2.304
     2.268
     2.334
     2.528
     2.506
     2.825
     2.333
     3.056
     3.104
     2.315
     2.251
     2.169
     3.217
     2.530
     2.475
     2.176
     2.694
     2.153
     2.312
     2.756
     2.812
     2.477
     2.251
     2.421
     1.557
     2.344
     2.277
     2.517
     1.741
     2.371
     2.592
     2.249
     2.838
     2.387
     1.716
     2.622
     2.060
     2.786
     2.284
     2.177
     2.913
     1.836
     2.871
     2.500
     2.190
     2.333
     2.380
     2.289
     2.815
     2.257
     1.654
     2.868
     1.441
     0.997
     2.812
     2.268
     1.896
     2.273
     2.328
     2.228
     2.513
     1.998
     2.282
     2.154
     2.361
     2.570
     2.427
     3.197
     2.758
     2.455
     2.400
     2.371
     2.250
     2.236
     2.044
     2.464
     2.234
     2.333
     1.826
     2.164
     2.841
     2.818
     2.216
     2.303
     2.114
     2.661
     2.382
     2.914
     3.119
     2.284
     2.714
     2.318
     2.206
     2.898
     2.402
     1.760
     2.282
     2.019
     1.329
     2.793
     2.780
     2.293
     1.979
     2.513
     2.219
     2.400
     1.654
     2.323
     2.764
     2.509
     2.843
     2.436
     2.802
     2.349
     2.378
     2.631
     2.350
     1.341
     2.256
     2.386
     1.266
     2.408
     2.615
     2.280
     1.941
     2.938
     2.959
     2.442
     2.393
     2.285
     2.401
     2.268
     1.898
     2.682
     1.432
     2.406
     2.725
     2.759
     2.767
     2.495
     2.337
     2.400
     2.411
     2.301
     2.274
     2.488
     2.586
     2.376
     1.427
     2.249
     2.239
     2.472
     2.621
     2.151
     2.873
     2.442
     2.771
     2.709
     2.341
     2.417
     2.546
     2.535
     2.054
     3.197
     2.244
     2.943
     2.354
     2.347
     1.577
     2.545
     2.233
     2.371
     2.127
     2.425
     1.812
     2.332
     2.300
     1.748
     2.379
     2.382
     2.367
     2.390
     1.891
     2.410
     2.277
     1.456
     0.960
     3.154
     2.365
     2.457
     2.440
     2.348
     2.714
     2.379
     2.332
     2.864
     2.110
     2.392
     2.988
     2.985
     2.916
     2.688
     2.346
     2.658
     2.880
     2.213
     2.986
     2.105
     2.439
     2.141
     2.365
     2.268
     3.158
     1.656
     2.527
     2.354
     1.734
     2.447
     2.295
     2.432
     2.286
     2.717
     3.086
     2.028
     2.474
     2.210
     2.917
     2.443
     2.669
     2.357
     2.527
     3.066
     2.532
     2.590
     2.840
     2.594
     2.834
     2.252
     1.863
     2.548
     3.264
     0.988
     2.560
     2.323
     2.608
     2.673
     2.289
     2.672
     2.427
     2.987
     2.301
     3.062
     2.256
     2.360
     1.450
     2.776
     2.278
     1.670
     2.437
     2.285
     2.438
     2.356
     2.328
     2.154
     3.216
     2.590
     2.402
     3.028
     2.845
     2.293
     2.439
     2.693
     2.415
     2.414
     1.665
     2.494
     2.339
     2.259
     2.862
     2.555
     2.808
     2.831
     1.592
     0.758
     2.190
     1.724
     3.190
     2.306
     1.761
     2.391
     2.455
     2.161
     2.155
     2.247
     1.348
     0.947
     2.720
     2.374
     2.361
     2.313
     2.249
     2.914
     1.522
     1.592
     2.693
     2.516
     2.564
     2.048
     2.495
     2.156
     2.367
     2.184
     1.261
     2.336
     2.762
     2.328
     2.179
     2.448
     2.306
     2.318
     2.459
     2.383
     2.137
     3.040
     2.977
     3.012
     2.078
     2.313
     2.537
     2.198
     1.542
     1.353
     2.009
     1.618
     2.428
     2.914
     1.670
     2.556
     2.349
     2.467
     2.387
     2.854
     2.472
     2.157
     2.397
     2.316
     1.627
     2.461
     3.058
     2.320
     1.927
     2.623
     2.176
     2.524
     1.355
     2.655
     2.707
     2.222
     2.422
     1.274
     2.676
     2.445
     2.284
     2.796
     2.389
     1.637
     1.412
     1.538
     2.894
     2.154
     2.141
     2.338
     1.383
     2.385
     1.239
     2.373
     2.294
     2.257
     2.407
     2.343
     2.932
     2.332
     2.346
     2.055
     2.521
     2.558
     2.152
     2.444
     1.756
     2.599
     2.228
     2.350
     2.113
     2.045
     2.435
     2.359
     2.270
     1.778
     2.435
     2.075
     2.506
     2.281
     2.681
     2.282
     2.546
     2.476
     3.039
     1.835
     2.398
     2.368
     2.335
     2.171
     2.392
     2.775
     3.082
     2.299
     2.279
     2.091
     2.679
     2.646
     2.344
     2.455
     2.348
     2.317
     2.626
     2.346
     2.575
     2.487
     2.381
     2.318
     2.091
     2.318
     2.526
     2.343
     2.522
     2.585
     2.303
     2.428
     2.395
     1.283
     2.175
     2.396
     2.592
     2.683
     2.611
     3.035
     2.284
     2.345
     2.807
     2.460
     2.688
     2.407
     2.097
     2.698
     2.908
     3.260
     2.434
     2.359
     2.391
     3.000
     2.212
     2.015
     0.835
     2.667
     2.535
     2.348
     2.561
     2.717
     2.151
     2.793
     2.527
     2.165
     3.142
     2.271
     2.252
     2.263
     2.001
     2.464
     2.468
     1.786
     3.151
     2.347
     1.361
     2.188
     2.758
     2.549
     2.149
     2.276
     3.167
     1.666
     2.561
     2.393
     2.496
     2.080
     2.290
     2.924
     2.116
     2.817
     2.183
     2.219
     2.229
     2.438
     2.297
     2.213
     2.867
     2.845
     2.664
     2.413
     2.179
     2.561
     2.231
     1.297
     2.536
     2.525
     2.450
     1.528
     2.296
     1.673
     2.428
     1.314
     2.729
     2.321
     2.209
     1.944
     2.679
     2.331
     2.247
     1.989
     2.712
     2.423
     2.429
     2.377
     2.447
     2.444
     2.386
     2.319
     2.181
     2.591
     2.443
     2.155
     2.498
     1.875
     2.196
     2.215
     3.075
     2.332
     2.140
     1.520
     2.734
     2.960
     3.145
     2.536
     2.441
     1.734
     2.640
     2.956
     2.475
     2.890
     2.155
     2.578
     2.293
     2.354
     2.222
     2.359
     2.311
     1.488
     2.439
     1.322
     1.605
     2.400
     2.880
     2.347
     2.388
     2.385
     2.188
     2.809
     2.687
     2.234
     2.265
     2.284
     2.349
     2.389
     2.405
     2.272
     2.320
     2.370
     2.151
     2.361
     2.772
     1.566
     1.238
     2.577
     2.220
     2.436
     2.181
     2.536
     2.337
     2.301
     1.657
     3.211
     2.508
     2.297
     2.896
     2.534
     2.395
     2.416
     1.186
     2.286
     2.635
     2.358
     2.462
     2.729
     2.409
     2.301
     1.436
     2.125
     2.572
     2.594
     2.389
     2.242
     2.226
     2.849
     2.074
     2.420
     2.469
     3.203
     2.292
     2.800
     2.535
     2.468
     2.330
     2.194
     2.713
     2.382
     0.898
     2.457
     2.199
     2.417
     1.192
     1.712
     2.554
     2.509
     2.619
     2.187
     2.330
     2.626
     2.565
     1.487
     2.169
     2.754
     2.147
     2.310
     2.418
     2.278
     2.586
     2.539
     2.733
     2.262
     2.409
     1.218
     2.291
     1.276
     2.248
     1.587
     3.213
     2.067
     2.054
     2.550
     2.495
     2.896
     2.205
     1.718
     2.565
     1.928
     2.321
     1.594
     2.407
     2.479
     1.905
     1.728
     2.344
     2.549
     2.485
     2.548
     2.733
     2.692
     1.854
     2.283
     2.359
     2.593
     3.118
     2.010
     1.622
     2.071
     2.790
     2.752
     2.890
     1.933
     2.373
     2.455
     2.174
     2.310
     2.590
     2.728
     2.811
     2.359
     2.323
     2.226
     2.471
     2.346
     2.141
     2.265
     2.313
     2.367
     2.034
     1.908
     2.284
     2.814
     2.471
     2.972
     2.400
     1.370
     2.387
     2.383
     2.492
     2.827
     2.407
     2.416
     2.651
     2.166
     2.233
     2.504
     2.333
     2.081
     2.898
     0.985
     1.633
     2.953
     2.765
     2.754
     2.935
     2.573
     2.770
     2.539
     2.383
     2.246
     2.467
     2.469
     2.371
     2.478
     2.502
     2.287
     2.225
     1.704
     2.399
     2.207
     2.466
     2.641
     2.442
     2.365
     2.600
     2.474
     2.297
     2.540
     3.061
     2.412
     2.296
     2.350
     2.693
     2.641
     2.362
     2.983
     3.232
     2.338
     2.328
     2.359
     2.432
     2.529
     2.376
     2.204
     2.441
     2.622
     2.375
     2.578
     2.734
     2.924
     1.126
     2.237
     2.319
     2.735
     2.183
     2.338
     1.914
     2.316
     2.303
     2.272
     1.076
     2.157
     2.376
     2.285
     2.300
     2.351
     2.400
     1.322
     1.357
     2.585
     2.582
     2.607
     2.511
     2.584
     1.588
     2.068
     2.397
     2.391
     2.633
     2.166
     2.220
     2.292
     2.206
     1.960
     2.357
     2.757
     2.349
     2.861
     2.320
     2.327
     2.217
     3.003
     2.512
     2.306
     2.680
     2.752
     1.820
     2.436
     1.944
     1.383
     2.450
     2.355
     3.166
     3.108
     1.753
     2.134
     2.450
     2.462
     2.510
     1.584
     1.452
     2.326
     1.856
     2.046
     3.206
     2.408
     2.208
     3.274
     2.165
     1.596
     1.703
     2.488
     2.332
     2.577
     2.171
     1.420
     2.479
     2.897
     2.500
     2.278
     2.408
     1.779
     2.269
     3.263
     1.869
     2.633
     2.397
     2.748
     2.740
     2.406
     0.894
     3.000
     2.596
     2.219
     1.450
     2.623
     2.406
     2.820
     2.545
     2.472
     2.988
     2.168
     2.755
     2.049
     2.799
     2.734
     2.468
     2.176
     2.433
     3.209
     1.901
     2.251
     3.014
     1.055
     2.698
     2.752
     3.247
     2.806
     2.634
     2.412
     2.390
     2.266
     2.321
     2.727
     2.727
     2.292
     2.278
     2.349
     3.017
     2.463
     2.178
     0.833
     2.115
     2.386
     2.385
     2.776
     3.073
     2.506
     2.723
     2.400
     2.098
     2.411
     2.201
     2.693
     2.618
     2.380
     2.787
     2.902
     2.351
     2.404
     2.583
     2.848
     2.123
     2.672
     2.308
     2.374
     2.474
     2.868
     0.646
     1.320
     2.598
     2.397
     2.752
     2.413
     2.738
     1.171
     2.099
     2.107
     2.438
     2.880
     2.280
     2.190
     2.254
     3.188
     2.116
     2.533
     2.058
     3.113
     2.439
     1.799
     2.430
     2.441
     2.847
     2.518
     2.466
     2.554
     2.337
     2.536
     2.576
     2.748
     2.724
     2.221
     2.549
     2.549
     2.512
     1.201
     2.105
     2.479
     2.474
     2.311
     2.207
     2.472
     2.144
     2.941
     2.943
     2.707
     2.685
     2.279
     2.541
     2.304
     2.222
     2.605
     2.331
     2.631
     2.496
     2.955
     2.462
     2.351
     2.966
     2.409
     2.369
     2.746
     2.761
     2.616
     2.687
     2.273
     2.321
     2.312
     2.483
     2.550
     1.025
     2.177
     2.370
     3.080
     2.476
     2.035
     2.453
     2.491
     2.513
     2.412
     1.950
     2.599
     2.478
     2.385
     2.290
     2.143
     2.074
     2.250
     2.361
     2.314
     1.736
     2.955
     3.161
     2.183
     2.511
     2.689
     2.502
     2.234
     2.179
     2.411
     2.398
     1.911
     2.811
     2.218
     3.232
     2.280
     2.503
     2.846
     2.517
     2.628
     2.375
     2.248
     2.330
     2.175
     2.481
     2.461
     2.753
     2.218
     2.201
     2.481
     2.311
     2.692
     1.682
     2.131
     2.100
     2.434
     1.770
     2.338
     2.564
     3.238
     2.805
     2.508
     2.397
     2.348
     2.717
     2.480
     2.649
     2.869
     1.072
     2.350
     2.589
     2.647
     1.018
     2.109
     2.986
     2.621
     2.636
     2.567
     2.175
     2.459
     2.347
     2.320
     2.425
     1.998
     2.359
     2.467
     2.464
     2.610
     2.457
     2.987
     2.382
     2.536
     1.754
     2.248
     1.988
     2.490
     1.811
     2.456
     2.035
     2.467
     2.981
     2.495
     2.349
     2.186
     2.221
     2.469
     2.298
     2.529
     2.299
     2.344
     2.287
     2.067
     2.043
     2.369
     2.363
     2.385
     1.806
     2.166
     2.850
     2.396
     2.654
     2.323
     2.107
     2.815
     2.168
     2.402
     2.122
     2.415
     2.308
     2.486
     2.200
     2.251
     2.194
     2.343
     1.313
     1.905
     2.436
     1.456
     2.264
     2.502
     2.293
     2.187
     2.581
     2.338
     2.051
     2.552
     2.393
     2.452
     2.441
     2.378
     1.725
     2.416
     1.646
     2.403
     1.107
     2.458
     2.416
     2.359
     1.736
     2.327
     2.416
     2.247
     2.122
     2.037
     1.787
     2.315
     3.186
     2.714
     2.356
     1.490
     2.433
     2.360
     2.344
     2.629
     2.242
     2.318
     2.367
     2.061
     2.403
     2.276
     1.777
     2.471
     2.541
     2.133
     2.228
     2.185
     2.591
     2.121
     2.441
     1.864
     2.390
     2.868
     2.716
     3.021
     2.409
     2.436
     2.440
     2.874
     2.872
     2.298
     3.051
     2.317
     2.416
     2.257
     2.419
     2.659
     2.525
     2.301
     2.370
     2.437
     2.808
     1.896
     2.610
     1.332
     2.384
     0.942
     2.428
     2.581
     2.536
     2.216
     2.426
     2.315
     1.001
     2.286
     2.069
     1.452
     2.453
     2.327
     2.464
     2.242
     2.925
     1.086
     2.531
     2.407
     1.836
     2.820
     2.525
     2.540
     2.807
     2.401
     1.309
     2.242
     2.340
     2.604
     2.873
     2.357
     2.440
     2.325
     2.256
     2.112
     2.343
     2.951
     1.431
     2.875
     2.772
     2.547
     2.329
     2.806
     2.298
     2.506
     2.360
     2.444
     2.267
     2.358
     2.925
     2.391
     2.428
     2.442
     2.518
     2.111
     2.433
     2.161
     2.247
     2.603
     2.242
     2.181
     1.980
     2.335
     1.391
     2.305
     2.535
     2.240
     1.199
     2.437
     2.368
     2.652
     2.242
     2.141
     2.814
     2.326
     2.865
     2.411
     2.763
     2.158
     1.886
     2.470
     1.857
     3.188
     1.459
     2.665
     1.455
     2.403
     2.163
     2.158
     2.419
     2.301
     2.134
     2.624
     2.453
     2.568
     2.431
     2.440
     1.932
     1.320
     2.389
     2.724
     2.259
     2.293
     2.193
     2.707
     2.857
     2.115
     2.756
     2.409
     3.123
     2.345
     2.522
     2.287
     2.236
     2.418
     2.270
     2.723
     2.467
     2.233
     2.394
     2.386
     2.343
     2.415
     2.450
     2.933
     2.838
     2.892
     2.047
     2.250
     2.250
     3.089
     2.403
     2.684
     2.338
     2.137
     3.108
     2.853
     2.678
     1.201
     1.905
     2.544
     2.432
     2.211
     2.402
     2.284
     2.354
     3.229
     2.491
     2.350
     2.281
     2.390
     2.327
     2.287
     2.523
     2.255
     2.589
     2.428
     2.560
     2.448
     2.437
     2.697
     2.421
     1.870
     2.342
     2.830
     2.809
     2.340
     1.352
     1.742
     2.587
     2.112
     2.397
     2.501
     2.506
     2.509
     2.641
     2.527
     1.758
     2.317
     1.204
     2.568
     2.512
     2.577
     2.190
     2.054
     2.782
     2.867
     2.282
     1.776
     2.945
     2.539
     2.349
     2.510
     1.930
     2.956
     2.216
     2.387
     1.627
     2.391
     1.801
     2.145
     1.063
     2.297
     2.356
     2.561
     2.747
     3.146
     2.855
     2.538
     2.386
     2.229
     2.994
     2.959
     3.000
     2.915
     1.969
     2.514
     2.158
     1.825
     2.382
     1.921
     2.547
     2.254
     2.359
     2.497
     2.421
     2.423
     2.672
     2.362
     2.322
     2.398
     2.362
     2.252
     1.037
     2.530
     1.929
     2.525
     2.047
     1.222
     2.301
     1.731
     2.437
     2.286
     2.177
     2.463
     2.379
     2.316
     2.686
     2.429
     2.420
     2.400
     2.398
     2.179
     1.983
     2.165
     2.841
     2.565
     2.495
     2.379
     2.404
     2.456
     2.209
     2.313
     2.424
     2.533
     2.791
     2.373
     2.240
     1.834
     1.493
     2.549
     2.286
     2.201
     2.644
     2.259
     2.326
     2.537
     2.514
     2.939
     2.362
     1.829
     2.602
     2.269
     2.571
     1.871
     2.132
     2.147
     2.355
     2.931
     2.728
     2.226
     2.863
     1.706
     2.333
     1.857
     3.088
     2.228
     2.549
     2.477
     2.619
     2.374
     2.252
     2.596
     2.411
     2.402
     3.122
     2.493
     2.672
     1.652
     2.534
     3.055
     2.347
     2.541
     2.624
     2.418
     2.452
     2.309
     1.707
     2.637
     1.221
     2.277
     2.560
     2.522
     2.301
     2.439
     2.691
     2.468
     2.243
     1.998
     2.309
     2.754
     2.716
     2.220
     3.040
     2.438
     1.120
     0.887
     2.491
     2.729
     2.273
     2.328
     2.338
     2.798
     2.298
     2.205
     2.367
     2.015
     2.349
     0.981
     2.401
     1.989
     2.342
     2.392
     2.268
     3.270
     1.621
     1.651
     2.789
     2.358
     2.396
     2.347
     2.606
     2.476
     2.216
     2.354
     2.458
     2.668
     3.098
     2.651
     2.419
     2.224
     2.460
     1.198
     2.605
     2.274
     2.660
     2.346
     2.776
     2.924
     2.435
     2.159
     2.001
     1.834
     2.318
     2.695
     2.841
     2.251
     2.330
     2.632
     2.274
     2.369
     2.305
     2.324
     2.324
     2.761
     2.306
     1.844
     2.429
     2.540
     2.708
     2.528
     2.004
     2.213
     2.690
     2.881
     2.884
     2.226
     2.658
     2.332
     2.297
     1.717
     2.416
     1.639
     2.238
     2.518
     2.552
     2.047
     2.400
     2.370
     2.521
     1.703
     1.806
     2.445
     3.236
     0.899
     2.344
     1.724
     1.458
     3.054
     2.779
     2.890
     2.740
     2.245
     2.176
     1.445
     2.541
     3.119
     2.761
     2.729
     2.684
     2.276
     2.445
     2.155
     2.300
     3.041
     1.052
     1.651
     2.762
     2.523
     2.999
     2.450
     2.200
     2.327
     2.249
     2.450
     1.980
     1.365
     2.186
     2.889
     2.024
     2.289
     2.820
     2.779
     2.705
     3.178
     2.331
     2.937
     2.447
     2.369
     2.258
     1.988
     2.430
     2.615
     2.676
     1.875
     2.409
     2.221
     2.821
     2.808
     2.220
     2.346
     3.194
     2.681
     2.338
     2.327
     2.353
     2.874
     2.193
     2.228
     2.384
     1.992
     2.460
     2.693
     2.777
     3.123
     2.093
     2.878
     3.165
     1.847
     2.426
     2.371
     2.154
     2.808
     2.739
     2.605
     2.312
     2.181
     2.417
     2.422
     2.160
     2.192
     2.961
     1.583
     2.406
     1.795
     3.236
     3.039
     2.388
     2.452
     2.858
     2.236
     1.902
     2.392
     2.831
     2.663
     2.602
     2.293
     2.783
     2.415
     2.394
     2.510
     2.256
     2.421
     2.396
     2.938
     2.323
     2.334
     3.071
     2.573
     2.602
     1.639
     2.856
     2.527
     2.390
     2.554
     2.389
     2.406
     2.073
     2.831
     2.175
     2.375
     1.992
     2.127
     2.367
     2.334
     1.705
     2.406
     2.097
     2.501
     2.336
     1.871
     1.992
     2.660
     3.277
     2.424
     3.182
     2.861
     2.167
     1.663
     2.296
     2.820
     2.529
     2.454
     2.530
     2.519
     2.342
     2.347
     2.621
     2.448
     2.665
     2.305
     1.627
     1.903
     1.139
     1.323
     2.317
     2.528
     2.127
     2.816
     1.602
     2.757
     2.124
     2.649
     2.790
     2.270
     3.096
     2.225
     2.481
     2.478
     2.985
     3.000
     2.314
     2.622
     1.880
     2.786
     2.664
     2.247
     2.651
     2.353
     2.652
     2.367
     2.474
     2.246
     2.726
     2.197
     1.487
     0.917
     1.424
     2.452
     3.006
     2.862
     2.882
     2.952
     2.512
     2.383
     2.401
     2.495
     2.364
     2.394
     2.748
     2.193
     2.317
     1.122
     2.398
     2.304
     2.789
     2.319
     1.542
     2.564
     2.064
     3.210
     2.250
     2.559
     2.340
     2.519
     2.980
     2.555
     3.058
     2.895
     2.679
     2.764
     2.340
     2.633
     1.316
     2.521
     2.879
     2.187
     2.856
     2.408
     2.549
     2.547
     2.376
     2.373
     2.823
     2.247
     2.245
     2.260
     2.401
     2.321
     2.079
     2.225
     1.328
     2.303
     2.884
     2.400
     2.305
     2.288
     2.446
     2.975
     2.099
     2.335
     3.215
     2.252
     2.501
     2.188
     2.283
     2.761
     2.792
     1.755
     2.409
     2.308
     2.440
     2.207
     1.832
     2.188
     2.488
     2.816
     2.466
     2.148
     2.226
     2.827
     2.387
     2.395
     2.421
     2.441
     2.389
     2.138
     1.474
     2.638
     2.706
     1.494
     2.306
     2.390
     2.512
     2.490
     2.220
     2.355
     0.850
     2.460
     2.454
     2.796
     2.994
     2.143
     2.394
     2.845
     2.850
     2.509
     2.432
     2.413
     1.720
     2.186
     2.485
     2.445
     2.639
     2.487
     2.197
     2.525
     2.590
     2.892
     2.415
     2.127
     2.220
     3.075
     2.125
     2.395
     2.750
     1.290
     2.333
     2.444
     2.373
     2.411
     1.981
     2.300
     2.006
     2.364
     2.799
     2.758
     2.387
     1.369
     2.145
     2.675
     2.466
     2.455
     2.698
     2.062
     2.656
     1.108
     2.411
     1.510
     3.105
     2.468
     2.932
     2.223
     2.895
     2.210
     2.893
     2.358
     3.015
     2.388
     2.193
     2.760
     2.523
     2.375
     2.346
     2.357
     3.132
     2.490
     2.514
     0.820
     2.407
     1.521
     2.414
     2.174
     2.582
     3.095
     2.863
     1.980
     2.393
     1.797
     2.505
     2.424
     2.382
     2.265
     2.330
     2.270
     2.924
     3.039
     1.784
     2.050
     2.346
     2.361
     1.041
     1.741
     2.336
     2.452
     2.402
     2.452
     2.281
     2.009
     2.395
     2.378
     2.189
     2.393
     2.175
     2.293
     2.786
     2.464
     2.214
     2.442
     2.288
     2.764
     3.126
     3.035
     2.741
     2.428
     2.458
     2.425
     2.346
     1.766
     2.618
     2.444
     2.227
     2.242
     2.208
     2.257
     2.198
     2.469
     2.233
     2.312
     2.240
     2.425
     2.236
     2.395
     1.111
     2.361
     2.253
     1.427
     2.411
     2.117
     2.446
     2.372
     2.377
     2.394
     2.286
     2.519
     1.767
     2.438
     2.444
     3.154
     2.267
     2.196
     1.767
     2.282
     2.764
     2.373
     1.915
     2.392
     2.200
     2.438
     1.871
     2.898
     2.119
     2.814
     2.172
     2.203
     2.581
     2.693
     2.032
     2.805
     2.431
     2.782
     2.835
     2.442
     2.376
     2.102
     2.866
     3.010
     2.304
     2.145
     2.473
     2.350
     2.221
     1.360
     2.842
     2.488
     1.662
     2.098
     2.623
     2.246
     2.357
     2.554
     2.619
     2.280
     2.611
     1.479
     2.803
     2.573
     2.283
     1.730
     2.368
     2.778
     1.692
     2.534
     1.002
     2.413
     1.639
     2.305
     2.196
     0.895
     2.304
     2.337
     0.914
     2.225
     2.418
     3.117
     2.536
     2.229
     2.480
     2.361
     2.776
     2.275
     2.923
     2.326
     2.475
     2.399
     2.706
     1.412
     2.728
     2.353
     2.214
     2.807
     2.868
     3.008
     2.345
     2.249
     2.436
     2.462
     2.419
     2.853
     2.743
     2.093
     2.663
     2.459
     0.819
     2.945
     2.395
     2.525
     3.000
     2.280
     2.584
     2.228
     2.278
     1.933
     2.672
     2.426
     2.263
     2.226
     2.346
     3.050
     2.491
     2.350
     2.136
     2.307
     2.172
     2.160
     2.876
     2.188
     3.200
     1.737
     2.173
     2.494
     2.418
     2.358
     2.893
     2.274
     2.447
     2.288
     2.433
     2.143
     1.981
     1.770
     2.412
     2.468
     2.585
     2.392
     2.530
     2.374
     2.650
     1.963
     2.620
     2.610
     2.369
     2.318
     2.664
     2.238
     2.590
     2.350
     2.701
     2.920
     2.305
     2.595
     1.796
     2.263
     2.251
     2.523
     2.653
     1.792
     2.130
     1.443
     2.908
     2.826
     2.429
     2.337
     1.922
     3.146
     2.354
     2.857
     1.676
     2.688
     1.556
     2.324
     1.409
     1.548
     2.258
     2.289
     2.028
     2.329
     2.825
     2.388
     2.429
     2.330
     2.384
     2.256
     2.601
     2.737
     2.052
     2.482
     2.416
     2.276
     2.700
     2.461
     2.299
     2.550
     2.396
     2.687
     2.804
     2.804
     2.267
     1.723
     2.345
     1.106
     1.757
     2.292
     2.674
     2.186
     2.434
     2.236
     2.376
     2.249
     2.320
     2.381
     2.896
     1.094
     2.403
     2.411
     2.525
     2.391
     2.269
     0.814
     2.280
     2.415
     2.408
     2.151
     2.489
     2.559
     2.270
     2.996
     2.691
     2.639
     2.663
     2.349
     2.271
     2.406
     2.444
     2.490
     2.735
     2.467
     2.366
     1.243
     2.215
     2.740
     2.345
     2.236
     3.019
     2.500
     1.674
     2.556
     2.568
     2.724
     2.698
     2.625
     1.869
     2.242
     2.360
     1.247
     2.450
     2.254
     2.428
     2.362
     2.505
     2.347
     2.344
     2.483
     2.341
     2.257
     2.359
     1.647
     2.354
     2.468
     2.475
     2.522
     2.173
     2.531
     2.996
     2.374
     2.419
     1.728
     2.785
     1.450
     2.312
     2.441
     2.605
     2.605
     2.717
     2.744
     2.376
     1.760
     2.342
     2.382
     2.943
     2.391
     2.347
     2.936
     1.588
     2.251
     2.711
     2.846
     3.013
     2.522
     2.935
     2.248
     3.073
     2.315
     2.449
     2.440
     1.892
     2.181
     2.228
     2.086
     2.456
     2.103
     2.347
     2.218
     2.354
     2.455
     2.420
     2.351
     2.709
     2.814
     2.272
     2.504
     3.240
     2.300
     2.713
     2.710
     3.099
     2.336
     2.286
     2.267
     2.797
     2.315
     1.664
     2.330
     2.370
     1.404
     2.336
     1.937
     2.606
     2.623
     1.406
     2.232
     2.503
     1.916
     2.341
     2.429
     2.405
     3.004
     2.371
     1.873
     2.282
     2.600
     2.129
     2.536
     2.357
     2.296
     2.410
     2.386
     2.112
     3.204
     2.415
     2.801
     2.675
     2.856
     2.526
     2.147
     2.767
     2.221
     2.288
     2.427
     2.733
     3.220
     2.544
     2.233
     0.944
     2.436
     2.367
     2.341
     2.102
     2.425
     1.949
     2.091
     2.318
     2.157
     2.201
     2.380
     2.352
     2.432
     3.161
     2.472
     2.112
     2.134
     2.351
     2.297
     2.297
     2.148
     1.700
     1.670
     2.511
     2.355
     1.790
     2.589
     1.866
     2.345
     2.280
     2.300
     1.905
     2.164
     2.357
     2.355
     2.412
     2.570
     2.338
     1.119
     2.447
     2.260
     1.375
     2.444
     2.345
     2.396
     2.314
     2.805
     2.353
     2.215
     3.013
     2.531
     2.824
     2.782
     2.295
     3.014
     2.156
     2.621
     1.723
     2.443
     2.788
     2.280
     2.560
     2.777
     2.314
     1.913
     2.802
     1.302
     2.351
     2.033
     2.045
     2.449
     3.092
     2.853
     2.100
     2.371
     2.840
     2.273
     2.494
     2.370
     2.497
     2.217
     2.680
     2.569
     2.700
     3.136
     2.079
     2.449
     2.339
     2.320
     2.433
     3.155
     2.392
     1.768
     2.305
     2.251
     2.720
     2.530
     1.779
     2.543
     2.329
     1.621
     2.399
     2.287
     1.984
     2.766
     2.826
     2.959
     2.596
     2.294
     1.802
     2.512
     2.650
     3.014
     2.769
     1.611
     0.982
     1.882
     2.014
     2.493
     2.390
     3.193
     2.984
     2.519
     2.238
     2.610
     1.893
     2.495
     2.327
     1.262
     1.957
     2.165
     2.367
     1.535
     2.859
     2.967
     2.660
     1.791
     2.384
     2.752
     2.449
     2.439
     2.362
     2.401
     1.610
     1.077
     2.319
     2.547
     2.849
     1.597
     2.887
     2.299
     2.933
     1.341
     2.432
     2.420
     2.154
     2.494
     2.290
     2.230
     2.356
     2.373
     2.323
     2.418
     2.109
     2.017
     2.975
     2.436
     2.241
     2.359
     1.583
     2.292
     2.475
     1.822
     2.467
     2.304
     1.602
     2.279
     2.699
     2.390
     2.517
     2.424
     2.333
     2.636
     1.951
     2.200
     2.385
     2.172
     2.437
     2.427
     2.100
     2.237
     2.103
     2.469
     2.405
     2.374
     2.512
     2.468
     1.927
     2.648
     2.371
     2.449
     2.887
     1.630
     2.395
     2.385
     2.384
     2.258
     2.209
     2.313
     3.253
     2.577
     2.277
     2.318
     2.375
     2.345
     1.828
     2.574
     2.350
     2.421
     2.234
     2.571
     3.072
     2.320
     2.358
     2.687
     1.741
     2.376
     2.355
     2.474
     0.890
     2.297
     2.709
     2.856
     2.340
     2.693
     1.893
     2.094
     1.969
     1.676
     3.099
     2.527
     2.724
     2.137
     2.472
     2.666
     2.612
     1.617
     2.369
     2.464
     2.068
     2.564
     2.522
     2.305
     2.377
     1.430
     2.503
     2.419
     1.373
     1.216
     2.168
     2.422
     2.405
     2.241
     1.681
     2.278
     2.453
     2.420
     2.963
     2.609
     2.592
     2.727
     2.495
     2.489
     2.183
     2.541
     2.207
     1.509
     2.446
     2.220
     2.421
     2.388
     2.389
     2.424
     1.351
     2.198
     2.211
     2.564
     2.204
     2.308
     2.873
     2.084
     2.352
     2.586
     2.751
     2.352
     2.432
     1.248
     1.728
     2.308
     3.006
     2.416
     2.271
     2.330
     3.072
     2.276
     2.409
     2.176
     2.313
     1.974
     2.057
     2.540
     2.533
     2.424
     2.731
     3.266
     3.042
     2.262
     1.861
     2.875
     2.413
     0.926
     2.349
     2.194
     2.920
     2.313
     2.592
     2.521
     2.411
     2.919
     2.319
     2.290
     2.383
     2.651
     2.279
     2.244
     2.674
     1.695
     2.262
     3.166
     2.665
     2.724
     2.956
     1.983
     1.834
     2.716
     2.408
     3.249
     2.810
     2.238
     2.715
     1.551
     1.762
     1.971
     2.287
     2.771
     2.250
     2.368
     2.371
     2.691
     2.392
     2.306
     2.111
     2.380
     2.192
     2.436
     2.573
     2.398
     2.302
     2.340
     2.520
     2.314
     2.322
     2.267
     2.682
     2.930
     2.344
     2.926
     1.351
     2.749
     2.605
     2.363
     2.536
     2.403
     2.440
     2.401
     1.698
     2.574
     2.735
     2.763
     2.602
     1.510
     2.455
     1.514
     2.233
     2.446
     2.740
     2.177
     2.288
     2.718
     2.731
     2.476
     1.871
     2.616
     2.423
     3.248
     2.242
     2.760
     2.277
     2.352
     2.739
     2.438
     2.598
     2.709
     2.388
     2.413
     2.874
     2.331
     3.003
     2.296
     2.789
     2.386
     2.934
     2.291
     2.503
     2.716
     2.362
     2.252
     2.357
     2.421
     2.271
     2.211
     2.680
     2.309
     2.376
     0.883
     2.917
     2.504
     2.292
     1.370
     2.389
     2.706
     2.255
     1.400
     2.799
     2.305
     3.204
     2.282
     3.239
     1.659
     2.133
     2.737
     1.644
     2.977
     2.950
     2.677
     2.852
     2.439
     2.917
     2.199
     2.401
     2.416
     2.443
     2.102
     2.316
     2.310
     2.635
     2.177
     3.271
     2.491
     2.387
     2.259
     2.251
     1.152
     3.256
     2.112
     2.521
     2.799
     2.242
     2.363
     3.089
     2.444
     2.498
     2.441
     1.950
     3.044
     1.838
     2.698
     2.258
     2.338
     2.013
     2.455
     2.426
     2.091
     2.296
     2.469
     2.948
     1.550
     2.399
     2.185
     2.184
     2.212
     2.668
     2.377
     2.814
     2.486
     3.115
     2.422
     2.705
     2.216
     2.731
     1.699
     2.298
     2.346
     2.242
     2.290
     2.227
     3.018
     2.518
     2.181
     2.656
     2.747
     2.318
     2.253
     2.490
     1.868
     2.476
     2.276
     2.781
     2.882
     2.172
     2.784
     2.371
     1.104
     2.352
     2.171
     2.703
     2.396
     2.723
     2.578
     2.531
     2.492
     3.116
     2.328
     1.814
     1.555
     2.231
     2.172
     2.532
     2.267
     2.298
     2.394
     2.295
     2.106
     2.897
     2.564
     2.434
     2.399
     2.212
     2.769
     2.344
     2.543
     2.478
     2.359
     2.447
     2.303
     2.363
     2.486
     2.403
     2.283
     2.199
     1.696
     1.914
     1.968
     2.412
     2.298
     2.971
     2.338
     2.355
     1.762
     2.391
     3.059
     2.346
     2.545
     2.871
     3.182
     2.371
     1.647
     2.420
     2.414
     2.300
     2.511
     2.360
     2.779
     2.320
     2.496
     1.282
     2.366
     2.482
     2.453
     2.721
     2.368
     2.576
     2.292
     2.347
     2.884
     3.070
     2.186
     2.265
     3.002
     3.103
     1.387
     2.530
     2.722
     2.373
     2.386
     2.272
     2.338
     2.155
     2.355
     2.270
     1.336
     2.309
     1.827
     2.891
     2.396
     2.867
     3.189
     2.615
     2.208
     2.249
     2.419
     0.809
     2.311
     2.705
     3.035
     2.089
     2.458
     2.697
     2.646
     2.739
     2.317
     2.158
     2.379
     2.382
     2.698
     2.299
     2.926
     2.164
     1.103
     2.247
     2.220
     1.936
     2.332
     2.293
     2.218
     2.326
     2.728
     2.756
     2.647
     2.409
     2.369
     2.493
     2.175
     1.752
     2.348
     2.407
     3.079
     1.626
     1.644
     2.419
     2.629
     2.420
     2.055
     2.844
     1.167
     2.248
     2.497
     2.350
     2.314
     2.699
     2.831
     2.562
     2.426
     2.288
     2.923
     2.427
     2.220
     2.050
     2.296
     2.237
     2.279
     2.506
     1.006
     2.345
     2.567
     2.397
     2.525
     2.514
     2.408
     3.007
     3.052
     2.330
     2.335
     2.166
     1.319
     2.579
     2.063
     2.180
     2.227
     2.883
     3.099
     2.556
     2.359
     2.223
     1.728
     2.572
     2.377
     2.716
     2.169
     2.271
     2.145
     0.843
     1.988
     2.423
     2.390
     2.324
     2.899
     2.851
     2.647
     2.159
     2.192
     2.257
     2.328
     3.119
     2.151
     2.240
     2.395
     2.401
     2.246
     2.927
     2.912
     2.325
     2.249
     2.219
     2.059
     1.483
     2.290
     2.244
     2.478
     2.546
     2.249
     2.544
     2.865
     2.785
     1.490
     2.665
     1.354
     0.913
     2.290
     1.369
     2.204
     2.334
     2.641
     2.722
     1.521
     2.339
     2.416
     2.088
     2.542
     2.184
     2.419
     1.801
     2.458
     2.492
     2.506
     2.624
     2.679
     2.460
     2.403
     2.243
     2.857
     2.004
     2.536
     2.274
     2.195
     2.642
     2.327
     2.578
     2.402
     2.386
     2.434
     2.333
     2.482
     2.090
     2.111
     2.895
     3.104
     2.125
     2.208
     3.223
     2.393
     2.287
     1.608
     1.102
     2.083
     2.459
     2.111
     2.000
     1.778
     2.188
     1.909
     2.224
     2.995
     2.335
     2.381
     2.411
     2.211
     2.312
     2.421
     2.191
     1.790
     2.954
     2.800
     2.554
     2.708
     3.053
     2.122
     2.432
     2.341
     2.020
     2.760
     2.738
     2.181
     2.809
     1.981
     2.339
     1.881
     2.457
     2.177
     3.067
     2.463
     2.889
     2.791
     2.323
     2.383
     2.691
     2.213
     2.491
     2.374
     3.241
     2.377
     2.256
     2.397
     2.451
     2.940
     1.457
     2.487
     2.450
     2.459
     2.221
     1.172
     2.477
     2.663
     3.192
     2.405
     2.456
     2.853
     2.384
     2.239
     2.346
     2.362
     2.215
     2.316
     1.902
     2.975
     2.168
     2.320
     2.817
     2.323
     2.479
     2.263
     2.829
     2.840
     2.892
     2.257
     2.556
     2.271
     2.277
     2.269
     2.450
     2.213
     2.829
     2.205
     2.455
     1.098
     2.744
     2.590
     1.506
     2.645
     2.250
     2.622
     2.532
     2.865
     2.548
     2.392
     2.864
     2.337
     2.328
     2.348
     2.346
     2.347
     2.340
     1.818
     2.210
     3.124
     1.922
     2.283
     2.641
     1.420
     2.450
     2.307
     2.283
     2.514
     1.440
     2.613
     2.130
     2.837
     2.354
     2.244
     1.287
     2.370
     2.930
     2.372
     2.527
     2.672
     2.313
     2.224
     2.301
     2.396
     2.318
     2.215
     2.632
     1.660
     1.623
     2.385
     2.441
     2.473
     2.542
     2.555
     2.391
     2.238
     2.339
     2.353
     2.922
     2.458
     2.063
     0.867
     1.682
     2.341
     2.397
     2.153
     2.116
     2.325
     2.299
     1.497
     1.596
     2.725
     2.258
     2.597
     2.567
     1.161
     2.375
     2.600
     2.746
     1.489
     2.468
     2.451
     2.354
     2.556
     2.427
     3.184
     2.774
     2.417
     2.977
     2.293
     2.346
     2.156
     2.184
     1.186
     2.192
     2.866
     2.342
     3.002
     2.302
     1.623
     2.367
     2.320
     2.342
     2.392
     3.183
     2.559
     2.642
     2.219
     2.372
     2.278
     2.395
     1.732
     1.237
     3.077
     2.023
     2.021
     2.455
     2.413
     2.271
     2.257
     1.897
     2.403
     2.910
     2.664
     2.323
     2.450
     2.298
     2.927
     1.606
     2.137
     2.345
     2.795
     2.793
     2.608
     0.970
     2.524
     2.224
     1.548
     2.332
     2.347
     2.152
     2.449
     2.455
     2.386
     2.677
     2.579
     2.402
     2.466
     3.014
     2.478
     2.384
     3.108
     1.979
     2.396
     1.842
     2.778
     1.154
     2.195
     2.260
     2.023
     2.302
     2.329
     2.530
     2.621
     2.121
     2.331
     2.462
     2.454
     2.437
     2.377
     2.145
     2.603
     2.357
     2.530
     2.383
     2.349
     2.371
     2.303
     2.327
     3.009
     2.595
     3.150
     2.459
     2.387
     2.494
     2.643
     2.273
     2.174
     2.563
     2.408
     2.659
     2.507
     2.735
     1.485
     2.520
     2.822
     1.424
     2.909
     2.845
     2.889
     2.406
     3.260
     2.354
     2.388
     2.489
     2.367
     2.543
     2.490
     2.263
     2.647
     3.119
     2.490
     2.672
     2.386
     2.899
     2.297
     1.781
     2.293
     2.212
     2.209
     2.376
     2.285
     2.810
     2.392
     3.274
     2.499
     2.695
     2.217
     1.709
     1.474
     2.965
     2.341
     2.485
     1.357
     2.638
     2.440
     2.405
     2.174
     2.297
     2.270
     2.611
     2.162
     2.238
     2.182
     2.317
     2.380
     2.362
     2.828
     2.081
     2.725
     3.097
     2.339
     2.532
     2.660
     2.625
     2.171
     2.422
     2.308
     2.060
     1.539
     2.418
     2.551
     2.304
     2.519
     2.582
     2.149
     2.886
     2.245
     3.057
     2.240
     2.347
     2.390
     3.123
     1.732
     2.747
     3.077
     2.857
     2.476
     2.376
     2.376
     1.862
     2.436
     1.713
     2.397
     2.871
     2.765
     2.282
     2.312
     2.518
     2.392
     2.217
     2.316
     2.604
     2.831
     1.819
     2.441
     2.402
     2.739
     2.480
     2.400
     2.202
     2.299
     1.665
     2.267
     2.605
     1.231
     3.042
     2.201
     2.810
     2.389
     2.324
     2.250
     2.470
     2.327
     2.384
     2.305
     2.318
     2.459
     1.670
     1.388
     2.135
     1.533
     2.392
     2.422
     2.440
     1.364
     2.207
     2.359
     2.281
     2.629
     2.234
     2.247
     3.155
     2.955
     2.425
     2.171
     2.264
     1.241
     3.066
     2.526
     2.889
     2.875
     2.578
     2.402
     2.421
     2.672
     2.333
     2.393
     1.933
     2.343
     2.187
     2.454
     0.981
     3.263
     2.522
     2.434
     2.330
     2.548
     2.592
     2.361
     2.313
     1.740
     2.415
     2.252
     2.174
     2.636
     3.277
     2.534
     2.074
     2.585
     2.458
     2.434
     2.346
     2.514
     1.905
     2.363
     2.583
     2.837
     1.184
     1.399
     2.374
     2.573
     1.831
     2.628
     2.994
     2.758
     2.216
     2.681
     2.363
     2.623
     2.750
     2.461
     1.851
     2.598
     2.395
     2.982
     1.365
     2.410
     1.985
     2.304
     2.227
     2.344
     1.287
     2.616
     2.175
     2.525
     1.997
     1.852
     2.118
     2.303
     2.448
     1.343
     3.246
     2.324
     2.740
     2.017
     2.348
     2.775
     2.349
     2.354
     2.039
     2.490
     2.456
     2.158
     2.605
     1.798
     1.877
     3.026
     2.284
     2.431
     2.215
     1.824
     2.495
     2.305
     2.148
     2.104
     2.277
     2.263
     2.495
     2.217
     2.448
     2.699
     2.321
     2.347
     2.341
     2.820
     2.550
     2.238
     2.802
     2.776
     2.627
     2.438
     1.998
     2.315
     2.299
     2.376
     2.395
     1.621
     3.206
     2.070
     2.516
     2.578
     2.345
     1.673
     2.317
     2.440
     2.806
     2.281
     1.792
     2.580
     3.201
     2.195
     2.462
     2.422
     2.532
     2.309
     0.820
     2.761
     2.147
     1.763
     3.082
     1.507
     2.539
     2.171
     2.853
     1.661
     2.725
     2.216
     2.201
     2.448
     3.258
     2.948
     2.428
     2.352
     2.477
     2.650
     2.223
     2.267
     2.486
     2.284
     1.349
     2.658
     2.321
     2.404
     2.687
     3.248
     2.405
     2.444
     2.042
     1.201
     2.328
     2.138
     2.862
     2.208
     2.244
     1.978
     2.464
     2.288
     2.729
     2.407
     2.479
     2.778
     2.343
     2.357
     2.785
     2.334
     2.850
     2.433
     2.803
     1.485
     2.207
     2.022
     2.274
     2.379
     2.278
     1.506
     2.653
     2.399
     2.313
     2.470
     2.317
     2.383
     2.292
     1.855
     2.692
     2.095
     2.580
     2.306
     2.103
     2.156
     2.748
     1.059
     2.546
     2.310
     2.480
     2.559
     2.518
     1.793
     2.497
     3.267
     2.805
     2.232
     1.126
     2.676
     2.280
     2.473
     2.535
     3.168
     2.553
     2.481
     1.799
     1.964
     3.113
     2.698
     2.854
     2.463
     2.365
     2.428
     3.227
     2.416
     2.515
     2.725
     2.720
     2.817
     2.249
     2.192
     2.899
     2.403
     2.782
     0.972
     2.227
     2.497
     2.334
     2.392
     2.317
     1.916
     2.758
     2.824
     2.239
     2.396
     2.249
     2.521
     2.524
     2.866
     2.153
     2.438
     3.004
     2.363
     2.929
     2.510
     2.334
     2.116
     2.777
     2.242
     2.295
     2.479
     2.254
     2.189
     1.467
     2.483
     2.719
     2.211
     2.465
     2.395
     2.120
     2.910
     2.262
     2.377
     2.707
     2.552
     1.596
     2.843
     2.341
     1.727
     2.337
     2.220
     3.160
     2.817
     2.361
     2.368
     2.277
     2.367
     2.358
     2.912
     2.741
     2.381
     2.421
     2.356
     2.341
     2.279
     2.322
     3.086
     2.395
     2.445
     2.726
     2.468
     2.464
     3.208
     2.822
     2.339
     2.422
     2.323
     2.534
     2.363
     2.196
     2.485
     3.015
     2.455
     2.461
     2.428
     2.357
     2.366
     2.777
     2.464
     2.686
     2.357
     1.296
     3.265
     1.406
     1.056
     2.545
     1.776
     2.988
     1.781
     2.774
     1.611
     2.210
     2.368
     1.723
     2.484
     2.365
     2.426
     2.342
     2.556
     2.534
     2.799
     2.311
     3.193
     2.581
     2.163
     2.724
     2.959
     2.060
     2.065
     1.840
     2.549
     2.410
     2.497
     1.988
     0.795
     2.217
     2.350
     2.558
     2.436
     2.040
     2.115
     1.581
     2.402
     2.533
     1.782
     1.559
     2.688
     2.796
     2.365
     2.379
     2.293
     2.519
     1.467
     1.902
     2.119
     2.669
     2.471
     1.155
     2.310
     2.624
     2.764
     2.314
     2.350
     2.236
     2.993
     2.346
     3.025
     2.537
     3.007
     2.868
     2.341
     2.283
     1.964
     2.180
     3.019
     2.332
     2.304
     2.443
     3.058
     2.487
     2.351
     2.950
     2.387
     2.069
     2.270
     2.583
     2.992
     2.402
     2.325
     1.513
     2.414
     2.741
     2.506
     2.365
     2.305
     2.927
     2.948
     2.302
     2.482
     2.245
     1.957
     2.003
     2.224
     2.021
     2.556
     2.466
     2.707
     2.514
     2.225
     1.875
     2.124
     2.540
     2.318
     2.397
     2.498
     2.008
     2.320
     2.026
     2.268
     2.287
     1.899
     2.525
     2.144
     1.530
     2.458
     2.318
     2.420
     2.439
     2.229
     2.425
     2.561
     2.316
     2.866
     2.367
     2.423
     2.865
     3.058
     2.344
     2.243
     2.752
     2.164
     2.680
     2.213
     2.320
     1.879
     1.875
     2.719
     2.958
     2.394
     2.632
     2.349
     2.281
     2.246
     2.362
     2.315
     2.307
     3.101
     1.797
     2.570
     2.520
     1.720
     2.262
     2.300
     2.280
     2.309
     2.209
     2.188
     2.629
     2.379
     2.506
     1.145
     2.424
     2.195
     2.015
     2.164
     2.356
     2.699
     2.302
     2.425
     2.683
     2.125
     2.265
     2.903
     2.711
     2.844
     2.319
     2.156
     2.785
     2.243
     2.307
     3.041
     2.246
     2.902
     2.895
     2.199
     3.121
     1.415
     2.631
     2.359
     2.360
     2.869
     2.358
     2.398
     0.671
     1.541
     2.615
     2.479
     1.963
     2.454
     2.304
     2.058
     2.488
     2.497
     2.413
     2.241
     2.460
     2.606
     2.350
     1.024
     2.386
     1.746
     3.235
     2.469
     2.146
     2.220
     2.440
     1.264
     2.309
     2.455
     1.499
     2.597
     2.434
     2.507
     2.398
     2.220
     2.432
     1.969
     2.359
     2.111
     2.430
     2.315
     2.187
     2.576
     1.590
     2.798
     2.556
     2.565
     2.413
     2.416
     2.268
     1.980
     2.385
     2.970
     2.409
     3.142
     2.839
     2.531
     1.906
     2.594
     1.114
     2.270
     1.676
     2.351
     2.476
     2.423
     1.853
     2.373
     2.633
     2.212
     2.181
     2.824
     2.172
     1.377
     2.253
     2.790
     2.357
     2.343
     2.209
     2.337
     2.402
     2.448
     1.623
     2.600
     1.554
     2.468
     2.549
     2.383
     2.184
     2.620
     2.399
     2.284
     2.173
     2.490
     2.487
     2.885
     2.330
     1.162
     2.306
     2.952
     3.226
     2.336
     2.469
     2.436
     2.425
     2.461
     1.628
     2.946
     2.300
     2.759
     2.466
     2.661
     1.695
     2.647
     2.329
     2.506
     2.289
     2.378
     2.772
     2.563
     2.457
     2.350
     1.295
     2.420
     2.832
     2.421
     2.189
     2.470
     2.593
     2.265
     2.309
     2.460
     1.763
     0.949
     2.341
     2.289
     2.072
     2.637
     2.469
     2.474
     2.432
     2.397
     2.332
     1.377
     2.526
     2.543
     2.384
     2.517
     2.417
     2.391
     2.828
     2.530
     2.376
     1.939
     1.546
     2.436
     3.054
     2.283
     2.128
     1.937
     2.141
     2.682
     2.651
     2.952
     1.268
     2.705
     2.256
     2.384
     2.212
     1.524
     0.970
     2.351
     2.944
     2.276
     2.358
     2.838
     2.421
     2.587
     1.656
     2.224
     2.709
     2.261
     1.640
     2.117
     2.391
     2.749
     1.356
     2.908
     2.602
     2.407
     1.704
     2.099
     2.545
     2.479
     2.411
     2.151
     2.550
     2.511
     2.434
     2.248
     3.197
     2.893
     2.565
     2.170
     1.145
     2.648
     2.468
     2.394
     2.100
     3.054
     2.301
     2.162
     1.294
     2.367
     2.157
     2.853
     2.738
     2.615
     2.389
     2.365
     2.729
     1.509
     2.231
     1.802
     2.492
     2.579
     2.914
     2.115
     1.138
     1.443
     0.957
     2.192
     2.238
     2.350
     2.414
     1.799
     1.733
     1.732
     2.532
     2.528
     2.894
     2.524
     1.360
     2.492
     2.470
     2.170
     2.372
     2.652
     2.595
     2.385
     2.329
     2.317
     2.430
     1.923
     1.911
     2.722
     2.698
     2.348
     2.310
     2.602
     2.560
     2.244
     2.493
     2.690
     1.705
     2.256
     2.479
     2.114
     2.405
     2.146
     2.995
     3.123
     2.576
     2.175
     2.441
     2.275
     2.333
     2.368
     2.334
     2.416
     2.647
     1.951
     0.844
     2.466
     2.347
     2.242
     2.052
     2.520
     2.284
     2.632
     1.951
     2.477
     2.285
     2.222
     2.210
     1.938
     2.908
     2.214
     2.292
     3.109
     3.061
     3.168
     2.822
     2.337
     2.620
     2.376
     2.305
     2.271
     2.284
     2.203
     2.526
     2.076
     2.239
     2.974
     2.303
     2.272
     2.174
     1.859
     2.347
     2.375
     2.368
     2.214
     2.299
     2.251
     2.718
     2.669
     2.334
     2.411
     1.693
     2.367
     1.370
     2.204
     2.430
     2.840
     2.912
     2.438
     2.181
     2.168
     2.997
     2.532
     2.710
     3.112
     2.404
     2.249
     2.549
     2.536
     2.093
     2.477
     1.970
     1.815
     2.513
     2.417
     2.077
     2.667
     2.370
     2.615
     2.492
     2.366
     2.391
     2.505
     2.506
     2.444
     2.313
     2.220
     2.421
     2.196
     2.763
     2.265
     2.446
     2.223
     2.745
     2.574
     2.578
     2.457
     2.444
     2.504
     1.740
     3.041
     1.253
     2.455
     2.777
     2.372
     2.727
     1.774
     2.371
     2.943
     3.019
     2.803
     2.149
     2.636
     2.009
     2.320
     1.452
     2.740
     2.592
     2.602
     2.252
     2.348
     3.048
     2.744
     2.760
     1.295
     2.441
     2.470
     2.392
     3.208
     2.177
     1.848
     2.548
     2.184
     2.229
     2.481
     1.247
     2.946
     2.396
     1.167
     2.890
     2.211
     2.606
     2.286
     2.721
     2.507
     2.389
     1.894
     2.737
     1.697
     2.439
     2.839
     2.309
     2.507
     2.358
     1.315
     2.387
     2.343
     2.298
     2.330
     1.949
     2.788
     2.574
     2.563
     2.247
     3.117
     2.199
     2.318
     0.956
     2.145
     3.192
     0.896
     2.430
     2.145
     2.549
     2.360
     2.663
     1.338
     2.922
     2.946
     2.354
     2.840
     2.283
     2.359
     2.405
     2.478
     3.269
     2.268
     2.418
     2.148
     1.965
     2.534
     2.366
     2.795
     2.441
     1.840
     2.296
     2.088
     1.796
     2.284
     2.192
     2.285
     2.304
     2.700
     1.944
     2.609
     2.821
     2.431
     0.852
     1.544
     2.411
     1.912
     3.120
     2.458
     1.996
     2.323
     2.366
     2.767
     2.371
     2.486
     2.874
     2.276
     3.010
     2.281
     2.247
     2.822
     1.996
     1.807
     2.390
     2.877
     0.934
     2.344
     1.453
     2.644
     2.105
     2.275
     2.312
     2.638
     3.252
     1.813
     2.032
     2.760
     1.428
     3.176
     2.342
     2.380
     2.280
     2.608
     2.604
     2.318
     2.346
     3.100
     2.757
     2.202
     2.678
     2.210
     2.661
     2.125
     2.431
     2.559
     2.611
     1.257
     2.724
     2.432
     2.169
     2.434
     2.372
     2.491
     2.755
     2.361
     1.873
     2.236
     2.312
     2.562
     2.307
     2.350
     2.273
     2.604
     2.889
     2.621
     1.791
     2.311
     2.291
     1.538
     2.431
     1.997
     2.500
     2.370
     1.763
     2.466
     1.864
     2.302
     2.430
     2.343
     2.381
     2.441
     2.232
     2.730
     2.577
     2.350
     2.392
     2.141
     2.385
     2.369
     2.519
     1.514
     2.910
     2.466
     2.780
     2.717
     1.531
     1.541
     2.609
     2.332
     1.926
     2.409
     2.082
     2.388
     1.888
     1.030
     2.709
     2.346
     2.277
     2.689
     2.347
     2.460
     2.536
     2.887
     1.041
     1.962
     2.618
     2.447
     1.526
     0.829
     1.608
     2.637
     2.389
     2.513
     2.394
     2.856
     2.027
     2.427
     2.950
     2.193
     2.382
     2.405
     2.894
     1.938
     2.257
     2.498
     2.769
     3.133
     2.231
     2.444
     2.344
     2.358
     1.929
     2.429
     2.294
     2.497
     2.406
     2.390
     2.360
     2.343
     2.611
     2.548
     2.385
     2.308
     2.863
     1.662
     2.460
     2.339
     1.938
     2.333
     2.339
     1.869
     2.829
     2.140
     2.564
     2.524
     3.184
     2.356
     2.526
     2.279
     2.544
     2.605
     2.709
     2.316
     2.361
     2.452
     2.150
     2.552
     2.481
     2.515
     2.466
     2.688
     2.595
     2.582
     2.315
     1.923
     2.412
     2.419
     2.239
     2.454
     2.273
     2.628
     2.666
     2.660
     2.223
     2.976
     2.574
     2.223
     2.964
     2.390
     2.502
     2.601
     2.349
     2.402
     1.498
     2.586
     1.298
     2.832
     2.844
     2.362
     1.764
     1.415
     2.174
     2.940
     2.432
     2.671
     2.548
     2.712
     2.321
     2.571
     1.615
     2.831
     2.385
     2.529
     2.364
     2.394
     1.724
     2.290
     2.436
     2.038
     2.178
     2.372
     2.552
     2.172
     2.850
     2.216
     2.510
     2.751
     1.810
     2.242
     3.156
     2.059
     2.080
     2.568
     2.309
     2.640
     2.150
     2.554
     2.314
     2.269
     2.494
     2.183
     2.318
     2.319
     2.499
     3.166
     2.886
     1.291
     2.487
     2.781
     2.240
     2.409
     2.548
     2.650
     2.104
     2.437
     2.751
     2.423
     2.222
     1.919
     2.393
     2.475
     2.471
     2.695
     1.697
     2.397
     2.522
     2.361
     1.062
     2.326
     2.524
     2.289
     2.470
     2.448
     2.438
     1.677
     2.071
     2.767
     2.535
     1.922
     2.396
     1.674
     1.705
     2.399
     2.133
     2.423
     2.452
     2.673
     2.563
     2.229
     2.171
     1.649
     2.423
     2.209
     3.177
     3.118
     2.423
     1.950
     2.459
     1.997
     1.034
     2.314
     2.679
     2.900
     1.200
     1.345
     2.306
     2.343
     2.786
     2.456
     1.088
     1.954
     2.335
     2.479
     2.783
     2.236
     0.986
     2.600
     1.869
     2.689
     2.364
     2.160
     2.533
     2.321
     2.289
     2.540
     1.474
     2.285
     2.011
     2.552
     1.611
     2.745
     1.246
     2.178
     1.326
     2.379
     2.856
     2.366
     1.927
     2.111
     2.601
     2.295
     2.133
     2.553
     1.979
     1.237
     1.365
     2.287
     2.589
     1.331
     2.502
     2.106
     2.746
     2.862
     2.442
     2.268
     1.762
     2.314
     2.537
     2.423
     2.351
     2.381
     2.477
     2.598
     2.503
     1.408
     2.235
     2.842
     2.194
     2.534
     2.150
     2.327
     2.336
     1.934
     2.357
     2.286
     2.462
     2.291
     1.111
     2.877
     1.836
     1.202
     2.212
     3.101
     1.963
     2.290
     2.401
     2.219
     1.496
     2.427
     2.791
     2.563
     2.274
     2.192
     2.342
     0.931
     2.312
     2.642
     2.246
     2.362
     1.233
     2.309
     2.338
     2.469
     2.348
     2.162
     2.424
     2.654
     2.141
     2.415
     2.392
     2.956
     2.957
     2.969
     2.699
     2.363
     2.227
     2.299
     1.939
     2.976
     2.721
     2.257
     2.521
     2.538
     2.536
     2.309
     3.262
     2.902
     2.451
     2.533
     2.091
     2.571
     2.284
     2.458
     2.275
     2.531
     2.734
     2.445
     2.254
     2.814
     1.533
     1.312
     2.022
     2.761
     2.233
     2.676
     2.342
     2.506
     2.336
     2.956
     2.364
     1.958
     1.992
     2.816
     2.689
     2.262
     2.823
     2.551
     2.463
     1.587
     2.173
     2.292
     2.420
     3.170
     2.774
     2.625
     2.595
     1.826
     2.367
     1.708
     2.552
     3.028
     1.484
     2.453
     2.616
     2.455
     2.751
     2.458
     2.541
     2.505
     2.869
     2.449
     2.413
     2.431
     2.393
     2.675
     2.401
     2.566
     2.291
     2.487
     2.346
     1.727
     2.208
     2.414
     1.800
     3.185
     1.582
     2.398
     1.874
     2.459
     2.429
     2.152
     2.448
     2.644
     2.045
     2.519
     2.499
     2.407
     2.779
     3.136
     1.804
     1.800
     2.515
     2.803
     2.499
     2.385
     2.485
     2.865
     2.975
     2.355
     2.164
     2.712
     2.395
     2.308
     2.789
     2.471
     2.447
     2.590
     2.475
     0.797
     3.087
     2.437
     2.269
     2.305
     2.178
     0.876
     2.874
     2.537
     0.926
     2.167
     2.362
     2.259
     2.559
     2.355
     3.158
     2.208
     2.648
     2.395
     2.293
     2.888
     0.830
     2.029
     2.430
     2.491
     2.581
     2.640
     2.440
     2.619
     2.207
     2.166
     2.935
     2.445
     2.300
     2.030
     2.265
     2.408
     2.466
     2.081
     2.601
     2.140
     2.424
     2.778
     2.054
     1.870
     2.882
     2.727
     2.456
     2.129
     2.378
     2.535
     2.402
     2.508
     2.484
     2.224
     3.043
     2.436
     2.339
     2.694
     2.447
     2.708
     2.244
     2.267
     2.274
     2.072
     2.241
     2.376
     2.261
     3.098
     2.798
     2.495
     2.432
     2.921
     2.220
     2.197
     1.866
     1.596
     1.687
     3.088
     3.084
     3.100
     3.031
     1.639
     1.383
     2.927
     2.424
     2.313
     2.344
     2.440
     2.520
     2.842
     2.169
     1.530
     2.198
     2.589
     1.770
     2.393
     2.557
     2.395
     2.279
     2.933
     2.211
     2.900
     2.683
     1.679
     2.366
     2.523
     2.750
     1.509
     2.815
     2.402
     2.492
     2.184
     2.018
     2.218
     2.179
     1.973
     2.516
     2.814
     2.780
     1.505
     2.336
     2.426
     2.119
     2.531
     0.911
     2.524
     2.163
     2.309
     2.760
     3.200
     2.396
     2.812
     2.220
     1.774
     2.590
     2.530
     2.465
     2.163
     2.245
     2.370
     2.472
     2.310
     1.893
     2.042
     2.815
     2.396
     2.442
     2.678
     1.318
     2.288
     2.531
     2.427
     2.668
     2.479
     2.834
     2.455
     2.853
     2.033
     2.263
     2.142
     2.735
     2.079
     2.105
     2.259
     2.609
     2.215
     2.428
     1.322
     2.438
     3.231
     2.832
     2.226
     2.648
     2.625
     2.798
     2.266
     3.190
     2.426
     1.824
     2.292
     2.559
     2.114
     1.519
     2.634
     1.327
     2.450
     2.405
     2.258
     0.904
     2.797
     2.473
     2.319
     2.386
     2.424
     2.104
     2.308
     2.080
     2.687
     2.370
     2.226
     2.270
     1.423
     2.395
     2.289
     2.437
     2.244
     2.430
     2.408
     2.479
     2.667
     1.729
     2.722
     2.323
     2.360
     2.494
     2.410
     2.604
     2.553
     2.306
     2.297
     2.572
     2.151
     2.351
     2.188
     2.366
     2.408
     1.811
     2.201
     2.990
     2.767
     2.198
     2.460
     2.998
     2.247
     2.453
     1.463
     2.634
     2.497
     1.784
     2.389
     2.488
     2.295
     2.485
     2.441
     2.833
     2.410
     2.349
     2.104
     2.920
     2.397
     2.380
     2.649
     2.517
     2.931
     2.692
     2.794
     2.359
     2.449
     2.508
     1.235
     2.517
     2.517
     2.579
     3.173
     1.717
     2.523
     2.210
     2.385
     2.738
     1.393
     2.250
     2.720
     2.367
     2.592
     2.462
     2.364
     2.514
     2.856
     2.428
     1.923
     2.420
     2.509
     2.337
     2.428
     1.275
     2.171
     2.421
     2.187
     2.730
     2.396
     2.321
     2.380
     2.411
     2.453
     2.350
     2.015
     2.902
     2.201
     2.377
     2.387
     2.238
     2.708
     2.414
     2.216
     2.367
     2.194
     2.323
     3.147
     2.807
     2.225
     1.858
     2.367
     2.743
     3.121
     2.733
     0.978
     1.444
     2.519
     2.411
     2.432
     1.044
     1.969
     2.722
     2.911
     2.411
     2.541
     1.852
     2.529
     2.035
     2.489
     2.545
     2.421
     2.417
     2.275
     2.206
     2.383
     2.494
     2.792
     2.652
     2.301
     3.023
     1.522
     2.889
     2.772
     2.225
     2.392
     1.879
     2.658
     2.268
     2.309
     2.283
     2.262
     2.342
     2.368
     2.794
     2.930
     2.289
     1.136
     2.318
     2.531
     2.447
     2.390
     2.329
     2.459
     2.501
     2.331
     2.422
     2.956
     2.360
     2.626
     2.749
     2.386
     2.567
     2.469
     3.055
     2.812
     2.627
     2.334
     2.414
     1.825
     2.326
     1.315
     2.694
     2.364
     2.045
     2.355
     2.308
     2.442
     3.227
     2.449
     2.381
     2.470
     2.543
     1.151
     2.374
     3.194
     2.329
     2.811
     2.586
     2.791
     2.621
     3.022
     2.512
     1.304
     1.301
     2.165
     2.220
     2.879
     2.706
     2.154
     2.459
     2.202
     2.020
     2.678
     2.803
     1.935
     2.549
     2.239
     2.444
     2.941
     2.190
     2.184
     2.804
     2.842
     1.727
     2.338
     2.129
     2.490
     2.532
     1.025
     1.484
     2.795
     2.186
     2.192
     2.399
     2.414
     2.457
     2.198
     2.283
     3.038
     2.766
     2.226
     2.207
     2.394
     2.402
     2.112
     2.710
     2.721
     2.417
     2.775
     3.158
     2.351
     2.100
     1.542
     2.551
     2.537
     2.348
     2.778
     2.413
     2.434
     1.797
     1.989
     2.405
     2.373
     1.856
     2.396
     2.583
     2.335
     1.062
     2.294
     2.393
     1.936
     2.266
     2.191
     2.107
     2.696
     2.386
     2.804
     2.520
     2.441
     1.384
     2.686
     2.455
     2.143
     2.452
     2.367
     2.586
     2.252
     2.710
     2.208
     2.590
     2.606
     2.306
     2.567
     2.110
     2.254
     2.328
     2.865
     3.084
     2.728
     2.222
     1.807
     2.430
     2.727
     2.788
     2.056
     2.382
     2.333
     2.937
     2.365
     2.460
     2.476
     2.864
     2.428
     2.717
     2.611
     2.422
     2.317
     2.500
     2.522
     2.267
     2.298
     2.186
     2.440
     2.245
     3.218
     1.200
     2.786
     2.404
     1.107
     2.211
     2.705
     2.958
     2.606
     2.543
     2.363
     2.374
     2.393
     2.636
     2.911
     2.543
     2.258
     2.603
     2.151
     2.433
     2.472
     2.501
     2.391
     2.480
     2.290
     2.404
     2.380
     1.790
     2.539
     2.538
     2.344
     1.193
     2.274
     2.054
     2.497
     2.480
     2.355
     2.353
     2.471
     2.281
     2.788
     2.466
     2.337
     1.745
     1.685
     2.157
     2.354
     2.871
     2.334
     2.181
     2.607
     2.344
     2.029
     2.294
     2.806
     2.204
     2.543
     2.346
     2.191
     2.194
     2.525
     2.593
     2.880
     1.702
     2.684
     2.762
     2.451
     2.779
     2.693
     2.436
     2.428
     2.374
     2.397
     2.561
     2.267
     2.716
     1.380
     1.307
     2.604
     2.412
     2.296
     2.166
     2.287
     2.342
     2.493
     2.367
     1.287
     3.251
     2.694
     2.389
     2.202
     1.965
     2.996
     2.225
     2.422
     2.641
     2.410
     2.273
     2.711
     2.732
     2.687
     2.349
     2.371
     2.212
     2.296
     1.728
     2.166
     2.814
     2.165
     2.470
     2.427
     2.413
     2.338
     1.818
     2.040
     2.028
     2.460
     2.508
     2.426
     2.586
     2.114
     2.829
     2.832
     2.396
     2.537
     2.659
     2.456
     2.331
     2.533
     1.732
     1.935
     2.586
     2.733
     2.399
     2.390
     2.262
     2.814
     2.406
     2.128
     2.229
     2.060
     2.281
     1.998
     1.364
     2.470
     1.707
     2.499
     2.955
     1.967
     2.158
     2.318
     2.785
     3.148
     3.034
     2.484
     2.142
     1.655
     2.527
     2.642
     2.570
     2.533
     2.569
     2.404
     1.856
     2.350
     2.463
     2.496
     2.694
     2.186
     2.236
     2.430
     2.512
     2.868
     1.912
     1.604
     2.572
     2.086
     2.331
     2.424
     2.452
     2.457
     2.392
     2.771
     2.412
     2.733
     2.667
     2.510
     2.441
     2.069
     0.945
     2.145
     0.932
     2.338
     2.203
     2.060
     2.756
     2.082
     2.867
     2.464
     3.230
     2.327
     2.722
     2.028
     2.428
     2.431
     0.868
     2.141
     2.507
     2.741
     1.979
     2.372
     2.908
     2.246
     2.227
     2.382
     2.499
     2.491
     2.410
     2.897
     3.062
     2.214
     2.347
     2.651
     3.193
     2.277
     2.433
     2.368
     2.445
     2.247
     2.241
     2.117
     2.488
     1.753
     2.197
     2.408
     2.298
     1.199
     2.295
     2.587
     1.953
     2.441
     2.875
     2.399
     2.294
     2.965
     2.958
     2.430
     2.500
     2.531
     2.559
     2.054
     2.662
     2.351
     2.274
     2.120
     2.317
     1.990
     2.631
     2.420
     2.674
     2.709
     2.213
     2.505
     2.478
     2.442
     2.410
     2.417
     2.136
     2.810
     2.308
     2.170
     2.441
     2.426
     2.554
     2.597
     2.871
     2.298
     1.322
     2.433
     2.407
     2.487
     2.656
     2.258
     2.480
     2.515
     1.408
     0.813
     2.888
     2.273
     2.698
     2.563
     2.356
     2.331
     2.011
     2.300
     2.296
     2.541
     2.803
     1.934
     2.503
     2.357
     1.604
     2.711
     2.366
     2.474
     3.137
     2.829
     2.506
     2.236
     2.782
     1.803
     2.376
     2.676
     2.811
     2.945
     2.343
     2.270
     2.526
     2.418
     1.763
     2.554
     2.943
     2.125
     2.340
     2.523
     1.849
     2.203
     2.287
     2.378
     3.226
     1.080
     2.372
     2.445
     2.444
     2.242
     2.603
     1.644
     2.335
     1.775
     2.009
     2.686
     2.152
     2.541
     2.944
     3.100
     2.726
     0.989
     1.849
     2.252
     2.483
     3.128
     2.816
     2.860
     1.781
     2.943
     1.811
     2.689
     2.318
     2.735
     2.552
     1.900
     2.556
     2.341
     2.475
     2.634
     1.986
     2.949
     2.422
     2.231
     2.311
     2.293
     2.174
     3.079
     1.881
     2.492
     2.276
     2.267
     2.175
     2.868
     2.200
     2.231
     3.203
     1.758
     2.163
     2.820
     2.430
     2.248
     2.001
     1.615
     1.250
     2.166
     2.793
     2.766
     2.080
     2.242
     2.992
     2.390
     2.262
     2.468
     2.308
     1.390
     2.326
     0.927
     2.333
     2.520
     2.211
     2.471
     2.264
     2.331
     1.035
     2.208
     2.825
     2.276
     2.217
     2.848
     2.490
     2.445
     2.476
     3.076
     2.171
     2.560
     2.439
     2.332
     2.845
     2.392
     2.039
     2.203
     1.953
     2.418
     2.775
     2.465
     1.376
     2.159
     2.734
     2.131
     2.847
     2.207
     2.421
     2.413
     2.428
     2.413
     2.305
     2.684
     2.378
     2.771
     2.192
     2.219
     2.538
     2.474
     2.185
     2.783
     2.602
     1.362
     3.132
     3.192
     2.394
     2.032
     2.268
     2.318
     1.715
     2.341
     2.600
     2.410
     1.755
     2.694
     2.442
     2.350
     2.472
     2.543
     2.297
     2.343
     2.444
     2.429
     2.374
     2.785
     2.070
     2.110
     2.466
     1.792
     2.187
     2.311
     2.220
     2.919
     2.321
     2.524
     2.315
     2.282
     2.359
     2.599
     2.409
     2.105
     1.302
     2.427
     2.224
     2.566
     2.268
     1.481
     2.558
     2.390
     2.766
     2.013
     2.540
     2.759
     2.700
     1.143
     2.365
     2.565
     2.543
     2.450
     1.209
     2.513
     1.267
     2.381
     2.418
     1.782
     2.266
     2.499
     2.489
     2.159
     2.267
     2.482
     2.358
     1.453
     2.324
     1.067
     2.645
     2.321
     2.662
     2.454
     2.171
     2.198
     2.902
     2.645
     2.860
     2.362
     3.135
     2.871
     2.090
     2.328
     2.919
     3.168
     2.420
     2.849
     1.727
     2.179
     2.320
     1.209
     2.264
     2.619
     2.397
     1.975
     2.443
     2.980
     2.660
     2.996
     2.556
     1.834
     2.276
     1.583
     2.392
     2.346
     2.439
     2.539
     2.205
     2.601
     2.453
     2.439
     2.104
     1.641
     2.380
     2.327
     2.644
     2.462
     2.097
     2.081
     2.937
     2.272
     2.465
     2.347
     2.337
     2.385
     2.946
     1.440
     2.316
     2.374
     2.354
     2.295
     2.823
     2.244
     2.446
     2.605
     2.355
     2.313
     2.312
     2.201
     2.387
     1.420
     2.369
     2.156
     2.747
     1.962
     2.094
     1.874
     2.083
     2.352
     1.770
     2.496
     2.470
     2.437
     2.420
     3.183
     2.488
     2.198
     2.359
     1.969
     2.324
     2.187
     2.506
     2.901
     1.840
     2.347
     2.215
     2.990
     3.083
     2.504
     2.306
     2.298
     2.225
     2.195
     2.339
     2.518
     2.856
     2.592
     2.448
     1.964
     2.811
     2.524
     2.635
     2.251
     2.324
     2.167
     2.188
     2.135
     2.204
     2.303
     2.303
     2.384
     2.257
     2.450
     2.446
     1.822
     2.585
     3.018
     2.423
     1.685
     2.171
     2.433
     3.026
     2.347
     2.373
     2.355
     3.027
     2.703
     2.422
     2.333
     2.349
     2.422
     3.237
     2.786
     2.331
     2.234
     1.903
     2.333
     2.672
     2.898
     2.317
     2.268
     2.250
     2.266
     2.565
     2.250
     2.426
     2.210
     2.349
     3.118
     2.822
     2.205
     2.059
     2.317
     1.867
     2.403
     2.677
     3.227
     3.212
     2.250
     2.105
     2.390
     2.093
     2.451
     1.309
     2.144
     2.709
     2.408
     2.737
     2.225
     2.345
     2.288
     2.172
     1.553
     2.374
     1.553
     2.680
     1.690
     2.607
     2.270
     2.231
     2.731
     2.443
     2.566
     2.450
     2.367
     2.391
     2.796
     2.312
     2.262
     1.977
     2.267
     2.217
     2.376
     2.276
     1.425
     2.764
     2.361
     2.456
     2.136
     2.680
     2.444
     2.464
     2.312
     2.365
     3.082
     2.225
     1.224
     2.386
     0.993
     1.772
     2.251
     2.843
     2.316
     2.382
     2.300
     2.691
     2.432
     2.243
     2.213
     2.696
     1.948
     2.268
     2.459
     2.691
     1.809
     2.392
     2.374
     2.321
     2.448
     1.836
     2.433
     2.938
     2.507
     2.192
     2.195
     2.612
     2.457
     2.315
     2.390
     2.397
     2.351
     2.721
     0.994
     2.015
     2.426
     2.153
     2.299
     2.539
     2.047
     2.675
     2.490
     2.339
     2.638
     2.337
     2.255
     2.308
     2.341
     2.320
     2.400
     2.155
     2.726
     2.183
     1.503
     2.323
     1.122
     2.539
     2.486
     2.806
     2.490
     2.459
     2.197
     2.076
     2.301
     2.369
     2.152
     2.329
     2.842
     2.501
     2.340
     2.442
     2.747
     2.299
     2.378
     2.264
     2.189
     2.384
     2.384
     2.959
     2.981
     2.765
     1.962
     2.447
     2.838
     2.354
     2.638
     2.184
     2.511
     2.340
     2.095
     1.663
     2.859
     2.442
     2.830
     2.284
     2.396
     1.709
     2.133
     2.139
     2.452
     2.218
     2.382
     2.121
     2.708
     2.327
     2.871
     2.384
     2.527
     2.803
     2.250
     2.231
     2.544
     0.926
     2.635
     2.099
     2.500
     2.430
     1.669
     2.322
     2.165
     2.302
     2.288
     2.543
     1.966
     2.762
     2.477
     2.246
     2.929
     1.949
     2.470
     2.559
     2.872
     2.981
     2.715
     2.654
     2.307
     2.815
     2.266
     2.415
     2.481
     2.583
     2.247
     2.348
     2.462
     2.343
     2.207
     2.277
     2.804
     2.387
     2.518
     2.293
     2.367
     1.763
     2.553
     2.634
     2.486
     2.633
     3.183
     3.169
     2.597
     2.264
     2.238
     3.194
     1.447
     2.620
     2.259
     2.364
     2.302
     2.535
     2.384
     2.652
     2.173
     2.540
     1.442
     2.374
     2.379
     1.739
     2.778
     2.727
     0.845
     2.219
     2.182
     3.189
     3.176
     2.347
     2.929
     2.371
     2.384
     2.111
     2.622
     2.677
     2.385
     3.107
     2.388
     2.570
     2.735
     2.898
     2.504
     1.614
     2.188
     2.069
     2.334
     1.799
     2.456
     2.327
     2.397
     2.486
     2.335
     2.131
     2.372
     2.456
     2.969
     2.386
     0.888
     2.583
     2.435
     2.671
     2.779
     2.341
     0.830
     2.213
     2.524
     2.590
     2.865
     2.535
     1.355
     2.664
     3.047
     3.009
     2.755
     2.232
     2.150
     2.526
     2.148
     2.400
     2.407
     2.313
     2.778
     3.232
     1.823
     2.300
     2.006
     2.172
