     2.568
     2.571
     2.589
     2.604
     2.611
     2.604
     2.555
     2.510
     2.510
     2.512
     2.507
     2.538
     2.589
     2.616
     2.622
     2.623
     2.611
     2.600
     2.592
     2.583
     2.578
     2.586
     2.592
     2.585
     2.566
     2.550
     2.546
     2.563
     2.589
     2.607
     2.623
     2.620
     2.611
     2.581
     2.574
     2.548
     2.526
     2.491
     2.497
     2.524
     2.649
     2.718
     2.773
     2.850
     2.909
     3.022
     3.106
     3.158
     3.182
     3.189
     3.187
     3.178
     3.190
     3.172
     3.161
     3.138
     3.128
     3.103
     3.073
     3.050
     3.024
     3.007
     3.012
     3.031
     3.029
     3.032
     3.036
     3.040
     3.042
     3.022
     2.998
     2.984
     2.965
     2.937
     2.908
     2.920
     2.944
     2.999
     3.088
     3.162
     3.203
     3.215
     3.182
     3.172
     3.170
     3.172
     3.240
     3.284
     3.375
     3.439
     3.463
     3.480
     3.495
     3.500
     3.492
     3.494
     3.489
     3.485
     3.471
     3.448
     3.376
     3.326
     3.285
     3.280
     3.296
     3.318
     3.333
     3.374
     3.388
     3.411
     3.433
     3.459
     3.467
     3.460
     3.438
     3.420
     3.374
     3.356
     3.304
     3.280
     3.248
     3.213
     3.186
     3.134
     3.064
     2.956
     2.819
     2.674
     2.459
     2.268
     2.222
     2.304
     2.266
     2.250
     2.290
     2.327
     2.394
     2.470
     2.673
     2.742
     2.764
     2.777
     2.859
     2.924
     2.970
     3.008
     3.046
     3.065
     3.073
     3.099
     3.113
     3.101
     3.055
     2.989
     2.950
     2.981
     3.018
     3.043
     3.086
     3.112
     3.083
     2.996
     2.880
     2.729
     2.398
     2.174
     2.029
     2.123
     2.195
     2.242
     2.272
     2.326
     2.373
     2.405
     2.449
     2.495
     2.588
     2.627
     2.666
     2.754
     2.838
     2.959
     3.087
     3.246
     3.365
     3.432
     3.454
     3.460
     3.455
     3.454
     3.435
     3.403
     3.362
     3.313
     3.271
     3.216
     3.179
     3.151
     3.122
     3.092
     3.048
     3.005
     2.957
     2.909
     2.867
     2.809
     2.735
     2.635
     2.565
     2.617
     2.640
     2.618
     2.593
     2.580
     2.621
     2.678
     2.700
     2.720
     2.709
     2.682
     2.633
     2.494
     2.377
     2.123
     2.032
     2.239
     2.381
     2.538
     2.667
     2.770
     2.836
     2.898
     2.899
     2.903
     2.901
     2.902
     2.862
     2.831
     2.797
     2.761
     2.704
     2.669
     2.710
     2.818
     2.822
     2.802
     2.772
     2.750
     2.725
     2.699
     2.690
     2.678
     2.668
     2.656
     2.632
     2.624
     2.612
     2.587
     2.563
     2.529
     2.491
     2.444
     2.402
     2.375
     2.373
     2.363
     2.368
     2.381
     2.390
     2.392
     2.448
     2.492
     2.525
     2.547
     3.229
     1.898
     2.487
     2.878
     2.989
     2.647
     2.808
     2.413
     2.165
     2.572
     3.092
     2.841
     3.160
     2.487
     2.837
     2.380
     2.637
     3.080
     2.662
     2.491
     1.202
     2.769
     2.954
     2.452
     3.236
     2.937
     3.179
     2.460
     3.339
     2.957
     3.201
     2.748
     2.537
     2.421
     2.523
     1.360
     2.768
     2.531
     2.360
     2.740
     2.545
     1.586
     2.410
     2.578
     2.852
     3.032
     2.775
     2.697
     2.534
     3.051
     2.975
     2.334
     3.361
     3.444
     2.330
     3.261
     2.785
     3.191
     2.140
     3.155
     3.088
     2.788
     2.922
     2.939
     2.981
     1.290
     2.650
     3.128
     2.872
     2.508
     3.142
     0.903
     3.168
     2.496
     2.559
     3.127
     2.419
     3.083
     3.410
     2.680
     2.544
     2.600
     1.150
     2.524
     2.840
     2.346
     2.585
     3.168
     2.948
     1.842
     2.272
     2.588
     2.005
     2.513
     2.083
     2.758
     2.459
     2.520
     3.429
     2.903
     2.536
     3.046
     1.870
     2.756
     2.557
     2.444
     2.650
     2.592
     2.468
     2.779
     2.618
     2.797
     2.444
     3.666
     3.002
     3.407
     2.447
     2.844
     2.566
     3.316
     2.971
     2.734
     2.079
     2.149
     3.136
     2.547
     2.646
     2.920
     2.920
     2.449
     3.262
     2.982
     2.536
     2.884
     3.447
     1.886
     3.247
     3.011
     2.799
     2.157
     2.344
     2.952
     2.811
     2.188
     2.722
     2.962
     2.682
     2.547
     2.559
     2.352
     2.905
     1.637
     2.259
     2.407
     2.996
     2.055
     2.220
     2.603
     2.654
     3.239
     2.853
     2.611
     2.548
     2.557
     1.685
     3.551
     2.752
     3.774
     2.210
     2.989
     3.268
     2.800
     2.527
     2.811
     2.668
     2.142
     2.471
     2.383
     2.627
     2.489
     3.077
     2.578
     2.616
     2.785
     3.325
     2.764
     2.530
     2.670
     2.485
     1.403
     3.056
     2.593
     2.573
     3.098
     2.946
     3.139
     2.575
     2.899
     2.554
     2.620
     3.165
     3.116
     2.755
     3.112
     2.536
     2.333
     2.551
     2.970
     2.708
     2.894
     2.912
     3.132
     2.547
     2.730
     2.916
     2.607
     2.640
     2.264
     3.003
     1.466
     2.807
     2.577
     2.408
     3.088
     3.101
     1.690
     2.679
     2.324
     2.335
     1.518
     3.006
     1.298
     3.028
     3.150
     3.592
     2.787
     2.925
     3.314
     2.349
     1.259
     3.211
     3.253
     2.069
     3.389
     2.388
     2.573
     3.065
     2.538
     2.651
     2.712
     2.477
     2.474
     2.467
     2.340
     2.648
     2.809
     2.281
     2.558
     2.961
     3.269
     3.016
     2.889
     2.357
     2.704
     2.494
     2.441
     3.353
     3.439
     2.101
     2.613
     2.647
     3.199
     3.051
     2.845
     1.601
     1.414
     3.264
     2.985
     2.781
     2.634
     3.011
     2.463
     2.674
     2.533
     2.551
     2.835
     3.351
     2.939
     2.914
     2.440
     2.756
     2.926
     2.434
     3.231
     2.689
     2.520
     2.185
     2.559
     2.814
     2.948
     3.110
     2.521
     2.397
     2.657
     3.064
     2.939
     3.191
     3.174
     2.442
     2.590
     2.624
     3.222
     2.538
     3.378
     2.086
     2.435
     3.054
     2.678
     3.154
     2.423
     2.453
     3.398
     2.584
     2.802
     3.076
     3.132
     1.326
     2.587
     3.619
     2.497
     3.133
     3.068
     3.186
     2.220
     2.568
     2.376
     3.417
     3.102
     3.506
     3.015
     2.429
     2.474
     2.568
     2.491
     2.870
     2.387
     2.039
     2.421
     2.489
     2.557
     2.234
     2.845
     3.079
     2.774
     3.018
     2.522
     2.757
     2.575
     2.434
     3.466
     2.651
     2.438
     2.726
     2.511
     2.762
     3.304
     2.314
     3.316
     2.574
     2.845
     2.629
     2.408
     2.554
     2.283
     2.630
     3.162
     2.750
     2.462
     1.067
     3.049
     1.632
     2.475
     2.424
     2.645
     2.811
     2.807
     2.651
     2.564
     3.304
     2.824
     2.951
     2.585
     2.920
     3.394
     2.798
     2.569
     1.155
     2.828
     3.694
     3.536
     2.575
     2.810
     2.551
     2.712
     2.580
     1.845
     1.774
     2.619
     2.558
     2.404
     2.930
     3.016
     2.472
     3.041
     3.118
     3.077
     2.704
     1.952
     1.880
     2.961
     2.835
     1.829
     2.641
     2.918
     2.368
     3.199
     2.627
     2.540
     3.055
     2.674
     2.471
     2.510
     3.248
     2.791
     2.549
     2.439
     2.366
     2.465
     2.894
     2.893
     2.621
     2.438
     2.654
     2.837
     2.739
     2.349
     2.703
     3.236
     3.643
     1.822
     3.656
     2.451
     2.780
     2.748
     3.073
     2.562
     2.657
     2.669
     2.962
     1.840
     3.458
     2.480
     2.508
     1.880
     1.637
     2.667
     2.567
     3.057
     3.014
     2.615
     2.680
     2.399
     3.156
     3.041
     3.045
     2.582
     2.936
     3.554
     2.521
     2.435
     3.008
     1.910
     3.280
     2.930
     2.881
     2.523
     2.859
     2.366
     2.538
     3.239
     3.118
     2.739
     2.961
     2.134
     2.620
     2.821
     2.151
     2.554
     2.490
     2.342
     3.593
     3.315
     3.110
     2.396
     3.035
     3.325
     3.411
     2.628
     2.531
     2.022
     2.891
     2.529
     1.990
     2.579
     0.955
     3.076
     2.525
     2.668
     2.372
     2.622
     3.084
     2.239
     2.743
     2.787
     3.064
     2.567
     3.176
     2.317
     1.517
     2.463
     2.202
     3.319
     2.442
     2.446
     2.952
     2.442
     3.120
     2.885
     1.556
     3.016
     3.153
     2.874
     3.035
     1.999
     2.398
     2.416
     2.441
     2.549
     2.758
     2.639
     2.530
     3.154
     2.588
     3.231
     2.969
     2.538
     2.632
     3.034
     3.182
     2.488
     2.579
     3.053
     2.597
     2.602
     3.465
     2.730
     2.763
     3.079
     2.896
     1.162
     3.211
     1.789
     1.898
     2.835
     3.140
     2.493
     2.207
     2.617
     2.562
     2.811
     2.437
     3.203
     2.522
     2.535
     3.002
     3.018
     3.155
     2.473
     3.036
     2.894
     2.910
     2.601
     2.758
     2.392
     2.499
     3.051
     2.259
     3.033
     2.525
     3.018
     3.218
     2.668
     1.637
     2.769
     2.576
     1.153
     2.049
     2.560
     1.666
     2.686
     2.664
     2.444
     3.096
     2.656
     2.915
     2.547
     2.595
     2.663
     2.832
     1.664
     2.858
     3.081
     2.849
     2.603
     1.779
     2.635
     2.870
     2.430
     2.999
     2.571
     3.017
     2.404
     2.720
     2.475
     2.452
     2.443
     2.542
     3.091
     3.123
     2.563
     2.638
     2.678
     2.550
     2.371
     1.924
     3.177
     2.966
     2.604
     2.483
     2.789
     1.917
     2.951
     2.875
     3.259
     2.857
     2.675
     2.722
     2.739
     0.890
     3.113
     2.848
     2.639
     3.163
     2.768
     2.671
     3.607
     2.466
     2.598
     2.515
     2.893
     2.502
     3.172
     3.290
     3.226
     0.942
     2.905
     2.946
     2.798
     1.070
     2.651
     3.372
     2.792
     3.225
     3.272
     2.555
     2.914
     2.448
     2.714
     2.527
     3.009
     2.732
     2.810
     2.237
     2.560
     2.666
     3.077
     3.204
     3.396
     1.797
     2.524
     3.041
     2.528
     3.037
     3.037
     3.129
     3.059
     2.900
     3.014
     2.528
     3.715
     1.572
     2.753
     3.045
     3.442
     2.531
     2.704
     2.621
     3.177
     1.762
     2.364
     2.824
     2.266
     3.144
     1.844
     2.392
     2.922
     2.984
     3.111
     2.322
     3.118
     3.685
     2.868
     3.149
     2.482
     3.392
     2.579
     3.091
     2.494
     3.618
     3.199
     2.485
     2.680
     2.243
     3.496
     2.683
     2.558
     1.346
     3.138
     2.595
     2.390
     2.507
     2.214
     3.104
     2.714
     2.661
     3.333
     2.717
     2.667
     3.054
     2.493
     2.942
     2.523
     2.996
     2.598
     3.084
     3.507
     2.612
     2.599
     2.865
     2.210
     3.103
     3.002
     2.950
     3.136
     2.930
     2.608
     2.495
     2.546
     3.200
     3.308
     2.186
     3.400
     3.149
     2.495
     2.693
     2.873
     3.149
     2.768
     2.186
     2.721
     2.585
     0.703
     2.884
     2.512
     2.123
     2.861
     3.175
     2.147
     2.882
     3.133
     3.151
     2.632
     2.429
     2.896
     2.980
     2.521
     2.584
     2.515
     2.509
     2.211
     3.134
     2.290
     3.241
     2.608
     1.494
     2.583
     2.508
     2.513
     3.017
     3.281
     2.614
     3.075
     2.783
     1.084
     2.524
     2.464
     2.345
     2.883
     2.567
     2.322
     3.210
     2.629
     3.217
     3.319
     2.616
     2.466
     2.605
     3.038
     2.600
     2.814
     2.930
     2.487
     2.955
     2.858
     2.165
     3.188
     1.908
     2.581
     2.979
     2.754
     3.229
     0.899
     2.956
     3.222
     3.039
     3.305
     2.561
     3.450
     3.175
     2.851
     2.430
     2.581
     2.588
     3.451
     2.763
     2.363
     2.419
     2.414
     2.854
     2.663
     0.905
     3.294
     2.690
     2.678
     3.309
     2.939
     2.519
     2.073
     3.069
     2.083
     3.035
     2.430
     2.302
     2.364
     2.746
     2.590
     2.566
     2.535
     2.455
     2.502
     2.748
     3.282
     3.092
     3.343
     2.675
     1.403
     2.730
     2.559
     2.818
     2.788
     2.745
     2.680
     2.197
     2.887
     2.954
     2.701
     2.698
     3.124
     2.557
     2.460
     3.590
     2.801
     3.135
     2.449
     2.615
     2.394
     2.072
     2.775
     2.489
     3.253
     3.031
     2.969
     3.245
     2.592
     2.531
     2.525
     3.099
     2.035
     3.218
     3.567
     3.165
     2.569
     2.616
     1.396
     2.683
     2.243
     2.899
     2.462
     2.509
     3.192
     2.805
     2.645
     2.473
     2.630
     2.430
     3.406
     1.913
     2.543
     3.173
     3.239
     2.931
     2.626
     2.583
     2.601
     2.420
     2.979
     2.197
     2.609
     3.042
     2.552
     2.996
     2.647
     0.958
     2.403
     3.010
     2.491
     1.456
     2.789
     2.848
     3.338
     2.797
     2.963
     2.753
     3.077
     2.947
     3.096
     1.595
     1.533
     2.995
     2.765
     2.559
     2.227
     2.830
     3.139
     2.564
     1.395
     3.171
     2.176
     3.245
     2.628
     2.480
     3.086
     2.467
     2.633
     2.394
     2.725
     3.659
     2.930
     3.087
     3.158
     2.518
     2.616
     2.958
     2.621
     3.483
     2.804
     3.012
     1.066
     2.657
     2.279
     2.566
     2.683
     3.493
     2.600
     3.086
     2.517
     3.404
     2.491
     2.912
     2.819
     2.687
     2.483
     2.391
     3.260
     2.535
     2.922
     2.590
     2.820
     3.008
     2.831
     2.920
     2.850
     3.017
     3.048
     3.378
     2.577
     3.325
     3.136
     2.815
     2.513
     2.710
     1.909
     2.704
     2.911
     2.455
     2.421
     2.530
     2.656
     2.813
     2.606
     2.632
     2.166
     2.723
     2.865
     1.399
     2.755
     3.239
     3.191
     2.405
     2.459
     2.642
     3.112
     2.444
     3.574
     2.512
     2.570
     2.429
     2.722
     2.831
     2.925
     3.403
     2.492
     3.364
     3.505
     2.524
     2.515
     2.366
     3.596
     2.936
     2.687
     2.478
     3.346
     2.498
     2.780
     2.946
     3.317
     2.567
     2.416
     2.546
     1.678
     2.659
     2.440
     2.787
     2.026
     2.545
     2.932
     2.539
     3.052
     2.590
     2.070
     3.059
     2.612
     3.022
     2.357
     2.437
     3.109
     2.104
     3.328
     2.876
     2.402
     2.543
     2.655
     2.743
     2.934
     2.863
     2.052
     3.239
     1.608
     1.568
     3.362
     2.392
     2.413
     2.531
     2.466
     2.469
     3.009
     2.342
     2.496
     2.690
     2.512
     3.157
     2.583
     3.617
     2.923
     2.857
     2.571
     2.573
     2.481
     2.586
     2.742
     3.048
     2.479
     2.818
     1.934
     2.544
     3.006
     3.089
     2.422
     2.609
     2.449
     2.841
     2.550
     3.306
     3.232
     2.866
     3.269
     2.842
     2.499
     3.348
     2.521
     2.343
     2.465
     2.299
     1.553
     3.085
     3.085
     2.668
     2.463
     2.800
     2.781
     2.504
     1.885
     2.557
     3.176
     2.580
     3.245
     2.605
     3.071
     2.472
     2.627
     3.072
     2.772
     1.138
     2.406
     2.591
     1.465
     2.730
     3.080
     2.514
     2.287
     3.125
     3.165
     2.633
     2.788
     2.563
     2.557
     2.797
     2.287
     3.058
     1.648
     2.665
     3.199
     3.210
     3.126
     2.607
     2.616
     2.532
     2.752
     2.482
     2.577
     2.799
     3.145
     2.793
     2.010
     2.403
     2.674
     2.933
     3.021
     2.367
     3.236
     2.920
     3.413
     2.837
     3.011
     2.579
     2.809
     2.895
     2.656
     3.685
     2.400
     3.007
     2.385
     2.859
     1.744
     2.909
     2.454
     2.709
     2.346
     2.819
     2.241
     2.454
     2.439
     2.108
     2.555
     2.572
     2.557
     2.510
     2.412
     2.948
     2.430
     1.743
     1.134
     3.587
     2.949
     2.911
     2.620
     2.524
     3.161
     2.607
     2.772
     3.377
     2.692
     2.508
     3.116
     3.523
     3.117
     3.079
     2.577
     2.931
     3.216
     2.380
     3.105
     2.327
     2.852
     2.656
     2.542
     2.695
     3.404
     1.681
     2.690
     2.796
     2.402
     3.042
     2.578
     2.715
     2.481
     3.406
     3.476
     2.630
     2.600
     3.089
     3.125
     2.558
     3.092
     2.702
     3.022
     3.452
     2.925
     3.076
     3.200
     3.131
     3.478
     2.348
     2.308
     2.779
     3.682
     0.881
     2.972
     2.575
     2.970
     3.235
     2.547
     2.704
     2.611
     3.223
     2.455
     3.239
     2.590
     2.770
     1.773
     3.353
     2.756
     1.395
     2.571
     2.495
     2.671
     2.770
     2.647
     2.413
     3.645
     2.661
     2.522
     3.388
     3.449
     2.573
     2.558
     3.169
     2.645
     2.604
     2.002
     2.780
     2.543
     2.424
     3.014
     3.088
     2.970
     3.139
     1.887
     1.128
     2.383
     2.219
     3.578
     2.416
     1.795
     2.827
     2.608
     2.289
     2.664
     2.393
     1.332
     1.545
     3.130
     2.665
     2.580
     2.565
     2.488
     3.279
     2.252
     1.508
     2.798
     3.182
     2.712
     2.299
     2.962
     2.379
     2.523
     2.563
     1.566
     2.503
     3.161
     2.570
     2.514
     3.046
     2.454
     2.749
     2.775
     2.760
     2.732
     3.301
     3.102
     3.138
     2.345
     2.536
     2.910
     2.600
     1.954
     1.694
     2.722
     1.808
     2.822
     3.342
     2.366
     2.643
     2.852
     2.786
     2.565
     3.230
     2.958
     2.602
     2.609
     2.505
     1.901
     2.626
     3.394
     2.920
     2.131
     3.166
     2.399
     2.943
     1.816
     3.147
     2.821
     2.704
     2.881
     1.569
     3.248
     2.567
     2.469
     3.478
     2.836
     2.233
     1.691
     2.214
     3.111
     2.461
     2.462
     2.523
     1.574
     2.840
     1.387
     2.629
     2.541
     2.849
     2.727
     2.815
     3.354
     2.571
     2.564
     2.722
     3.054
     3.038
     2.355
     2.965
     2.217
     3.021
     2.375
     2.496
     2.640
     2.644
     2.649
     2.643
     2.661
     2.479
     2.838
     2.290
     3.017
     2.580
     3.042
     2.688
     2.821
     2.947
     3.110
     2.370
     2.640
     2.820
     2.696
     2.314
     2.550
     3.382
     3.575
     2.548
     2.681
     2.332
     2.849
     2.728
     3.077
     2.852
     2.537
     2.413
     3.214
     2.804
     2.905
     2.680
     2.523
     2.629
     2.428
     2.516
     2.641
     2.491
     2.870
     2.528
     2.665
     2.559
     2.542
     1.512
     2.442
     2.713
     3.260
     2.940
     3.114
     3.181
     2.472
     2.594
     2.990
     2.824
     3.385
     2.776
     2.232
     3.359
     3.125
     3.745
     2.965
     3.017
     2.739
     3.166
     2.526
     2.419
     1.447
     3.082
     3.089
     2.514
     2.978
     3.004
     2.296
     3.152
     2.924
     2.971
     3.558
     2.737
     2.836
     2.371
     2.220
     3.001
     2.858
     2.266
     3.598
     2.535
     1.490
     2.654
     2.892
     2.906
     1.888
     2.483
     3.528
     1.879
     3.053
     2.578
     2.947
     2.292
     2.534
     3.297
     2.526
     3.134
     2.619
     2.804
     2.388
     2.545
     2.436
     2.370
     3.061
     3.328
     3.345
     2.493
     2.189
     3.124
     2.385
     1.878
     3.073
     3.006
     2.895
     2.173
     2.710
     2.274
     2.659
     1.317
     3.302
     2.795
     2.454
     2.316
     2.916
     2.542
     2.717
     2.390
     3.090
     2.548
     2.703
     2.527
     2.579
     2.814
     2.584
     2.490
     2.432
     3.035
     2.866
     2.489
     2.809
     2.102
     2.739
     2.413
     3.497
     2.636
     2.675
     1.679
     2.877
     3.188
     3.562
     2.962
     2.896
     2.004
     3.290
     3.229
     2.642
     3.431
     2.859
     2.998
     2.850
     2.672
     2.676
     2.565
     2.583
     2.170
     2.910
     1.488
     1.800
     2.800
     3.056
     2.964
     2.987
     2.508
     2.414
     3.003
     3.241
     2.948
     2.512
     2.788
     2.561
     2.508
     2.610
     2.703
     2.457
     2.719
     2.401
     2.622
     3.230
     1.943
     0.880
     3.192
     2.454
     2.551
     2.648
     2.655
     2.930
     2.457
     1.971
     3.728
     3.058
     2.493
     3.324
     2.896
     2.795
     2.605
     1.807
     2.510
     3.115
     2.547
     2.986
     3.122
     2.538
     2.564
     1.455
     2.513
     3.018
     2.826
     2.529
     2.525
     2.440
     3.367
     2.777
     2.808
     2.648
     3.527
     2.720
     3.201
     3.052
     2.655
     2.588
     2.389
     3.101
     2.622
     1.135
     2.613
     2.624
     2.851
     1.591
     1.967
     2.907
     2.846
     2.891
     2.709
     2.572
     2.639
     3.162
     1.769
     2.609
     3.003
     2.339
     2.851
     2.525
     2.920
     3.147
     2.823
     3.004
     2.421
     3.032
     1.578
     2.826
     1.644
     2.695
     1.764
     3.571
     2.339
     2.649
     2.681
     3.000
     3.214
     2.786
     1.907
     2.951
     2.465
     2.494
     2.083
     2.602
     2.615
     2.221
     2.066
     2.676
     3.105
     3.095
     3.095
     3.407
     2.837
     2.351
     2.636
     2.484
     2.964
     3.253
     2.434
     2.126
     2.499
     3.188
     2.945
     3.156
     2.493
     2.601
     2.588
     2.271
     2.851
     3.143
     3.163
     3.272
     2.642
     2.601
     2.818
     2.941
     2.503
     2.568
     2.534
     2.527
     2.838
     2.605
     2.362
     2.454
     3.058
     3.031
     3.429
     2.538
     1.219
     2.562
     2.645
     3.100
     3.151
     2.634
     2.524
     3.050
     2.511
     2.430
     2.974
     2.662
     2.028
     3.066
     1.145
     2.015
     3.393
     3.053
     3.149
     3.145
     2.868
     2.922
     2.947
     2.964
     2.472
     3.022
     2.711
     2.830
     2.924
     2.694
     2.489
     2.457
     1.764
     2.536
     2.429
     2.607
     2.700
     2.846
     2.675
     3.020
     2.843
     2.613
     2.726
     3.260
     2.889
     2.567
     2.519
     3.146
     2.986
     2.621
     3.066
     3.658
     2.514
     2.588
     2.752
     2.850
     2.927
     2.770
     2.981
     2.551
     2.664
     2.512
     3.174
     2.866
     3.264
     1.293
     2.411
     2.649
     3.114
     2.622
     2.729
     2.514
     2.486
     2.502
     2.446
     1.266
     2.557
     2.921
     2.491
     2.448
     2.535
     2.868
     1.546
     1.669
     2.982
     3.007
     3.023
     2.801
     3.133
     1.834
     2.791
     2.559
     2.562
     2.960
     2.309
     2.354
     2.498
     2.447
     2.571
     2.818
     3.102
     2.483
     3.186
     2.969
     2.462
     2.589
     3.476
     3.010
     2.478
     3.113
     3.277
     2.371
     2.618
     2.067
     1.913
     2.611
     2.714
     3.531
     3.456
     2.232
     2.683
     2.857
     2.978
     2.610
     1.741
     1.743
     2.497
     2.344
     2.545
     3.656
     2.611
     2.458
     3.722
     2.398
     2.118
     1.966
     2.951
     2.432
     3.009
     2.712
     1.330
     2.630
     3.048
     2.982
     2.744
     2.762
     2.302
     2.734
     3.627
     2.155
     3.053
     2.702
     3.172
     2.950
     2.821
     0.752
     3.150
     2.812
     2.693
     1.638
     2.992
     2.859
     2.954
     3.076
     3.083
     3.235
     2.359
     3.163
     2.712
     3.063
     2.798
     3.074
     2.774
     2.917
     3.526
     2.547
     2.531
     3.375
     1.333
     3.117
     2.893
     3.625
     3.048
     2.782
     2.501
     2.589
     2.726
     2.443
     3.355
     3.119
     2.503
     2.884
     2.840
     3.409
     2.924
     2.803
     1.230
     2.497
     2.498
     2.516
     3.187
     3.150
     2.715
     3.413
     2.784
     2.578
     2.530
     2.747
     3.233
     2.774
     2.767
     3.437
     3.318
     2.553
     2.722
     3.141
     3.239
     2.576
     3.246
     2.934
     2.765
     2.617
     3.094
     0.781
     1.413
     3.148
     2.671
     3.145
     2.586
     3.034
     1.286
     2.800
     2.378
     2.566
     3.447
     2.543
     2.447
     2.384
     3.543
     2.585
     2.986
     2.457
     3.287
     2.768
     2.125
     2.911
     2.812
     3.159
     3.127
     2.952
     3.011
     2.491
     3.060
     3.102
     3.107
     3.432
     2.593
     3.040
     3.077
     3.110
     1.636
     2.757
     2.861
     2.794
     2.624
     2.444
     2.863
     2.582
     3.136
     3.361
     3.187
     3.121
     2.763
     3.030
     2.500
     2.468
     3.022
     2.539
     3.339
     2.868
     3.074
     2.767
     2.574
     3.150
     2.686
     2.873
     3.030
     2.902
     3.097
     2.791
     2.611
     2.548
     2.653
     3.033
     3.093
     1.429
     2.372
     2.781
     3.435
     2.948
     2.115
     2.678
     3.110
     3.107
     2.771
     2.401
     3.093
     2.941
     2.524
     2.547
     2.393
     2.424
     2.525
     2.551
     2.468
     2.380
     3.248
     3.595
     2.402
     2.916
     3.143
     3.102
     2.621
     2.424
     2.686
     2.531
     2.265
     3.267
     2.805
     3.600
     2.422
     3.060
     3.129
     2.758
     3.214
     2.487
     2.414
     2.599
     2.254
     2.886
     2.702
     3.023
     1.959
     2.733
     2.917
     2.572
     3.097
     2.122
     2.576
     2.597
     2.615
     2.171
     2.590
     3.149
     3.727
     3.472
     2.833
     2.792
     2.503
     2.904
     3.086
     3.074
     3.297
     0.859
     2.533
     3.027
     3.252
     1.141
     2.636
     3.296
     3.021
     3.087
     2.993
     2.432
     2.966
     2.427
     2.455
     2.582
     2.654
     2.870
     2.888
     2.838
     3.209
     2.624
     3.368
     2.578
     2.877
     2.364
     2.546
     2.548
     3.050
     2.261
     2.942
     1.970
     2.748
     3.371
     3.215
     2.561
     2.467
     2.441
     2.589
     2.621
     2.988
     2.467
     2.696
     2.645
     2.267
     2.223
     2.568
     2.539
     2.519
     2.043
     2.392
     2.921
     2.544
     2.852
     2.772
     2.686
     3.009
     3.047
     3.001
     2.369
     2.525
     2.565
     3.098
     2.855
     2.482
     2.769
     2.568
     1.145
     2.494
     2.622
     1.682
     2.806
     3.105
     2.725
     2.340
     3.110
     2.539
     2.657
     2.952
     2.546
     3.064
     2.872
     2.570
     1.981
     2.456
     1.743
     2.827
     1.584
     2.858
     2.906
     2.642
     2.182
     2.482
     2.629
     2.746
     2.607
     2.583
     2.059
     2.566
     3.606
     3.223
     2.623
     1.958
     2.830
     2.575
     2.534
     3.030
     2.086
     2.459
     2.640
     2.284
     2.967
     2.506
     2.237
     2.584
     2.742
     2.446
     2.702
     2.982
     3.005
     2.837
     2.614
     2.409
     2.537
     3.437
     3.376
     3.212
     2.599
     3.072
     2.557
     3.105
     3.128
     2.515
     3.222
     2.431
     2.807
     2.503
     2.574
     2.921
     2.534
     2.756
     2.490
     2.704
     3.292
     2.356
     3.284
     1.436
     2.591
     1.520
     2.677
     2.770
     3.057
     2.373
     2.893
     3.006
     1.154
     2.558
     2.279
     1.936
     2.804
     2.427
     2.589
     2.419
     3.273
     0.834
     2.906
     2.558
     2.252
     3.027
     2.818
     3.156
     3.373
     2.555
     1.595
     2.398
     2.818
     3.175
     3.181
     2.532
     2.750
     2.704
     2.875
     2.312
     2.409
     3.064
     1.758
     3.064
     3.224
     3.114
     2.823
     3.236
     2.500
     2.804
     2.555
     2.942
     2.725
     2.525
     3.296
     2.597
     2.824
     2.617
     3.121
     2.692
     3.120
     2.715
     2.771
     3.135
     2.421
     2.587
     2.338
     2.469
     1.953
     2.496
     3.082
     2.613
     1.301
     2.602
     3.023
     3.198
     2.595
     2.687
     2.867
     2.546
     3.302
     2.780
     3.165
     2.400
     2.223
     2.840
     2.115
     3.458
     1.450
     3.272
     1.797
     2.687
     2.678
     2.371
     2.775
     2.629
     2.696
     3.059
     2.752
     2.671
     2.671
     2.715
     2.489
     1.188
     2.576
     3.193
     2.595
     2.567
     2.940
     2.954
     2.931
     2.453
     3.185
     3.093
     3.423
     2.473
     3.060
     2.559
     2.796
     2.896
     2.477
     3.395
     2.982
     2.421
     2.741
     2.524
     2.622
     2.639
     2.686
     3.389
     3.144
     3.197
     2.302
     2.370
     2.489
     3.188
     2.591
     3.091
     2.552
     2.587
     3.546
     3.059
     3.132
     1.407
     1.791
     2.941
     2.600
     2.556
     2.859
     2.874
     2.416
     3.565
     2.841
     2.788
     2.584
     2.806
     2.502
     2.878
     2.619
     2.514
     3.115
     2.584
     3.200
     2.619
     2.509
     3.213
     2.583
     2.389
     2.591
     3.219
     3.166
     2.475
     1.632
     2.161
     2.926
     2.596
     2.940
     2.985
     2.782
     3.030
     2.832
     2.873
     2.033
     2.624
     1.250
     2.842
     3.025
     3.018
     2.390
     2.315
     3.049
     3.109
     2.550
     2.123
     3.118
     3.108
     2.529
     2.845
     2.275
     3.108
     2.441
     2.584
     1.728
     2.826
     2.376
     2.307
     1.425
     2.774
     2.502
     3.166
     3.162
     3.510
     3.095
     3.105
     2.727
     2.465
     3.137
     3.343
     3.356
     3.119
     2.147
     2.670
     2.363
     2.181
     2.603
     2.630
     2.873
     2.574
     2.925
     2.858
     2.824
     2.842
     3.291
     2.517
     2.871
     2.548
     2.557
     2.421
     1.168
     3.148
     2.596
     2.969
     2.304
     1.032
     2.662
     2.259
     2.801
     2.536
     2.856
     2.850
     2.893
     2.464
     2.883
     2.685
     2.953
     2.758
     2.532
     2.616
     2.002
     2.383
     3.364
     3.110
     2.776
     2.797
     2.549
     2.741
     2.783
     2.946
     2.589
     2.763
     3.280
     2.491
     2.648
     2.303
     1.092
     3.079
     2.440
     2.424
     3.302
     2.710
     2.492
     2.845
     2.960
     3.185
     2.931
     2.493
     3.070
     2.562
     2.920
     1.744
     2.475
     2.635
     2.523
     3.236
     3.233
     2.441
     3.353
     2.345
     2.746
     1.999
     3.488
     2.451
     3.062
     2.610
     2.994
     2.552
     2.840
     2.903
     2.537
     2.723
     3.253
     3.111
     2.822
     2.045
     2.891
     3.195
     2.635
     2.625
     2.883
     3.123
     2.663
     2.521
     2.331
     3.234
     1.507
     2.439
     3.077
     3.142
     2.436
     2.563
     2.885
     2.736
     2.667
     2.298
     2.488
     2.986
     3.124
     2.734
     3.480
     2.897
     1.242
     1.022
     2.619
     3.189
     2.444
     2.596
     2.500
     3.239
     2.529
     2.641
     2.565
     2.478
     2.813
     1.064
     2.558
     2.682
     2.521
     3.019
     2.578
     3.776
     1.888
     2.133
     3.100
     2.763
     2.539
     2.587
     3.090
     2.642
     2.656
     2.403
     2.586
     3.224
     3.562
     3.060
     2.841
     2.618
     2.628
     1.233
     3.044
     2.779
     2.832
     3.073
     3.433
     3.132
     2.624
     2.566
     2.419
     2.202
     2.678
     2.923
     3.468
     2.691
     2.438
     2.990
     2.458
     2.547
     2.654
     2.564
     2.517
     3.018
     2.568
     2.302
     3.095
     2.959
     3.065
     2.711
     2.532
     2.427
     3.332
     3.025
     3.432
     2.655
     3.195
     2.635
     2.437
     2.210
     2.794
     2.192
     2.397
     2.956
     3.255
     2.701
     3.012
     2.682
     2.944
     2.352
     2.041
     2.522
     3.709
     1.152
     2.519
     1.905
     1.608
     3.253
     3.291
     3.441
     3.165
     2.393
     2.447
     1.561
     2.871
     3.340
     3.161
     3.109
     3.348
     2.616
     2.602
     2.747
     2.513
     3.450
     1.458
     2.025
     2.895
     2.642
     3.248
     2.849
     2.395
     2.731
     2.484
     2.635
     2.355
     1.581
     2.429
     3.025
     2.288
     2.730
     2.956
     2.913
     2.806
     3.454
     2.489
     3.403
     3.024
     2.740
     2.493
     2.250
     2.604
     3.188
     3.042
     2.382
     2.595
     2.406
     3.098
     3.251
     2.703
     2.689
     3.612
     3.167
     2.538
     2.498
     2.515
     3.099
     2.627
     2.806
     2.950
     2.634
     3.054
     3.157
     3.250
     3.283
     2.717
     3.244
     3.556
     1.904
     2.532
     2.478
     2.239
     3.150
     3.179
     3.104
     2.478
     2.695
     2.578
     2.594
     2.171
     2.407
     3.049
     2.271
     2.568
     2.086
     3.745
     3.435
     2.732
     2.633
     3.376
     2.495
     2.536
     2.639
     3.259
     3.283
     3.185
     2.444
     3.229
     2.582
     2.835
     2.980
     2.842
     2.992
     2.591
     3.187
     2.496
     2.527
     3.158
     2.528
     3.141
     1.900
     3.097
     2.833
     2.571
     3.148
     2.648
     2.668
     2.234
     3.221
     2.324
     2.666
     2.573
     2.390
     2.517
     2.513
     2.410
     2.592
     2.337
     2.748
     2.505
     2.176
     1.967
     3.375
     3.672
     2.885
     3.604
     3.307
     2.653
     2.049
     2.523
     2.974
     2.976
     2.598
     2.936
     2.921
     2.702
     2.510
     3.177
     2.879
     3.070
     2.853
     2.222
     2.081
     1.413
     1.931
     2.463
     2.923
     2.402
     3.436
     2.282
     2.851
     2.428
     3.057
     3.037
     2.651
     3.175
     2.436
     3.075
     2.845
     3.101
     3.128
     2.489
     3.001
     1.770
     3.211
     3.238
     2.458
     3.173
     2.581
     3.078
     2.507
     2.651
     2.644
     2.851
     2.507
     2.141
     1.024
     1.549
     3.077
     3.123
     3.142
     3.437
     3.367
     2.688
     2.496
     2.506
     2.784
     2.564
     2.559
     3.138
     2.457
     2.792
     1.820
     2.567
     2.607
     3.464
     2.654
     1.920
     3.137
     2.490
     3.561
     3.029
     2.956
     2.793
     3.004
     3.379
     2.788
     3.130
     3.288
     2.960
     3.035
     2.588
     3.312
     1.989
     3.097
     3.355
     2.732
     2.997
     2.736
     2.867
     3.002
     2.958
     2.694
     3.040
     2.428
     2.469
     2.503
     2.657
     2.810
     2.269
     2.493
     1.679
     2.444
     3.418
     2.848
     2.505
     2.452
     2.913
     3.133
     2.374
     2.630
     3.706
     2.619
     3.112
     2.361
     2.479
     3.352
     3.390
     2.184
     2.850
     2.526
     2.884
     2.801
     2.433
     2.667
     2.957
     3.078
     2.665
     2.568
     3.094
     3.288
     2.729
     2.788
     2.545
     2.669
     2.530
     2.373
     1.864
     3.036
     2.974
     1.981
     2.924
     2.681
     2.872
     3.072
     2.366
     2.482
     1.098
     2.589
     2.570
     3.471
     3.144
     2.392
     2.666
     3.212
     3.196
     2.697
     2.989
     2.767
     1.730
     2.412
     2.946
     2.598
     3.065
     2.642
     2.659
     2.800
     2.824
     3.090
     2.963
     2.636
     2.478
     3.512
     2.615
     2.570
     3.442
     1.432
     2.599
     2.760
     2.578
     2.582
     2.332
     2.449
     2.632
     2.532
     3.042
     3.342
     2.518
     1.009
     2.759
     3.067
     2.835
     2.859
     2.980
     2.575
     3.223
     1.649
     2.877
     1.727
     3.521
     2.871
     3.145
     2.442
     3.104
     2.423
     3.307
     2.765
     3.193
     2.509
     2.741
     3.172
     2.847
     2.722
     2.752
     2.862
     3.567
     2.780
     2.772
     1.051
     2.578
     1.304
     2.671
     2.666
     2.894
     3.348
     3.162
     2.062
     2.512
     2.224
     2.738
     2.570
     3.072
     2.509
     2.481
     2.405
     3.272
     3.352
     2.237
     2.319
     2.531
     2.573
     1.307
     2.105
     2.534
     2.906
     2.682
     2.912
     2.750
     2.322
     2.501
     2.540
     2.404
     2.839
     2.455
     2.428
     3.188
     2.988
     2.404
     2.745
     2.435
     2.927
     3.480
     3.148
     2.811
     2.614
     2.883
     2.881
     2.629
     2.468
     3.324
     2.973
     2.410
     2.544
     2.559
     2.369
     2.488
     2.927
     2.406
     2.627
     2.786
     2.822
     2.374
     2.575
     0.794
     2.378
     2.591
     2.032
     2.553
     2.450
     2.889
     2.447
     2.593
     2.592
     2.520
     2.907
     2.176
     2.601
     2.876
     3.628
     2.499
     2.415
     2.208
     2.471
     3.311
     2.493
     2.424
     2.882
     2.447
     2.605
     2.110
     3.301
     2.442
     3.260
     2.323
     2.520
     3.146
     3.107
     2.469
     3.233
     2.602
     3.116
     3.035
     2.581
     2.760
     2.668
     3.445
     3.408
     2.449
     2.687
     2.757
     2.528
     2.713
     1.691
     3.113
     2.989
     1.986
     2.877
     3.003
     2.493
     3.003
     3.288
     3.299
     2.628
     3.088
     1.807
     3.096
     3.004
     2.441
     2.380
     2.514
     2.993
     1.808
     2.662
     0.828
     2.526
     1.390
     2.577
     2.656
     1.088
     2.501
     2.546
     1.529
     2.403
     2.744
     3.527
     2.807
     2.499
     3.073
     2.863
     3.071
     2.828
     3.117
     2.736
     2.599
     2.642
     3.079
     1.986
     3.152
     2.549
     2.385
     3.158
     3.372
     3.134
     2.509
     2.583
     2.904
     3.208
     2.813
     2.976
     3.043
     2.651
     3.230
     2.583
     1.317
     3.480
     2.817
     2.641
     3.147
     2.436
     2.741
     2.415
     2.660
     2.449
     3.296
     2.554
     2.552
     2.567
     2.655
     3.272
     2.756
     2.490
     2.310
     2.518
     2.875
     2.440
     3.246
     2.395
     3.536
     2.375
     2.411
     2.935
     2.650
     2.502
     3.134
     2.555
     2.938
     2.441
     3.002
     2.676
     2.614
     2.489
     2.853
     2.944
     3.014
     2.624
     2.577
     2.454
     2.708
     2.263
     3.047
     2.903
     2.219
     2.596
     3.274
     2.392
     2.926
     2.482
     3.076
     3.319
     2.474
     2.873
     1.968
     2.700
     2.474
     2.769
     3.205
     2.024
     2.399
     1.330
     3.207
     3.476
     2.924
     2.557
     2.383
     3.548
     2.825
     3.212
     2.139
     3.133
     2.089
     2.607
     1.254
     1.930
     2.500
     2.649
     2.780
     2.462
     3.195
     3.031
     2.549
     2.496
     2.545
     2.407
     2.909
     2.889
     2.243
     2.947
     2.888
     2.427
     3.312
     2.584
     2.740
     3.158
     2.831
     3.125
     3.161
     3.064
     2.533
     2.228
     3.043
     1.297
     2.307
     3.008
     3.279
     2.355
     2.830
     2.535
     2.842
     2.535
     2.576
     2.515
     3.256
     1.598
     2.558
     2.827
     3.015
     2.541
     2.442
     1.315
     2.558
     2.579
     2.586
     2.356
     3.162
     3.114
     2.497
     3.381
     3.292
     3.100
     3.119
     2.603
     2.427
     2.680
     2.621
     2.835
     3.111
     3.145
     2.987
     1.272
     2.390
     2.992
     2.553
     2.481
     3.117
     3.201
     2.099
     2.856
     3.143
     3.131
     2.868
     2.737
     2.074
     2.420
     2.569
     1.167
     3.004
     3.075
     2.472
     2.536
     2.870
     2.528
     2.512
     2.650
     2.579
     2.791
     2.586
     1.626
     2.565
     3.121
     2.692
     3.035
     2.431
     3.055
     3.336
     2.542
     2.965
     2.225
     3.248
     1.761
     2.472
     2.852
     2.642
     3.072
     3.201
     3.235
     2.528
     1.914
     2.520
     2.593
     3.150
     3.053
     2.580
     3.372
     1.762
     2.786
     2.835
     3.398
     3.139
     2.915
     3.034
     2.524
     3.343
     2.449
     2.750
     2.764
     2.457
     2.428
     2.491
     2.453
     2.833
     2.537
     2.533
     2.462
     2.766
     2.839
     2.637
     2.961
     3.239
     3.437
     2.669
     3.045
     3.672
     2.492
     2.985
     2.774
     3.486
     2.690
     2.562
     2.702
     2.945
     2.545
     1.930
     2.590
     2.485
     1.675
     2.482
     2.473
     2.738
     3.229
     1.127
     2.392
     2.809
     2.348
     2.687
     2.970
     2.565
     3.073
     2.908
     2.404
     2.580
     3.055
     2.731
     2.707
     2.610
     2.594
     2.672
     2.592
     2.596
     3.498
     2.718
     3.481
     3.189
     2.967
     2.869
     2.574
     3.174
     2.381
     2.491
     2.707
     2.806
     3.586
     2.903
     2.438
     1.029
     3.072
     2.606
     2.777
     2.595
     2.542
     2.340
     2.369
     2.535
     2.455
     2.269
     2.528
     2.563
     2.651
     3.589
     2.603
     2.500
     2.528
     2.851
     2.493
     2.492
     2.661
     1.990
     1.908
     3.124
     2.523
     1.787
     3.133
     2.520
     2.546
     2.539
     2.665
     2.497
     2.449
     2.839
     2.607
     2.784
     2.938
     2.502
     1.733
     2.823
     2.735
     2.024
     2.614
     2.572
     2.573
     2.763
     3.132
     2.703
     2.402
     3.330
     2.651
     3.052
     3.402
     2.473
     3.204
     2.751
     2.716
     2.108
     2.836
     2.938
     2.530
     3.046
     3.351
     2.550
     2.370
     3.069
     2.031
     2.876
     2.613
     2.261
     2.833
     3.227
     3.058
     2.417
     2.433
     3.158
     2.474
     3.051
     2.518
     2.958
     2.787
     2.793
     3.177
     3.406
     3.539
     2.341
     2.593
     2.437
     2.394
     2.653
     3.573
     2.592
     2.353
     2.546
     2.773
     2.785
     2.912
     2.162
     2.698
     2.617
     1.622
     2.563
     2.454
     2.133
     3.171
     3.061
     3.160
     3.007
     2.668
     2.244
     2.896
     3.095
     3.299
     3.189
     2.161
     1.332
     2.478
     1.908
     2.864
     2.568
     3.578
     3.092
     2.872
     2.509
     3.069
     2.387
     3.100
     2.809
     1.733
     2.384
     2.372
     2.558
     1.820
     2.921
     3.147
     2.912
     2.258
     2.527
     3.240
     3.018
     2.575
     2.510
     2.594
     1.914
     1.685
     2.551
     2.982
     2.977
     1.894
     3.258
     2.547
     3.248
     1.865
     2.610
     2.599
     2.533
     3.058
     2.893
     2.785
     2.716
     2.698
     2.507
     2.803
     2.671
     2.412
     3.125
     2.650
     2.507
     2.608
     2.001
     2.994
     2.579
     2.527
     2.807
     2.508
     2.278
     2.428
     2.866
     2.635
     3.055
     2.784
     2.598
     3.195
     2.541
     2.785
     2.822
     2.482
     2.555
     2.812
     2.351
     2.463
     2.262
     2.918
     2.846
     2.562
     2.757
     2.681
     2.360
     3.232
     2.803
     2.924
     3.401
     2.091
     2.567
     2.608
     2.616
     2.420
     2.637
     2.468
     3.608
     2.986
     2.768
     2.782
     2.562
     2.650
     2.329
     3.109
     2.753
     2.855
     2.753
     3.130
     3.448
     2.699
     2.544
     2.810
     2.043
     2.708
     2.492
     3.071
     0.904
     2.453
     3.380
     3.358
     2.512
     3.225
     2.315
     2.376
     2.537
     2.346
     3.299
     2.707
     3.257
     2.687
     2.655
     2.874
     3.150
     2.346
     2.479
     2.519
     2.702
     2.806
     2.798
     2.522
     3.028
     1.623
     2.923
     2.801
     1.262
     1.140
     2.329
     2.579
     2.588
     2.397
     2.375
     2.424
     2.919
     2.609
     3.145
     3.019
     2.848
     3.115
     3.119
     2.817
     2.307
     3.225
     2.368
     1.697
     2.715
     2.703
     2.608
     2.525
     2.592
     2.624
     1.544
     2.813
     2.865
     2.865
     2.457
     2.825
     3.242
     2.665
     2.504
     3.038
     3.417
     2.631
     2.591
     1.506
     2.049
     2.395
     3.429
     3.029
     2.469
     2.438
     3.244
     2.518
     2.636
     2.744
     2.650
     1.593
     2.536
     3.076
     2.861
     2.615
     2.894
     3.703
     3.133
     2.752
     2.025
     3.315
     2.782
     1.484
     2.491
     2.560
     3.140
     2.740
     3.133
     3.052
     2.550
     3.305
     2.609
     2.466
     2.767
     3.264
     2.478
     2.562
     3.095
     1.979
     2.507
     3.463
     3.335
     3.115
     3.228
     2.248
     2.286
     3.087
     2.532
     3.627
     3.071
     2.796
     3.112
     2.088
     2.223
     2.342
     2.592
     3.046
     2.725
     2.494
     2.535
     3.335
     2.784
     2.574
     2.624
     2.796
     2.746
     2.670
     3.045
     2.572
     2.603
     2.425
     2.942
     2.552
     2.672
     2.425
     2.956
     3.124
     2.501
     3.262
     1.543
     2.938
     3.178
     2.515
     2.995
     2.660
     2.626
     2.596
     2.376
     2.841
     3.165
     2.992
     2.879
     1.796
     2.972
     1.826
     2.791
     2.606
     2.829
     2.525
     2.541
     3.357
     3.174
     2.637
     2.111
     2.967
     2.544
     3.614
     2.362
     3.051
     2.929
     2.704
     3.374
     2.553
     3.047
     3.376
     2.538
     2.899
     3.159
     2.478
     3.450
     2.792
     2.986
     2.617
     3.271
     2.628
     2.872
     3.135
     2.736
     2.428
     2.598
     2.585
     2.427
     2.466
     3.359
     2.681
     2.497
     1.136
     3.354
     2.881
     2.491
     1.542
     2.738
     2.952
     2.450
     1.692
     3.475
     2.778
     3.609
     2.546
     3.643
     1.850
     2.186
     3.125
     2.330
     3.367
     3.138
     3.119
     3.413
     2.608
     3.250
     2.458
     2.523
     2.772
     2.588
     2.105
     2.596
     2.491
     3.063
     2.391
     3.652
     2.782
     2.583
     2.476
     2.499
     1.567
     3.659
     2.367
     2.985
     3.000
     2.401
     2.909
     3.517
     2.877
     3.017
     2.787
     2.099
     3.374
     2.167
     3.140
     2.470
     2.470
     2.170
     2.644
     2.586
     2.302
     2.521
     2.872
     3.123
     1.492
     2.688
     2.446
     2.942
     2.392
     2.673
     2.573
     3.146
     2.471
     3.509
     2.797
     3.354
     2.614
     2.921
     2.067
     2.463
     2.391
     2.803
     2.412
     2.868
     3.400
     3.106
     2.508
     3.097
     2.942
     2.464
     2.432
     3.183
     2.450
     2.598
     2.419
     3.079
     3.090
     2.419
     3.048
     2.652
     0.802
     2.728
     2.375
     3.200
     2.840
     3.183
     2.934
     2.963
     2.960
     3.238
     2.895
     2.110
     1.983
     2.434
     2.573
     3.088
     2.834
     2.501
     2.571
     2.719
     2.779
     3.249
     2.668
     2.799
     3.006
     2.413
     3.280
     2.620
     2.636
     2.861
     2.573
     2.621
     2.558
     2.825
     2.776
     2.869
     2.396
     2.350
     2.269
     2.549
     2.584
     2.630
     2.500
     3.392
     2.715
     2.770
     2.165
     2.766
     3.448
     2.531
     3.036
     3.050
     3.612
     2.539
     1.756
     2.603
     2.550
     2.748
     3.062
     2.548
     3.061
     2.359
     2.954
     1.369
     2.605
     3.066
     2.753
     2.833
     2.501
     2.947
     2.591
     2.732
     3.418
     3.357
     2.408
     2.743
     3.417
     3.634
     1.729
     2.906
     2.894
     2.712
     2.766
     2.872
     2.519
     2.698
     2.587
     2.535
     1.520
     2.942
     2.574
     3.398
     2.592
     3.295
     3.543
     3.006
     2.623
     2.933
     2.813
     1.387
     2.536
     3.399
     3.372
     2.607
     2.726
     2.804
     3.359
     3.200
     2.604
     2.355
     2.723
     2.537
     3.132
     2.703
     3.117
     2.352
     1.119
     2.664
     2.800
     2.154
     3.080
     2.460
     2.675
     2.493
     3.105
     3.118
     2.990
     2.858
     2.617
     3.092
     2.315
     2.050
     2.847
     2.867
     3.501
     1.936
     2.104
     2.921
     3.018
     2.546
     2.716
     3.009
     1.667
     2.805
     2.613
     2.506
     2.472
     3.232
     3.406
     3.011
     2.905
     2.708
     3.080
     2.985
     2.467
     2.576
     2.539
     2.579
     2.652
     2.939
     0.719
     2.757
     3.207
     2.794
     3.091
     2.880
     2.635
     3.190
     3.146
     2.556
     2.578
     2.357
     1.692
     3.138
     2.311
     2.502
     2.426
     3.053
     3.503
     2.956
     2.547
     2.421
     1.915
     3.054
     2.584
     3.192
     2.389
     2.430
     2.459
     1.069
     2.463
     2.827
     2.588
     2.768
     3.159
     3.175
     3.043
     2.649
     2.415
     2.415
     2.500
     3.586
     2.671
     2.474
     2.514
     2.516
     2.655
     3.238
     3.137
     2.631
     2.702
     2.526
     2.288
     1.818
     2.549
     2.409
     2.982
     3.099
     2.381
     2.953
     3.095
     3.125
     1.720
     3.161
     1.246
     1.050
     2.560
     1.398
     2.370
     2.769
     3.029
     2.826
     1.730
     2.489
     2.663
     2.363
     2.665
     2.646
     2.581
     1.996
     2.929
     2.853
     2.900
     3.187
     2.817
     3.064
     2.792
     2.391
     3.195
     2.428
     3.053
     2.695
     2.440
     3.028
     2.589
     3.060
     2.959
     2.714
     2.558
     2.527
     2.585
     2.739
     2.544
     3.328
     3.550
     2.272
     2.509
     3.721
     2.538
     2.469
     1.860
     1.318
     2.515
     2.757
     2.513
     2.434
     2.296
     3.093
     2.129
     2.391
     3.067
     2.927
     2.494
     2.526
     2.461
     2.593
     2.599
     2.425
     2.248
     3.031
     3.325
     2.953
     3.307
     3.558
     2.878
     2.503
     2.537
     2.294
     3.297
     3.063
     2.412
     3.260
     2.491
     2.444
     2.404
     3.127
     2.752
     3.496
     2.609
     3.212
     2.999
     2.464
     2.544
     2.900
     2.732
     3.074
     2.843
     3.728
     2.557
     2.438
     2.528
     2.898
     3.369
     1.816
     2.782
     2.854
     2.576
     2.623
     1.088
     2.929
     3.016
     3.648
     2.818
     2.580
     2.965
     2.448
     2.469
     2.616
     2.585
     2.417
     2.493
     2.543
     3.333
     2.708
     2.567
     3.304
     2.707
     2.945
     2.911
     3.217
     3.219
     3.286
     2.482
     2.964
     2.630
     2.463
     2.443
     2.625
     2.480
     3.362
     2.665
     2.587
     1.524
     3.308
     3.314
     1.654
     2.681
     2.447
     3.258
     3.044
     3.057
     3.160
     2.516
     3.253
     2.501
     2.450
     2.599
     2.585
     2.607
     2.521
     2.294
     2.426
     3.275
     2.565
     2.364
     2.905
     1.667
     2.912
     2.637
     2.531
     2.840
     1.335
     3.248
     2.989
     3.011
     2.548
     2.396
     1.887
     2.568
     3.137
     2.531
     3.001
     3.010
     2.751
     2.820
     2.481
     2.629
     3.075
     2.793
     3.207
     2.090
     2.053
     2.549
     3.002
     2.837
     2.854
     2.716
     2.619
     2.672
     2.772
     2.634
     3.066
     2.796
     2.803
     1.417
     2.172
     2.718
     2.852
     2.958
     2.376
     2.777
     2.437
     1.770
     1.889
     3.095
     2.773
     3.002
     2.906
     1.352
     2.532
     3.053
     3.023
     1.765
     2.770
     2.626
     2.909
     2.918
     2.603
     3.589
     2.889
     2.706
     3.316
     2.444
     2.559
     2.394
     2.412
     1.345
     2.440
     3.451
     2.522
     3.208
     2.438
     2.269
     2.827
     2.509
     2.688
     2.911
     3.610
     3.212
     3.145
     2.544
     2.576
     2.750
     2.534
     2.285
     1.236
     3.390
     2.580
     2.133
     2.616
     2.835
     2.471
     2.610
     2.175
     2.587
     3.333
     2.882
     2.682
     2.629
     2.540
     3.383
     1.813
     2.392
     2.361
     3.198
     3.247
     3.080
     1.190
     2.801
     2.744
     2.238
     2.501
     2.571
     2.533
     2.564
     2.912
     2.594
     3.031
     2.956
     2.758
     3.078
     3.147
     2.823
     2.856
     3.485
     2.230
     2.909
     1.995
     3.234
     0.962
     2.623
     2.751
     2.530
     2.588
     2.562
     2.558
     3.028
     2.858
     2.585
     2.808
     2.826
     2.704
     2.755
     2.271
     3.159
     2.525
     2.902
     2.569
     2.563
     2.583
     2.567
     2.592
     3.129
     3.194
     3.384
     3.067
     2.839
     2.954
     2.715
     2.449
     2.390
     3.221
     2.729
     3.020
     3.103
     3.065
     2.008
     2.830
     3.484
     1.638
     3.294
     3.188
     3.290
     2.517
     3.740
     2.619
     2.613
     2.983
     2.554
     3.017
     3.010
     2.424
     3.100
     3.528
     2.741
     3.173
     2.734
     3.101
     2.676
     2.143
     2.594
     2.428
     2.464
     2.778
     2.505
     2.941
     3.107
     3.697
     2.709
     3.112
     2.489
     2.175
     1.703
     3.134
     2.466
     2.743
     1.711
     3.179
     3.076
     2.551
     2.327
     2.682
     2.501
     3.124
     2.403
     2.609
     2.637
     2.552
     2.838
     2.515
     3.300
     2.336
     3.194
     3.271
     2.936
     3.063
     3.043
     3.202
     2.374
     2.677
     2.406
     2.288
     1.862
     2.841
     3.133
     2.454
     2.814
     3.092
     2.247
     3.110
     2.311
     3.238
     2.405
     2.515
     2.603
     3.560
     2.383
     2.927
     3.153
     3.025
     2.648
     2.676
     2.850
     2.260
     2.554
     2.233
     2.910
     3.408
     3.161
     2.531
     2.639
     3.033
     2.740
     2.399
     2.789
     3.144
     3.176
     2.206
     2.631
     2.896
     3.101
     2.976
     2.606
     2.720
     2.403
     1.785
     2.413
     2.980
     1.359
     3.148
     2.364
     3.173
     2.728
     2.498
     2.858
     2.936
     2.741
     2.729
     2.472
     2.469
     2.637
     1.989
     1.610
     2.721
     2.170
     2.996
     2.663
     2.779
     1.712
     2.725
     2.583
     2.545
     3.227
     2.432
     2.700
     3.418
     3.095
     2.559
     2.598
     2.538
     1.143
     3.471
     2.892
     3.285
     3.288
     2.777
     2.644
     2.585
     2.972
     2.915
     2.838
     2.592
     2.460
     2.356
     2.860
     1.124
     3.705
     2.910
     3.027
     2.791
     2.657
     3.235
     2.516
     2.466
     2.345
     2.602
     2.407
     2.484
     3.173
     3.662
     2.680
     2.662
     2.697
     2.744
     2.545
     2.493
     3.119
     1.852
     2.551
     3.279
     3.122
     1.781
     1.660
     2.915
     2.744
     1.763
     2.833
     3.397
     3.177
     2.480
     3.090
     2.555
     3.169
     3.385
     2.896
     2.385
     2.792
     2.922
     3.198
     1.529
     2.881
     2.630
     2.561
     2.477
     2.657
     1.708
     3.018
     2.402
     3.009
     2.659
     2.377
     2.601
     2.553
     2.607
     1.468
     3.597
     2.795
     2.907
     2.427
     2.607
     2.905
     2.831
     2.808
     2.003
     2.970
     2.402
     2.363
     3.058
     2.285
     2.007
     3.131
     2.584
     2.830
     2.760
     2.208
     2.928
     2.591
     2.343
     2.644
     2.634
     2.709
     2.695
     2.455
     2.626
     3.120
     2.358
     2.813
     2.545
     3.161
     2.946
     2.482
     3.227
     2.830
     3.001
     2.662
     2.158
     2.800
     2.518
     2.483
     2.509
     2.015
     3.613
     2.307
     2.616
     3.121
     2.558
     2.068
     2.451
     3.022
     3.003
     2.535
     2.177
     3.086
     3.528
     2.670
     2.620
     2.762
     2.967
     2.450
     1.343
     3.046
     2.430
     2.207
     3.467
     1.900
     3.052
     2.234
     3.103
     1.635
     3.030
     2.458
     2.705
     2.578
     3.757
     3.131
     2.819
     2.553
     2.717
     3.343
     2.718
     2.611
     2.825
     2.648
     1.255
     2.810
     2.548
     2.518
     3.329
     3.636
     2.596
     3.085
     2.759
     1.444
     2.648
     2.530
     3.019
     2.376
     2.626
     2.464
     2.842
     2.510
     3.426
     2.794
     2.604
     3.188
     2.770
     2.538
     2.935
     2.545
     3.332
     2.602
     3.446
     1.777
     2.109
     2.530
     2.568
     2.501
     2.858
     1.721
     3.356
     2.568
     2.571
     2.792
     2.643
     2.525
     2.620
     2.057
     3.087
     2.635
     3.171
     2.442
     2.641
     2.390
     2.908
     0.853
     2.983
     2.509
     3.008
     2.916
     2.662
     2.285
     3.009
     3.661
     3.108
     2.398
     1.577
     3.052
     2.526
     2.626
     2.924
     3.536
     2.680
     2.892
     2.284
     2.400
     3.584
     2.845
     2.924
     2.886
     2.552
     2.609
     3.660
     2.970
     2.975
     3.034
     3.184
     3.061
     2.705
     2.366
     3.269
     2.609
     3.053
     1.094
     2.383
     3.001
     2.634
     2.510
     2.841
     2.227
     2.807
     3.061
     2.836
     2.763
     2.502
     3.130
     2.713
     3.042
     2.575
     2.843
     3.382
     2.521
     3.062
     3.046
     2.538
     2.258
     3.464
     2.843
     2.442
     2.859
     2.419
     2.624
     1.303
     2.613
     3.414
     2.464
     2.945
     2.846
     2.555
     3.195
     2.438
     2.671
     3.274
     2.823
     2.023
     3.390
     2.654
     1.992
     2.481
     2.421
     3.592
     2.960
     2.807
     2.966
     2.542
     2.482
     2.552
     3.209
     2.833
     2.621
     2.644
     2.812
     2.622
     2.461
     2.438
     3.244
     2.586
     2.566
     3.106
     2.629
     2.622
     3.670
     3.075
     2.355
     2.820
     2.618
     2.876
     2.508
     2.417
     2.604
     3.285
     2.906
     2.831
     2.719
     2.562
     2.527
     3.243
     2.898
     3.088
     2.539
     1.356
     3.728
     1.989
     1.311
     2.728
     2.383
     3.482
     2.218
     3.201
     2.295
     3.072
     2.492
     2.020
     2.626
     2.490
     2.949
     2.870
     3.087
     3.012
     3.466
     2.485
     3.493
     2.975
     2.854
     3.352
     3.136
     2.730
     2.266
     2.330
     2.929
     2.632
     2.647
     2.586
     1.403
     2.772
     2.806
     3.101
     2.645
     2.720
     2.403
     1.525
     2.551
     2.623
     1.486
     1.859
     3.347
     2.955
     2.505
     2.594
     2.516
     2.896
     1.515
     1.975
     2.344
     3.179
     2.631
     1.236
     2.534
     3.037
     3.195
     2.653
     2.549
     2.403
     3.137
     2.645
     3.365
     2.887
     3.187
     3.096
     2.687
     2.588
     2.239
     2.635
     3.227
     2.626
     2.627
     2.907
     3.416
     2.650
     3.101
     3.140
     2.823
     2.474
     2.407
     2.726
     3.081
     2.631
     2.549
     1.871
     3.050
     2.866
     2.849
     2.645
     2.546
     3.075
     3.355
     2.707
     3.035
     2.784
     2.501
     2.576
     2.818
     2.643
     3.167
     2.764
     3.285
     3.088
     2.373
     1.946
     2.539
     2.626
     2.678
     2.636
     3.001
     2.465
     2.553
     2.333
     2.690
     2.776
     2.467
     2.806
     2.691
     2.121
     2.725
     2.513
     2.548
     3.063
     2.705
     2.553
     3.015
     2.507
     3.241
     2.538
     2.865
     3.430
     3.414
     2.552
     2.507
     3.165
     2.559
     2.709
     3.068
     2.442
     2.172
     2.165
     2.872
     3.228
     2.517
     3.077
     2.528
     2.456
     2.428
     2.502
     2.771
     2.532
     3.215
     1.637
     3.110
     2.894
     2.339
     2.425
     2.671
     2.572
     2.592
     2.992
     2.638
     3.011
     2.739
     2.828
     1.544
     2.618
     2.473
     2.472
     2.352
     2.785
     3.097
     2.533
     2.658
     3.134
     2.672
     2.433
     3.297
     3.235
     3.328
     2.466
     2.378
     3.090
     2.441
     2.807
     3.226
     2.762
     3.124
     2.966
     2.987
     3.360
     1.585
     3.084
     2.557
     2.518
     3.180
     2.552
     2.785
     0.933
     1.827
     3.011
     2.804
     2.161
     2.868
     2.498
     2.726
     2.803
     2.830
     2.596
     2.613
     2.887
     3.121
     2.754
     1.124
     2.767
     2.155
     3.685
     2.608
     2.544
     2.643
     2.813
     1.537
     2.757
     2.612
     1.727
     2.863
     2.544
     2.631
     2.819
     2.341
     2.867
     2.532
     2.537
     2.676
     2.859
     2.486
     2.682
     3.112
     1.792
     3.134
     3.154
     2.715
     2.669
     2.566
     2.551
     2.160
     2.761
     3.344
     3.052
     3.553
     3.463
     2.590
     2.498
     3.113
     0.937
     2.398
     2.246
     2.623
     2.881
     2.896
     2.486
     2.559
     3.180
     2.798
     2.438
     3.144
     2.379
     1.782
     2.465
     3.120
     2.511
     2.593
     2.782
     2.573
     2.544
     3.037
     2.323
     3.163
     1.651
     2.951
     3.032
     2.841
     2.397
     2.974
     2.825
     2.541
     2.393
     2.908
     3.080
     3.412
     2.492
     0.974
     2.765
     3.132
     3.566
     2.494
     3.033
     2.552
     3.038
     2.623
     2.082
     3.161
     2.587
     3.033
     2.835
     3.203
     2.298
     2.904
     2.759
     2.864
     2.513
     2.854
     3.441
     2.901
     3.037
     2.737
     1.598
     2.818
     3.019
     2.876
     2.829
     2.962
     3.081
     2.416
     2.413
     2.581
     2.395
     1.212
     2.559
     2.578
     2.072
     2.778
     2.859
     2.883
     2.867
     2.708
     2.843
     1.768
     3.087
     3.001
     2.562
     2.766
     2.881
     2.674
     3.455
     3.075
     2.574
     2.130
     2.080
     2.801
     3.239
     2.724
     2.399
     2.438
     2.499
     2.867
     2.986
     3.259
     1.579
     2.929
     2.782
     2.648
     2.486
     1.735
     0.982
     2.601
     3.015
     3.033
     2.661
     3.436
     2.557
     2.986
     1.858
     2.595
     2.937
     2.450
     2.340
     2.607
     2.516
     2.983
     1.594
     3.283
     3.004
     2.749
     2.258
     2.293
     3.055
     2.622
     2.274
     2.480
     2.980
     3.144
     2.787
     2.472
     3.607
     3.058
     2.647
     2.925
     1.756
     3.061
     2.997
     2.589
     2.420
     3.396
     2.461
     2.290
     1.756
     2.568
     2.639
     3.072
     2.991
     2.905
     2.607
     2.621
     2.833
     1.383
     2.474
     1.993
     3.057
     2.602
     3.146
     2.692
     0.951
     1.898
     1.179
     2.623
     2.697
     2.725
     2.602
     2.305
     2.299
     2.022
     3.114
     2.755
     3.336
     2.729
     1.046
     2.933
     2.883
     2.686
     2.685
     2.661
     3.019
     2.726
     2.856
     2.540
     3.051
     1.546
     2.400
     3.178
     3.412
     2.547
     2.500
     3.310
     3.075
     2.973
     3.017
     3.147
     2.176
     2.488
     2.592
     2.571
     2.576
     2.342
     3.264
     3.490
     3.126
     2.453
     2.610
     2.456
     2.516
     2.503
     2.966
     2.713
     3.155
     2.265
     1.232
     2.973
     2.826
     2.434
     2.277
     3.095
     2.424
     2.782
     2.310
     2.621
     2.455
     2.376
     2.399
     2.597
     3.150
     2.457
     2.859
     3.537
     3.302
     3.590
     3.310
     2.544
     2.964
     2.781
     2.449
     2.702
     2.535
     2.401
     2.975
     2.465
     2.642
     3.231
     2.742
     2.513
     2.777
     1.871
     2.606
     2.623
     2.668
     2.542
     2.530
     2.627
     3.398
     3.307
     2.807
     2.616
     2.189
     2.738
     1.928
     2.757
     2.818
     3.050
     3.383
     2.837
     2.413
     2.318
     3.242
     2.853
     3.385
     3.440
     2.670
     2.832
     3.074
     2.655
     2.318
     2.950
     2.083
     2.289
     3.123
     2.629
     2.652
     3.253
     2.527
     3.026
     2.721
     2.590
     3.046
     3.046
     2.960
     2.640
     2.662
     2.621
     2.527
     2.342
     3.161
     2.397
     3.064
     2.830
     3.054
     3.157
     3.153
     3.084
     2.571
     2.955
     2.049
     3.443
     1.918
     2.733
     2.909
     2.588
     3.422
     2.079
     2.700
     3.060
     3.133
     2.959
     2.380
     3.088
     2.436
     2.539
     1.532
     3.129
     3.007
     3.005
     2.422
     2.532
     3.209
     3.397
     2.985
     1.921
     2.887
     2.857
     2.847
     3.578
     2.726
     2.101
     2.898
     2.523
     2.434
     2.841
     1.112
     3.300
     2.483
     1.454
     3.435
     2.807
     2.835
     2.792
     2.950
     2.938
     2.506
     2.303
     3.141
     1.607
     2.944
     3.296
     2.471
     3.094
     2.486
     1.263
     2.756
     2.859
     2.717
     2.698
     2.572
     3.303
     3.134
     3.011
     2.501
     3.552
     2.790
     2.846
     1.383
     2.362
     3.546
     1.227
     2.790
     2.720
     2.944
     2.875
     3.282
     1.504
     3.421
     3.325
     2.676
     3.205
     2.529
     2.959
     3.008
     2.877
     3.734
     2.502
     2.920
     2.703
     2.499
     2.839
     2.595
     2.978
     2.745
     2.288
     2.984
     2.726
     2.249
     2.623
     2.715
     2.566
     2.446
     2.900
     2.338
     2.996
     3.120
     2.615
     1.459
     1.614
     3.115
     2.407
     3.637
     2.949
     2.312
     2.503
     3.056
     3.172
     2.579
     2.959
     3.385
     2.482
     3.185
     2.511
     2.497
     3.280
     2.432
     2.333
     2.644
     3.336
     1.195
     2.482
     1.945
     3.091
     2.361
     2.567
     2.533
     2.830
     3.768
     2.423
     2.276
     3.173
     1.672
     3.637
     2.523
     2.869
     2.822
     3.017
     3.026
     2.649
     2.882
     3.264
     3.435
     2.777
     2.940
     2.368
     3.058
     2.617
     2.687
     2.649
     3.056
     1.441
     3.314
     2.610
     2.681
     2.881
     2.853
     2.884
     3.155
     2.677
     1.601
     2.541
     2.653
     3.007
     2.673
     2.534
     2.421
     2.756
     3.253
     3.049
     2.182
     2.452
     2.516
     1.899
     2.701
     2.734
     2.968
     2.582
     2.053
     2.618
     2.345
     2.640
     2.539
     2.667
     2.566
     2.697
     2.704
     3.135
     2.569
     2.578
     2.535
     2.557
     2.634
     2.524
     2.845
     1.682
     3.128
     2.637
     3.222
     3.352
     1.834
     2.069
     3.164
     2.478
     2.458
     2.788
     2.482
     2.814
     2.502
     1.523
     3.136
     2.546
     2.837
     2.884
     2.553
     3.065
     2.868
     3.069
     1.160
     2.402
     3.051
     2.710
     1.368
     0.942
     1.758
     3.023
     2.534
     3.034
     2.536
     3.168
     2.700
     2.809
     3.336
     2.905
     2.987
     2.645
     3.297
     2.700
     2.800
     2.958
     3.383
     3.508
     2.781
     2.747
     2.761
     2.567
     2.374
     3.081
     2.507
     2.930
     2.773
     2.627
     2.759
     2.543
     3.183
     3.056
     2.588
     2.456
     3.201
     2.066
     3.029
     2.691
     2.433
     2.767
     2.468
     2.230
     3.112
     2.662
     2.980
     3.040
     3.524
     2.554
     2.972
     2.809
     3.054
     3.012
     2.835
     2.702
     2.804
     3.015
     2.325
     2.883
     2.982
     3.134
     2.774
     3.248
     2.965
     3.157
     2.505
     2.400
     3.060
     2.604
     2.582
     2.910
     2.951
     3.046
     3.090
     3.082
     2.508
     3.355
     2.982
     2.405
     3.237
     2.872
     3.010
     3.297
     2.854
     2.685
     1.893
     3.155
     1.451
     3.143
     3.143
     2.716
     2.246
     2.072
     2.726
     3.095
     2.855
     3.019
     3.033
     3.220
     2.618
     3.010
     1.688
     3.225
     2.507
     2.651
     2.615
     2.822
     2.202
     2.880
     2.825
     2.618
     2.616
     2.548
     3.156
     2.549
     3.333
     2.329
     3.054
     3.273
     2.544
     2.876
     3.495
     2.533
     2.338
     3.098
     2.464
     3.259
     2.825
     3.156
     2.527
     2.530
     2.874
     2.733
     2.675
     2.768
     2.765
     3.600
     3.034
     1.435
     2.980
     3.442
     2.906
     2.610
     3.048
     3.219
     2.513
     2.492
     3.034
     2.883
     2.454
     2.357
     2.744
     3.046
     2.961
     2.942
     1.987
     2.525
     3.039
     2.564
     1.650
     2.468
     3.038
     2.451
     2.869
     2.564
     2.825
     2.020
     2.290
     3.404
     2.889
     2.342
     2.534
     1.589
     2.272
     2.538
     2.655
     2.553
     2.857
     3.080
     2.995
     2.455
     2.642
     1.874
     2.531
     2.398
     3.654
     3.627
     2.508
     2.604
     2.857
     2.437
     1.391
     2.894
     2.821
     3.073
     1.067
     1.660
     2.735
     2.523
     3.213
     2.923
     1.680
     2.537
     2.496
     2.789
     2.984
     2.492
     1.208
     3.013
     2.429
     2.816
     2.828
     2.378
     2.909
     2.618
     2.514
     3.058
     1.704
     2.802
     2.271
     3.091
     1.654
     3.163
     1.371
     2.411
     1.434
     2.536
     3.046
     3.051
     2.202
     2.549
     3.023
     2.550
     2.521
     2.988
     2.428
     1.745
     1.825
     2.549
     3.016
     1.854
     2.388
     2.567
     3.047
     3.418
     2.596
     2.607
     2.247
     2.348
     3.057
     2.776
     2.991
     2.503
     3.068
     3.034
     3.112
     1.703
     2.486
     3.425
     2.350
     2.783
     2.294
     2.484
     2.920
     2.512
     2.648
     2.526
     2.996
     2.500
     1.164
     3.101
     2.276
     1.777
     2.706
     3.443
     2.671
     2.442
     2.505
     2.823
     2.085
     2.901
     3.193
     2.997
     2.424
     2.574
     2.471
     1.052
     2.391
     3.284
     2.429
     2.546
     1.841
     2.436
     2.524
     2.596
     2.729
     2.829
     2.555
     3.304
     2.742
     2.838
     2.544
     3.102
     3.265
     3.213
     3.315
     2.519
     2.461
     2.655
     2.190
     3.408
     3.131
     2.639
     3.125
     2.801
     2.894
     2.496
     3.757
     3.296
     2.817
     2.857
     2.748
     2.843
     3.071
     2.850
     2.499
     3.142
     3.416
     2.930
     2.324
     3.089
     2.216
     1.606
     2.616
     3.009
     2.643
     3.265
     2.580
     2.954
     2.911
     3.107
     2.563
     2.430
     2.472
     3.297
     3.136
     2.839
     2.923
     2.688
     2.637
     1.855
     2.472
     2.618
     2.745
     3.418
     3.190
     2.892
     3.003
     2.446
     2.535
     2.177
     2.938
     3.231
     1.398
     2.915
     2.941
     2.957
     3.141
     2.465
     2.961
     3.112
     3.272
     2.916
     2.709
     2.708
     2.521
     2.805
     2.532
     2.916
     2.543
     2.760
     2.794
     1.916
     2.387
     2.605
     2.278
     3.531
     1.882
     2.584
     2.331
     2.830
     2.812
     2.642
     2.578
     3.056
     2.236
     3.031
     2.959
     2.483
     3.355
     3.278
     1.959
     2.288
     2.964
     2.855
     3.107
     2.564
     2.593
     3.210
     3.085
     2.941
     2.717
     3.013
     2.537
     2.598
     3.247
     3.074
     2.839
     3.075
     2.624
     0.891
     3.270
     2.913
     2.438
     2.468
     3.019
     1.072
     3.211
     2.597
     1.222
     2.397
     2.633
     2.372
     3.124
     2.444
     3.536
     2.489
     2.683
     2.519
     2.517
     3.368
     0.997
     2.338
     2.839
     2.822
     3.048
     3.093
     2.557
     2.859
     2.507
     2.357
     3.397
     2.731
     2.469
     2.451
     2.501
     2.880
     2.633
     2.384
     3.153
     2.693
     2.612
     3.193
     2.361
     2.336
     3.450
     3.143
     2.839
     2.600
     2.878
     3.040
     2.435
     2.958
     2.880
     2.483
     3.136
     2.634
     2.656
     3.221
     3.023
     2.874
     2.829
     2.561
     2.401
     2.588
     2.760
     2.480
     2.480
     3.507
     3.321
     2.896
     2.804
     3.044
     2.613
     2.431
     2.492
     1.914
     2.330
     3.172
     3.208
     3.243
     3.407
     1.838
     1.137
     3.319
     2.806
     2.488
     2.588
     2.681
     2.934
     3.192
     2.671
     1.928
     2.429
     3.158
     2.009
     2.428
     2.647
     2.516
     2.510
     3.144
     2.651
     3.327
     3.285
     2.056
     2.924
     2.811
     2.875
     1.892
     3.062
     2.552
     3.027
     2.388
     2.145
     2.508
     2.700
     2.484
     2.995
     3.105
     3.007
     1.751
     2.632
     2.605
     2.527
     2.472
     1.149
     3.073
     2.372
     2.573
     3.074
     3.630
     2.592
     3.251
     2.726
     1.973
     2.704
     2.723
     2.866
     2.796
     2.514
     2.510
     2.635
     2.615
     2.347
     2.307
     3.141
     2.546
     2.616
     3.091
     1.669
     2.520
     2.759
     2.897
     3.231
     3.017
     3.066
     2.893
     3.199
     2.266
     2.688
     2.415
     3.177
     2.716
     2.300
     2.514
     3.022
     2.795
     2.786
     1.989
     2.574
     3.683
     3.199
     2.412
     3.085
     2.902
     3.251
     2.404
     3.493
     2.529
     2.084
     2.538
     2.988
     2.493
     1.339
     3.283
     1.593
     2.631
     2.499
     2.757
     1.002
     3.190
     2.605
     2.487
     2.780
     2.911
     2.350
     2.516
     2.797
     3.207
     2.576
     2.734
     2.599
     1.646
     2.815
     2.445
     2.952
     2.575
     2.550
     2.522
     2.860
     3.103
     1.973
     3.092
     3.026
     2.621
     3.007
     2.809
     3.267
     3.022
     2.457
     2.466
     2.873
     2.580
     2.538
     2.348
     2.524
     2.516
     2.147
     2.463
     3.093
     2.919
     2.413
     2.583
     3.146
     2.693
     2.641
     2.019
     3.200
     2.600
     2.221
     2.559
     3.092
     2.508
     2.849
     2.908
     3.080
     2.792
     2.753
     2.652
     3.441
     2.512
     2.566
     3.254
     2.980
     3.118
     3.092
     3.266
     2.671
     2.615
     2.923
     1.288
     2.979
     2.971
     3.016
     3.493
     2.328
     3.254
     2.632
     2.587
     3.166
     1.696
     2.404
     3.350
     2.522
     3.155
     2.646
     2.921
     3.057
     3.081
     2.668
     2.394
     2.963
     2.645
     2.419
     2.852
     1.048
     2.443
     3.045
     2.741
     3.240
     2.600
     2.487
     2.639
     2.704
     2.757
     2.508
     2.391
     3.276
     2.585
     2.544
     2.562
     2.721
     2.980
     2.577
     2.601
     2.584
     2.424
     2.488
     3.563
     3.085
     2.450
     2.215
     2.792
     3.241
     3.289
     3.225
     1.139
     1.832
     2.602
     2.973
     2.551
     1.193
     2.467
     3.152
     3.094
     2.523
     3.084
     1.943
     2.919
     2.410
     3.128
     2.964
     2.563
     2.575
     2.740
     2.714
     2.826
     2.962
     3.214
     2.649
     2.549
     3.140
     1.806
     3.438
     2.886
     2.440
     2.519
     2.422
     3.063
     2.709
     2.685
     2.552
     2.586
     2.500
     2.825
     3.464
     3.232
     2.424
     1.755
     2.594
     2.993
     2.839
     2.850
     2.636
     2.942
     2.847
     2.660
     2.530
     3.132
     2.873
     3.030
     3.137
     2.723
     2.629
     2.876
     3.137
     3.275
     3.191
     2.559
     2.992
     2.407
     2.604
     1.221
     2.804
     2.875
     2.640
     2.532
     2.542
     2.576
     3.559
     2.601
     3.087
     2.746
     2.716
     1.392
     2.559
     3.558
     2.519
     3.056
     3.011
     3.475
     2.986
     3.460
     2.997
     1.671
     1.376
     2.583
     2.675
     3.087
     3.183
     2.416
     2.645
     2.787
     2.732
     3.112
     2.979
     2.482
     3.034
     2.743
     2.866
     3.144
     2.305
     2.438
     3.155
     3.192
     1.706
     2.509
     2.543
     2.933
     2.916
     0.610
     1.678
     3.087
     2.411
     2.592
     2.552
     3.032
     3.039
     2.736
     2.533
     3.107
     3.098
     2.433
     2.415
     2.511
     2.547
     2.678
     3.155
     3.402
     2.796
     3.195
     3.592
     2.703
     2.668
     2.219
     3.112
     2.926
     2.480
     3.341
     2.613
     2.888
     2.009
     2.231
     2.570
     2.503
     2.408
     2.786
     3.127
     2.510
     1.180
     2.527
     2.765
     2.466
     2.617
     2.564
     2.572
     2.860
     2.741
     3.461
     2.993
     2.927
     1.592
     3.073
     2.974
     2.673
     2.742
     2.746
     3.118
     2.503
     3.110
     2.324
     2.802
     3.187
     2.444
     3.122
     2.735
     2.539
     2.611
     3.362
     3.158
     3.274
     2.804
     2.364
     2.623
     2.999
     3.119
     2.451
     2.534
     2.717
     3.004
     2.637
     2.628
     3.091
     3.199
     2.966
     3.213
     2.904
     2.900
     2.716
     2.523
     2.657
     2.684
     2.710
     2.690
     2.817
     2.419
     3.535
     1.308
     3.272
     2.888
     1.204
     2.616
     2.906
     3.080
     3.057
     3.113
     2.756
     2.756
     2.813
     3.233
     3.107
     2.952
     2.859
     2.958
     2.355
     2.841
     2.936
     3.002
     2.650
     3.034
     2.501
     3.027
     2.595
     1.560
     2.954
     2.967
     2.598
     1.461
     2.643
     2.699
     2.478
     2.659
     2.576
     2.497
     2.602
     2.606
     3.229
     2.948
     2.491
     2.114
     1.714
     2.613
     2.621
     3.190
     2.724
     2.360
     3.147
     2.567
     2.576
     2.522
     3.248
     2.673
     2.641
     2.620
     2.595
     2.795
     3.130
     3.133
     3.226
     2.027
     3.340
     3.162
     2.572
     2.848
     2.818
     2.616
     2.611
     2.541
     2.942
     3.158
     2.478
     3.084
     1.529
     1.130
     2.820
     2.579
     2.573
     2.618
     2.616
     2.752
     3.178
     2.484
     1.574
     3.731
     2.853
     2.799
     2.989
     2.168
     3.459
     2.413
     2.836
     2.986
     2.670
     2.744
     2.849
     3.137
     3.319
     2.614
     2.628
     2.790
     2.483
     2.055
     2.481
     3.033
     2.666
     2.679
     2.589
     2.557
     2.581
     2.327
     2.709
     2.689
     2.827
     3.093
     2.583
     2.979
     2.659
     3.229
     3.350
     2.569
     3.120
     3.195
     2.700
     2.551
     2.734
     2.344
     2.454
     2.971
     3.027
     2.816
     2.592
     2.488
     3.163
     2.955
     2.407
     2.623
     2.242
     2.495
     2.445
     1.572
     2.753
     2.202
     2.878
     3.212
     2.479
     2.202
     2.708
     3.196
     3.573
     3.208
     2.823
     2.402
     2.195
     3.130
     3.085
     2.991
     2.647
     2.991
     2.527
     2.304
     2.875
     2.622
     2.725
     3.132
     2.416
     2.673
     2.712
     2.958
     3.013
     2.254
     1.437
     3.110
     2.583
     2.497
     2.740
     2.797
     2.621
     2.811
     3.140
     3.051
     3.144
     3.062
     3.023
     2.605
     2.430
     0.748
     2.479
     1.394
     2.566
     2.422
     2.371
     2.889
     2.518
     3.135
     3.161
     3.573
     2.518
     3.270
     2.445
     2.873
     2.600
     0.834
     2.416
     2.960
     2.860
     1.867
     2.522
     3.379
     2.491
     2.405
     2.545
     2.969
     2.839
     2.595
     3.352
     3.437
     2.432
     2.679
     3.104
     3.594
     2.512
     2.819
     2.479
     2.723
     2.450
     2.580
     2.888
     2.754
     2.043
     2.767
     3.027
     2.559
     1.491
     2.574
     3.135
     2.472
     2.615
     3.061
     2.546
     2.713
     3.289
     3.314
     2.748
     2.970
     2.857
     2.944
     2.403
     3.212
     2.626
     2.510
     2.372
     2.771
     2.707
     3.180
     2.596
     3.017
     2.835
     2.718
     2.798
     2.881
     2.928
     2.567
     2.711
     2.089
     3.409
     2.780
     2.386
     3.053
     3.039
     3.034
     2.658
     3.101
     2.426
     1.496
     2.618
     2.573
     2.610
     2.701
     2.759
     2.713
     3.067
     1.840
     1.059
     3.300
     2.434
     2.977
     2.989
     2.571
     2.797
     2.484
     2.458
     2.680
     2.886
     3.460
     2.194
     2.720
     2.688
     1.623
     3.176
     2.534
     2.851
     3.469
     3.122
     2.642
     2.526
     2.935
     2.357
     2.638
     3.242
     3.476
     3.124
     2.624
     2.455
     3.099
     2.550
     2.434
     2.931
     3.227
     2.491
     2.602
     3.132
     1.970
     2.676
     2.631
     2.498
     3.670
     1.355
     2.569
     2.842
     3.119
     2.831
     2.960
     1.969
     2.805
     2.337
     1.859
     2.747
     2.617
     3.029
     3.277
     3.482
     3.188
     1.282
     2.308
     2.393
     2.658
     3.257
     3.154
     3.347
     2.069
     3.410
     2.409
     3.109
     2.489
     3.111
     3.170
     1.884
     3.092
     2.439
     2.845
     2.748
     2.094
     3.358
     2.847
     2.381
     2.519
     2.766
     2.390
     3.488
     2.469
     3.106
     2.621
     2.489
     2.374
     3.138
     2.435
     2.490
     3.678
     2.354
     2.470
     2.959
     2.739
     2.592
     2.620
     1.784
     1.442
     2.358
     2.964
     2.934
     2.592
     2.483
     3.256
     2.598
     2.403
     2.714
     2.478
     1.451
     2.493
     1.046
     2.815
     3.142
     2.493
     3.092
     2.407
     2.464
     1.222
     2.451
     3.195
     2.433
     2.374
     3.195
     2.778
     2.844
     3.054
     3.288
     2.332
     3.008
     2.661
     2.558
     3.124
     2.581
     2.142
     2.410
     2.628
     2.688
     3.197
     2.646
     1.622
     2.317
     3.250
     2.360
     3.433
     2.314
     2.685
     2.823
     2.798
     2.870
     2.689
     3.323
     2.818
     3.118
     2.697
     2.609
     2.992
     3.055
     2.370
     3.080
     3.130
     1.660
     3.498
     3.572
     2.546
     2.122
     3.101
     2.981
     2.061
     2.513
     3.033
     2.870
     2.425
     2.806
     2.739
     2.628
     3.088
     3.018
     2.415
     2.634
     2.599
     2.990
     2.518
     2.921
     2.247
     2.466
     2.986
     2.284
     2.390
     2.495
     2.611
     3.249
     2.674
     2.968
     2.485
     2.435
     2.775
     3.052
     2.887
     2.699
     1.972
     2.822
     2.509
     3.148
     2.466
     1.948
     2.754
     2.637
     3.143
     2.514
     3.050
     3.051
     3.157
     1.719
     2.570
     2.830
     2.818
     2.913
     1.011
     3.011
     1.113
     2.547
     2.583
     2.272
     2.822
     2.916
     2.827
     2.459
     2.407
     2.907
     2.850
     1.702
     2.548
     0.865
     3.183
     2.608
     3.084
     2.511
     2.265
     2.449
     3.172
     3.202
     3.229
     2.524
     3.494
     3.073
     2.608
     2.506
     3.347
     3.582
     2.688
     3.262
     1.995
     2.772
     2.534
     1.380
     2.451
     2.989
     2.854
     2.639
     3.034
     3.149
     3.151
     3.133
     3.230
     2.051
     2.583
     1.399
     2.975
     2.771
     2.622
     2.700
     2.432
     3.150
     2.782
     3.078
     2.777
     2.305
     2.559
     2.585
     3.157
     2.938
     2.347
     2.344
     3.158
     2.551
     2.870
     2.505
     2.495
     2.514
     3.138
     1.646
     2.708
     2.654
     2.483
     2.450
     3.044
     2.820
     2.620
     3.142
     2.559
     2.600
     2.469
     3.033
     2.538
     1.762
     2.530
     2.214
     2.997
     2.202
     2.583
     2.028
     2.294
     2.530
     2.326
     3.109
     2.610
     3.171
     3.135
     3.454
     2.416
     2.465
     2.730
     2.585
     2.695
     2.429
     2.624
     3.168
     1.798
     2.537
     2.429
     3.400
     3.272
     2.605
     2.537
     2.536
     2.684
     2.434
     2.710
     2.892
     2.985
     3.220
     2.719
     2.608
     3.366
     2.815
     2.723
     2.460
     2.784
     2.647
     2.661
     2.862
     3.078
     2.891
     2.517
     2.521
     2.490
     2.730
     2.727
     1.695
     2.806
     3.153
     2.980
     2.368
     2.609
     2.615
     3.450
     2.497
     2.556
     2.578
     3.129
     3.125
     2.595
     2.466
     2.528
     2.614
     3.620
     3.169
     2.518
     2.609
     2.396
     3.023
     2.825
     3.278
     2.466
     2.555
     2.651
     2.531
     3.112
     2.799
     2.911
     2.192
     2.503
     3.284
     3.484
     2.388
     2.268
     2.528
     2.196
     2.546
     3.170
     3.600
     3.534
     2.416
     2.710
     2.594
     2.667
     2.620
     1.791
     2.366
     3.384
     2.825
     3.221
     2.463
     2.522
     2.560
     2.656
     1.549
     2.498
     1.844
     3.178
     1.958
     2.899
     2.962
     2.485
     2.952
     2.621
     3.155
     2.925
     2.644
     2.592
     2.970
     2.844
     2.463
     2.518
     2.551
     2.394
     2.926
     2.451
     1.601
     3.044
     2.771
     2.906
     2.374
     3.295
     2.703
     2.904
     2.709
     2.677
     3.165
     2.973
     1.756
     2.502
     1.117
     2.128
     2.433
     3.085
     2.532
     2.727
     2.570
     3.090
     3.006
     2.489
     2.361
     3.217
     2.698
     2.756
     2.576
     2.744
     1.702
     2.528
     2.523
     2.960
     2.617
     1.972
     2.830
     3.366
     2.918
     2.393
     2.457
     3.312
     3.158
     2.537
     2.914
     2.826
     2.467
     3.423
     1.264
     2.655
     2.936
     2.514
     2.631
     3.011
     2.606
     3.076
     2.611
     2.486
     3.171
     2.450
     2.695
     2.552
     2.564
     2.799
     2.913
     2.640
     3.432
     2.606
     1.686
     2.471
     1.315
     2.954
     2.858
     2.861
     2.887
     2.577
     2.556
     2.272
     2.463
     2.527
     2.569
     2.474
     3.038
     3.106
     2.505
     3.022
     3.014
     2.511
     2.792
     2.463
     2.424
     2.673
     2.648
     3.335
     3.165
     3.099
     2.470
     2.612
     3.131
     2.537
     3.061
     2.409
     2.708
     2.583
     2.579
     2.016
     3.293
     2.546
     3.007
     2.689
     2.575
     2.200
     2.503
     3.017
     3.027
     2.635
     2.524
     2.374
     2.917
     2.497
     3.166
     2.516
     3.108
     3.234
     2.401
     2.421
     3.039
     1.116
     3.238
     2.625
     3.111
     2.974
     1.980
     2.465
     2.662
     2.432
     2.560
     3.241
     2.219
     2.983
     2.741
     2.467
     3.046
     2.378
     2.998
     2.638
     3.130
     3.141
     3.392
     3.241
     2.543
     3.455
     2.887
     2.521
     2.769
     3.009
     2.613
     2.581
     2.734
     2.519
     2.396
     2.757
     3.096
     2.702
     2.798
     2.681
     2.535
     2.171
     3.141
     3.224
     3.088
     2.907
     3.706
     3.450
     2.822
     2.628
     2.582
     3.611
     1.856
     3.103
     2.573
     2.557
     2.447
     2.863
     2.517
     3.303
     2.727
     2.854
     1.980
     2.569
     2.579
     2.468
     3.280
     3.141
     0.936
     2.684
     2.663
     3.469
     3.439
     2.498
     3.343
     2.970
     2.618
     2.494
     3.112
     3.282
     2.756
     3.563
     2.856
     2.990
     3.139
     3.070
     3.123
     1.719
     2.670
     2.689
     2.585
     1.690
     2.398
     2.530
     2.670
     2.902
     2.516
     2.400
     2.599
     3.060
     3.392
     2.531
     1.429
     2.894
     2.599
     3.241
     3.306
     2.521
     1.416
     2.605
     2.689
     3.074
     3.441
     3.129
     1.118
     3.376
     3.435
     3.121
     3.031
     2.489
     2.872
     3.180
     2.759
     2.589
     2.601
     2.913
     3.069
     3.592
     2.305
     2.436
     2.425
     2.414
