     2.763
     2.520
     2.780
     2.796
     2.811
     2.816
     2.778
     2.744
     2.755
     2.764
     2.758
     2.790
     2.845
     2.875
     2.889
     2.901
     2.902
     2.903
     2.904
     2.904
     2.906
     2.919
     2.930
     2.924
     2.900
     2.877
     2.866
     2.872
     2.888
     2.892
     2.897
     2.880
     2.857
     2.808
     2.792
     2.758
     2.735
     2.697
     2.705
     2.738
     2.881
     2.956
     3.015
     3.095
     3.157
     3.280
     3.373
     3.433
     3.464
     3.477
     3.483
     3.482
     3.502
     3.487
     3.478
     3.455
     3.444
     3.415
     3.380
     3.354
     3.325
     3.301
     3.302
     3.318
     3.313
     3.312
     3.313
     3.317
     3.320
     3.304
     3.286
     3.279
     3.272
     3.255
     3.238
     3.259
     3.295
     3.363
     3.453
     3.522
     3.539
     3.502
     3.403
     3.330
     3.291
     3.279
     3.392
     3.474
     3.598
     3.674
     3.702
     3.711
     3.716
     3.714
     3.708
     3.720
     3.728
     3.736
     3.731
     3.712
     3.626
     3.556
     3.488
     3.473
     3.492
     3.537
     3.573
     3.638
     3.677
     3.722
     3.762
     3.786
     3.794
     3.787
     3.780
     3.778
     3.750
     3.743
     3.702
     3.690
     3.664
     3.632
     3.609
     3.565
     3.505
     3.393
     3.242
     3.074
     2.832
     2.615
     2.558
     2.593
     2.481
     2.386
     2.350
     2.310
     2.331
     2.397
     2.670
     2.785
     2.846
     2.907
     3.036
     3.138
     3.189
     3.215
     3.210
     3.172
     3.116
     3.092
     3.075
     3.042
     2.992
     2.923
     2.891
     2.955
     3.031
     3.103
     3.186
     3.246
     3.237
     3.155
     3.038
     2.882
     2.510
     2.245
     2.070
     2.190
     2.286
     2.344
     2.383
     2.446
     2.509
     2.557
     2.620
     2.683
     2.795
     2.850
     2.901
     3.002
     3.093
     3.224
     3.360
     3.529
     3.655
     3.725
     3.748
     3.753
     3.748
     3.746
     3.724
     3.690
     3.646
     3.594
     3.552
     3.494
     3.452
     3.419
     3.386
     3.351
     3.301
     3.250
     3.190
     3.126
     3.064
     2.980
     2.876
     2.743
     2.637
     2.663
     2.666
     2.630
     2.595
     2.580
     2.623
     2.685
     2.716
     2.748
     2.751
     2.762
     2.754
     2.657
     2.575
     2.347
     2.269
     2.453
     2.562
     2.678
     2.775
     2.849
     2.898
     2.951
     2.953
     2.966
     2.974
     2.983
     2.956
     2.937
     2.918
     2.893
     2.844
     2.808
     2.850
     2.967
     2.988
     2.986
     2.976
     2.975
     2.967
     2.956
     2.961
     2.964
     2.966
     2.959
     2.932
     2.908
     2.878
     2.835
     2.800
     2.761
     2.721
     2.683
     2.656
     2.655
     2.674
     2.675
     2.676
     2.675
     2.666
     2.653
     2.703
     2.735
     2.751
     2.757
     3.356
     2.095
     2.845
     2.984
     3.084
     2.731
     3.133
     2.590
     2.263
     2.816
     3.149
     3.057
     3.242
     2.823
     3.115
     2.358
     2.824
     3.280
     2.818
     2.773
     1.143
     2.743
     3.198
     2.751
     3.401
     3.058
     3.492
     2.614
     3.694
     3.332
     3.455
     2.890
     2.762
     2.714
     2.649
     1.185
     2.757
     2.808
     2.488
     2.721
     2.760
     1.787
     2.362
     2.761
     3.111
     3.208
     2.913
     2.790
     2.826
     3.263
     3.420
     2.702
     3.423
     3.773
     2.557
     3.640
     3.028
     3.436
     2.300
     3.228
     3.103
     3.127
     3.066
     3.151
     3.251
     1.611
     2.766
     3.205
     3.167
     2.804
     3.354
     1.022
     3.119
     2.672
     2.667
     3.107
     2.627
     3.048
     3.688
     2.733
     2.777
     2.959
     1.034
     2.480
     2.921
     2.512
     2.718
     3.409
     3.069
     2.025
     2.286
     2.854
     2.311
     2.809
     2.205
     2.857
     2.775
     2.734
     3.568
     3.040
     2.695
     3.463
     1.856
     3.005
     2.852
     2.620
     2.936
     2.730
     2.720
     2.854
     2.767
     2.932
     2.271
     4.024
     3.401
     3.603
     2.650
     3.216
     2.724
     3.384
     3.089
     2.826
     2.433
     2.294
     3.544
     2.841
     2.777
     3.104
     3.031
     2.819
     3.629
     3.134
     2.851
     2.957
     3.655
     1.986
     3.560
     3.296
     2.866
     2.038
     2.480
     3.069
     2.904
     2.186
     2.850
     3.086
     2.973
     2.839
     2.881
     2.618
     2.981
     1.799
     2.187
     2.530
     3.115
     2.158
     2.374
     2.817
     2.910
     3.376
     2.929
     2.864
     2.918
     2.880
     1.574
     3.840
     2.885
     4.076
     2.161
     3.424
     3.580
     2.851
     2.896
     3.020
     2.545
     2.177
     2.659
     2.556
     2.846
     2.681
     3.424
     2.889
     2.944
     3.061
     3.331
     2.894
     2.733
     2.670
     2.349
     1.679
     3.336
     2.691
     2.702
     3.475
     3.023
     3.252
     2.710
     3.110
     2.755
     2.735
     3.270
     3.324
     3.120
     3.226
     2.676
     2.430
     2.770
     3.234
     2.761
     3.188
     3.301
     3.217
     2.755
     2.982
     3.132
     2.793
     2.886
     2.479
     3.369
     1.674
     3.260
     2.905
     2.728
     3.076
     3.388
     1.661
     2.767
     2.294
     2.238
     1.831
     3.252
     1.362
     3.420
     3.155
     3.923
     3.047
     3.304
     3.495
     2.613
     1.302
     3.411
     3.545
     2.426
     3.693
     2.635
     2.816
     3.353
     2.678
     2.662
     2.906
     2.680
     2.404
     2.801
     2.564
     2.637
     2.855
     2.420
     2.795
     3.161
     3.326
     3.273
     2.971
     2.198
     2.789
     2.728
     2.816
     3.568
     3.779
     2.049
     2.827
     2.957
     3.593
     3.100
     2.934
     1.505
     1.497
     3.439
     3.089
     3.138
     2.636
     3.061
     2.780
     2.756
     2.760
     2.663
     2.955
     3.519
     2.993
     3.221
     2.669
     2.913
     2.838
     2.753
     3.436
     2.655
     2.676
     2.525
     2.627
     2.892
     3.031
     3.210
     2.871
     2.621
     2.910
     3.038
     3.076
     3.456
     3.263
     2.588
     2.885
     2.798
     3.301
     2.869
     3.525
     2.314
     2.524
     3.308
     2.742
     3.603
     2.743
     2.774
     3.771
     2.861
     3.084
     3.200
     3.505
     1.358
     2.820
     3.924
     2.557
     3.514
     3.414
     3.250
     2.427
     2.781
     2.570
     3.663
     3.223
     3.810
     2.957
     2.815
     2.743
     2.862
     2.692
     2.985
     2.411
     1.976
     2.703
     2.545
     2.707
     2.354
     3.131
     3.274
     2.939
     2.941
     2.696
     2.943
     2.930
     2.488
     3.726
     2.552
     2.312
     2.988
     2.667
     2.839
     3.617
     2.321
     3.578
     2.828
     3.018
     2.831
     2.476
     2.700
     2.478
     2.711
     3.172
     3.032
     2.703
     0.922
     3.154
     1.398
     2.671
     2.752
     2.886
     2.890
     2.978
     2.797
     2.792
     3.507
     2.962
     3.074
     2.908
     2.877
     3.425
     2.977
     2.748
     1.500
     2.904
     4.025
     3.765
     2.801
     2.947
     2.889
     2.935
     2.735
     1.658
     1.700
     2.842
     2.838
     2.521
     3.138
     3.370
     2.582
     3.408
     3.580
     3.394
     2.951
     2.119
     2.180
     3.238
     2.996
     2.004
     2.786
     2.978
     2.460
     3.281
     2.758
     2.776
     3.237
     2.966
     2.724
     2.876
     3.385
     2.985
     2.881
     2.533
     2.604
     2.432
     3.061
     3.145
     2.844
     2.668
     2.805
     2.995
     2.863
     2.529
     2.690
     3.345
     3.996
     2.154
     3.913
     2.636
     2.859
     3.136
     3.422
     2.723
     2.726
     2.963
     3.058
     1.902
     3.714
     2.461
     2.774
     1.970
     1.655
     2.838
     2.744
     3.399
     3.375
     2.904
     2.639
     2.709
     3.463
     3.082
     3.413
     2.733
     3.107
     3.903
     2.813
     2.765
     3.153
     2.110
     3.596
     3.133
     3.191
     2.720
     2.791
     2.630
     2.894
     3.313
     3.258
     2.836
     3.038
     2.126
     2.826
     2.786
     2.046
     2.878
     2.741
     2.745
     3.919
     3.666
     3.496
     2.465
     3.403
     3.505
     3.454
     2.874
     2.886
     2.215
     3.302
     2.823
     2.218
     2.687
     1.008
     3.284
     2.884
     2.747
     2.556
     2.810
     3.427
     2.307
     3.149
     2.870
     3.170
     2.769
     3.433
     2.424
     1.661
     2.794
     2.211
     3.608
     2.550
     2.579
     3.137
     2.807
     3.290
     3.021
     1.644
     3.111
     3.436
     3.205
     2.942
     1.983
     2.565
     2.684
     2.767
     2.916
     2.863
     2.806
     2.872
     3.292
     2.803
     3.622
     3.145
     2.707
     2.991
     3.082
     3.255
     2.799
     2.774
     3.098
     2.780
     2.819
     3.738
     2.843
     2.940
     3.268
     3.178
     1.453
     3.502
     1.706
     2.223
     3.071
     3.234
     2.778
     2.216
     2.533
     2.879
     3.066
     2.483
     3.421
     2.830
     2.636
     3.378
     3.430
     3.093
     2.746
     3.322
     2.890
     3.236
     2.862
     2.687
     2.707
     2.685
     3.108
     2.416
     3.170
     2.643
     3.329
     3.461
     2.617
     1.611
     2.863
     2.928
     1.321
     2.214
     2.679
     1.523
     2.862
     2.927
     2.576
     3.164
     2.914
     3.087
     2.755
     2.913
     2.915
     2.927
     1.747
     3.120
     3.125
     2.949
     2.851
     1.985
     2.692
     3.122
     2.750
     3.104
     2.434
     3.337
     2.659
     2.836
     2.756
     2.744
     2.776
     2.783
     3.261
     3.549
     2.699
     2.797
     2.803
     2.792
     2.260
     1.851
     3.334
     3.102
     2.892
     2.773
     3.113
     1.876
     3.298
     3.202
     3.508
     3.223
     2.650
     3.127
     2.804
     0.997
     3.372
     3.255
     2.806
     3.561
     3.080
     2.861
     3.893
     2.768
     2.868
     2.797
     3.242
     2.421
     3.146
     3.320
     3.446
     0.836
     3.224
     3.048
     2.920
     1.060
     2.924
     3.544
     2.914
     3.295
     3.658
     2.550
     3.249
     2.685
     2.843
     2.697
     3.247
     2.713
     3.149
     2.263
     2.695
     2.626
     3.281
     3.397
     3.601
     1.725
     2.910
     3.124
     2.839
     3.353
     3.016
     3.268
     3.226
     2.869
     3.156
     2.796
     4.049
     1.694
     3.019
     3.329
     3.605
     2.938
     2.996
     2.906
     3.580
     2.048
     2.502
     3.012
     2.481
     3.328
     1.963
     2.563
     3.360
     3.144
     3.199
     2.610
     3.335
     3.967
     2.913
     3.371
     2.816
     3.553
     2.717
     3.261
     2.754
     3.890
     3.215
     2.727
     2.764
     2.259
     3.845
     2.746
     2.726
     1.680
     3.516
     2.803
     2.576
     2.730
     2.349
     3.267
     2.836
     2.522
     3.645
     3.029
     2.834
     3.169
     2.866
     3.212
     2.744
     2.892
     2.802
     3.364
     3.857
     2.703
     2.655
     2.969
     2.312
     3.519
     3.245
     3.010
     3.498
     3.321
     2.787
     2.824
     2.847
     3.394
     3.454
     2.431
     3.446
     3.371
     2.819
     2.919
     3.089
     3.080
     2.895
     2.404
     2.994
     2.744
     0.912
     2.996
     2.759
     2.282
     3.033
     3.356
     2.307
     3.107
     3.333
     3.346
     2.665
     2.599
     3.205
     3.049
     2.679
     2.751
     2.710
     2.771
     2.333
     3.076
     2.502
     3.280
     2.632
     1.463
     2.740
     2.762
     2.837
     2.979
     3.520
     2.682
     3.129
     3.037
     1.334
     2.753
     2.834
     2.565
     2.978
     2.644
     2.410
     3.421
     2.551
     3.435
     3.709
     2.769
     2.684
     2.904
     3.102
     2.816
     3.184
     3.111
     2.819
     3.293
     3.113
     2.062
     3.321
     2.002
     2.917
     3.247
     2.945
     3.437
     0.979
     2.981
     3.325
     3.357
     3.428
     2.618
     3.691
     3.354
     2.994
     2.718
     2.819
     2.810
     3.718
     2.751
     2.519
     2.591
     2.617
     2.789
     2.695
     0.760
     3.624
     2.719
     2.876
     3.358
     2.968
     2.839
     1.999
     3.454
     2.096
     3.341
     2.531
     2.385
     2.655
     2.791
     2.757
     2.821
     2.918
     2.565
     2.674
     2.940
     3.551
     3.156
     3.598
     2.750
     1.539
     2.998
     2.786
     3.031
     3.108
     2.701
     2.711
     2.469
     3.039
     3.116
     2.961
     3.036
     3.475
     2.467
     2.824
     3.837
     2.864
     3.056
     2.699
     2.795
     2.572
     2.349
     2.839
     2.709
     3.584
     2.951
     3.175
     3.346
     2.846
     2.640
     2.641
     3.443
     2.173
     3.560
     3.904
     3.564
     2.753
     2.761
     1.221
     3.052
     2.432
     2.963
     2.654
     2.744
     3.249
     2.939
     2.842
     2.780
     2.875
     2.762
     3.690
     2.028
     2.781
     3.436
     3.384
     3.107
     2.806
     2.822
     2.731
     2.493
     3.378
     2.115
     2.631
     3.309
     2.723
     3.416
     2.911
     1.178
     2.603
     3.279
     2.598
     1.447
     2.863
     2.936
     3.703
     2.994
     3.089
     2.868
     3.353
     3.039
     3.166
     1.700
     1.593
     3.029
     3.023
     2.744
     2.496
     2.919
     3.291
     2.786
     1.590
     3.308
     2.042
     3.292
     2.808
     2.772
     3.183
     2.412
     2.756
     2.727
     2.956
     4.001
     3.045
     3.139
     3.359
     2.816
     2.866
     3.345
     2.682
     3.763
     2.896
     3.217
     1.068
     3.010
     2.604
     2.563
     2.758
     3.786
     2.832
     3.267
     2.596
     3.628
     2.731
     3.029
     3.199
     2.788
     2.808
     2.688
     3.329
     2.695
     2.909
     2.826
     3.032
     3.282
     2.710
     3.201
     2.927
     3.277
     3.177
     3.677
     2.816
     3.575
     3.588
     2.906
     2.821
     2.694
     2.039
     2.860
     3.142
     2.765
     2.580
     2.810
     2.700
     2.957
     2.878
     2.500
     2.183
     2.681
     3.032
     1.194
     2.849
     3.359
     3.332
     2.393
     2.697
     2.644
     3.507
     2.650
     3.856
     2.752
     2.643
     2.687
     2.940
     3.111
     2.989
     3.597
     2.810
     3.729
     3.741
     2.851
     2.759
     2.499
     3.953
     3.124
     2.822
     2.715
     3.400
     2.574
     3.002
     3.305
     3.497
     2.903
     2.718
     2.891
     1.936
     2.748
     2.731
     2.963
     2.251
     2.713
     3.016
     2.697
     3.425
     2.799
     2.454
     3.169
     2.632
     3.276
     2.635
     2.360
     3.341
     2.173
     3.510
     3.020
     2.329
     2.730
     2.841
     2.849
     3.318
     2.896
     2.235
     3.628
     1.702
     1.411
     3.498
     2.693
     2.383
     2.635
     2.771
     2.733
     3.069
     2.671
     2.679
     2.838
     2.695
     3.337
     2.808
     3.955
     3.300
     2.973
     2.795
     2.884
     2.803
     2.641
     2.737
     3.091
     2.590
     2.939
     1.997
     2.474
     3.335
     3.382
     2.563
     2.741
     2.664
     3.182
     2.875
     3.434
     3.605
     3.053
     3.255
     2.809
     2.658
     3.648
     2.890
     2.258
     2.653
     2.582
     1.497
     3.384
     3.350
     2.792
     2.517
     3.057
     2.961
     2.868
     1.749
     2.894
     3.247
     2.968
     3.373
     2.780
     3.387
     2.565
     2.689
     3.153
     2.879
     1.324
     2.588
     2.883
     1.540
     2.984
     3.135
     2.735
     2.540
     3.500
     3.562
     2.841
     3.124
     2.685
     2.817
     3.022
     2.402
     3.189
     1.717
     2.981
     3.352
     3.442
     3.366
     2.889
     2.571
     2.863
     2.889
     2.797
     2.853
     2.966
     3.207
     2.966
     1.844
     2.620
     2.787
     3.045
     2.968
     2.592
     3.461
     2.997
     3.691
     3.222
     3.100
     2.922
     3.062
     3.076
     2.839
     3.978
     2.674
     3.462
     2.757
     2.979
     1.840
     3.071
     2.613
     2.802
     2.542
     3.232
     2.663
     2.799
     2.791
     2.170
     2.760
     2.817
     2.831
     2.780
     2.388
     3.247
     2.787
     1.923
     1.255
     3.882
     3.167
     3.066
     2.824
     2.678
     3.276
     2.762
     2.904
     3.522
     2.560
     2.851
     3.517
     3.750
     3.463
     3.271
     2.794
     3.308
     3.352
     2.548
     3.540
     2.565
     2.962
     2.752
     2.655
     2.851
     3.784
     1.542
     2.974
     2.922
     2.236
     3.216
     2.726
     2.690
     2.657
     3.632
     3.692
     2.804
     2.851
     3.064
     3.498
     2.876
     3.362
     2.763
     3.027
     3.789
     2.981
     3.174
     3.506
     3.317
     3.740
     2.682
     2.447
     3.014
     4.033
     0.973
     3.063
     2.880
     3.271
     3.309
     2.738
     3.123
     2.799
     3.516
     2.735
     3.496
     2.557
     2.878
     1.881
     3.438
     2.883
     1.648
     2.871
     2.684
     3.005
     2.852
     2.869
     2.544
     3.929
     2.940
     2.772
     3.686
     3.687
     2.804
     2.824
     3.281
     2.889
     2.824
     2.158
     3.030
     2.750
     2.675
     3.333
     3.144
     3.179
     3.407
     2.091
     0.929
     2.565
     2.314
     3.893
     2.640
     1.831
     2.927
     2.797
     2.464
     2.676
     2.583
     1.328
     1.309
     3.382
     2.814
     2.908
     2.789
     2.601
     3.609
     2.177
     1.591
     3.031
     3.145
     2.977
     2.390
     3.138
     2.538
     2.770
     2.746
     1.864
     2.751
     3.240
     2.694
     2.664
     3.165
     2.757
     2.817
     3.031
     2.987
     2.777
     3.680
     3.500
     3.570
     2.428
     2.667
     3.174
     2.547
     1.956
     1.711
     2.584
     1.985
     2.909
     3.719
     2.452
     2.945
     2.846
     2.801
     2.948
     3.574
     3.100
     2.819
     2.926
     2.701
     2.167
     2.809
     3.744
     2.888
     2.089
     3.369
     2.597
     3.388
     2.177
     3.353
     3.146
     2.757
     2.979
     1.537
     3.341
     2.895
     2.688
     3.758
     3.069
     2.186
     1.779
     2.248
     3.432
     2.662
     2.771
     2.697
     1.633
     3.180
     1.273
     2.882
     2.737
     2.807
     2.978
     2.942
     3.579
     2.838
     2.672
     2.775
     2.987
     3.131
     2.431
     3.136
     2.108
     3.270
     2.380
     2.840
     2.722
     2.652
     2.839
     2.857
     2.708
     2.431
     3.035
     2.209
     3.133
     2.886
     3.317
     2.823
     3.070
     3.086
     3.555
     2.321
     2.886
     2.945
     2.879
     2.478
     2.813
     3.546
     3.865
     2.713
     2.861
     2.633
     3.212
     2.862
     3.009
     2.915
     2.765
     2.720
     3.450
     2.949
     3.031
     2.956
     2.823
     2.711
     2.630
     2.782
     2.969
     2.725
     3.112
     2.722
     2.756
     2.834
     2.759
     1.640
     2.533
     2.984
     3.242
     3.300
     3.269
     3.433
     2.627
     2.917
     3.341
     2.911
     3.396
     2.855
     2.475
     3.408
     3.458
     4.067
     3.061
     2.965
     2.821
     3.456
     2.825
     2.426
     1.424
     3.232
     3.417
     2.782
     3.115
     3.316
     2.284
     3.254
     3.147
     2.875
     3.783
     2.898
     2.984
     2.661
     2.351
     3.124
     3.008
     2.321
     3.924
     2.828
     1.823
     2.641
     3.183
     3.176
     2.197
     2.819
     3.857
     1.835
     3.385
     2.746
     3.112
     2.509
     2.750
     3.552
     2.703
     3.519
     2.652
     2.793
     2.486
     2.910
     2.725
     2.589
     3.383
     3.514
     3.400
     2.833
     2.397
     3.228
     2.655
     1.970
     3.274
     3.071
     3.062
     2.192
     3.007
     2.233
     2.820
     1.354
     3.382
     2.966
     2.579
     2.476
     3.253
     2.737
     2.856
     2.530
     3.388
     2.771
     2.972
     2.766
     2.791
     2.957
     2.796
     2.748
     2.520
     3.097
     3.219
     2.709
     3.042
     2.265
     2.898
     2.648
     3.773
     2.914
     2.675
     1.923
     3.259
     3.512
     3.818
     3.011
     2.998
     2.235
     3.431
     3.597
     2.791
     3.574
     2.757
     3.229
     3.066
     2.921
     2.685
     2.878
     2.853
     2.363
     3.011
     1.477
     1.865
     2.883
     3.465
     3.062
     3.143
     2.867
     2.561
     3.387
     3.396
     3.108
     2.770
     2.959
     2.760
     2.880
     2.717
     2.952
     2.815
     2.894
     2.631
     2.569
     3.292
     1.833
     1.065
     3.213
     2.642
     2.813
     2.756
     3.023
     3.153
     2.741
     2.098
     4.000
     3.094
     2.833
     3.658
     3.141
     2.883
     2.810
     1.638
     2.850
     3.224
     2.859
     3.087
     3.390
     2.849
     2.720
     1.619
     2.862
     3.158
     3.012
     2.849
     2.740
     2.615
     3.578
     2.902
     2.917
     2.817
     3.875
     2.776
     3.327
     3.160
     2.838
     2.718
     2.714
     3.383
     2.867
     1.162
     2.882
     2.537
     2.920
     1.516
     2.235
     3.017
     3.016
     3.147
     2.864
     2.811
     2.956
     3.093
     1.758
     2.745
     3.386
     2.503
     2.990
     2.808
     3.089
     3.336
     3.084
     3.189
     2.548
     3.148
     1.495
     2.769
     1.957
     2.911
     1.773
     3.919
     2.569
     2.763
     2.968
     3.053
     3.491
     2.922
     2.130
     3.101
     2.561
     2.747
     2.263
     2.841
     2.933
     2.203
     2.169
     2.797
     3.208
     3.172
     3.064
     3.439
     3.040
     2.237
     2.796
     2.840
     3.139
     3.587
     2.678
     2.131
     2.594
     3.376
     3.319
     3.524
     2.678
     2.869
     2.961
     2.463
     3.133
     3.262
     3.322
     3.440
     2.763
     2.703
     2.881
     3.334
     2.868
     2.484
     2.550
     2.891
     2.949
     2.544
     2.756
     2.771
     3.299
     3.138
     3.698
     2.780
     1.446
     2.941
     2.847
     3.344
     3.327
     2.815
     2.895
     3.217
     2.755
     2.621
     3.109
     2.956
     2.331
     3.473
     1.199
     1.960
     3.687
     3.356
     3.435
     3.476
     3.153
     3.293
     3.027
     2.890
     2.680
     3.369
     2.977
     2.917
     3.328
     3.043
     2.601
     2.588
     1.655
     2.778
     2.556
     2.835
     3.093
     3.070
     2.788
     3.448
     3.000
     2.689
     3.001
     3.664
     2.994
     2.766
     2.674
     3.196
     3.061
     2.776
     3.515
     4.007
     2.728
     2.794
     2.829
     2.997
     3.030
     2.869
     2.873
     2.902
     2.967
     2.858
     3.327
     3.150
     3.604
     1.587
     2.711
     2.802
     3.062
     2.745
     2.806
     2.372
     2.782
     2.656
     2.767
     1.331
     2.848
     3.264
     2.663
     2.781
     2.818
     3.012
     1.712
     1.745
     3.420
     3.251
     3.398
     3.148
     3.309
     1.880
     2.913
     2.784
     2.690
     3.150
     2.468
     2.577
     2.693
     2.656
     2.660
     2.949
     3.386
     2.701
     3.450
     3.014
     2.743
     2.734
     3.713
     3.076
     2.619
     3.346
     3.422
     2.297
     2.803
     1.956
     1.905
     2.766
     2.827
     3.893
     3.771
     2.554
     2.603
     2.943
     3.316
     2.890
     1.798
     1.908
     2.707
     2.349
     2.559
     3.936
     2.879
     2.677
     4.065
     2.482
     2.108
     1.921
     3.338
     2.759
     3.376
     3.015
     1.659
     2.824
     3.415
     3.063
     2.842
     3.081
     2.213
     2.923
     3.968
     2.406
     3.324
     3.022
     3.316
     3.079
     3.012
     0.702
     3.554
     3.182
     2.732
     1.657
     3.202
     2.863
     3.344
     3.448
     3.063
     3.573
     2.529
     3.326
     2.629
     3.455
     3.226
     3.316
     2.838
     3.163
     3.863
     2.398
     2.476
     3.716
     1.400
     3.313
     3.266
     3.975
     3.368
     3.175
     2.866
     2.848
     2.873
     2.686
     3.628
     3.416
     2.643
     3.132
     3.191
     3.687
     3.001
     2.867
     1.480
     2.440
     2.829
     2.797
     3.329
     3.602
     2.890
     3.465
     2.874
     2.583
     2.851
     3.041
     3.436
     3.081
     3.079
     3.661
     3.574
     2.760
     2.692
     3.160
     3.505
     2.681
     3.447
     3.145
     3.027
     2.831
     3.455
     0.693
     1.515
     3.090
     2.861
     3.258
     2.746
     3.337
     1.501
     2.772
     2.513
     2.822
     3.619
     2.748
     2.518
     2.636
     3.872
     3.000
     3.314
     2.719
     3.522
     3.159
     2.334
     3.229
     3.060
     3.550
     3.346
     3.276
     3.322
     2.821
     3.222
     3.246
     3.219
     3.461
     2.635
     3.092
     3.299
     3.357
     1.982
     2.620
     3.076
     3.158
     2.823
     2.741
     3.096
     2.725
     3.479
     3.536
     3.403
     3.235
     2.890
     3.119
     2.789
     2.783
     3.303
     2.729
     3.382
     3.060
     3.351
     2.803
     2.903
     3.335
     3.069
     2.974
     3.302
     3.280
     3.288
     3.114
     2.689
     2.879
     2.742
     3.200
     3.224
     1.760
     2.565
     2.851
     3.792
     3.303
     2.390
     2.943
     3.149
     3.198
     3.002
     2.789
     3.392
     3.054
     2.755
     2.669
     2.472
     2.602
     2.731
     2.749
     2.809
     2.494
     3.465
     3.850
     2.679
     3.032
     3.097
     3.271
     2.650
     2.703
     2.938
     2.803
     2.328
     3.543
     2.884
     3.927
     2.777
     3.378
     3.440
     2.744
     3.271
     2.806
     2.727
     2.713
     2.510
     3.214
     2.855
     3.406
     2.318
     2.693
     3.104
     2.814
     3.301
     2.254
     2.741
     2.723
     2.804
     2.330
     2.718
     3.080
     4.043
     3.759
     3.092
     3.017
     2.766
     3.270
     3.010
     3.208
     3.440
     0.912
     2.797
     3.113
     3.507
     1.302
     2.548
     3.654
     3.082
     3.139
     3.265
     2.713
     3.269
     2.790
     2.822
     2.910
     2.764
     2.905
     3.332
     3.275
     3.406
     2.815
     3.632
     2.732
     3.131
     2.233
     2.738
     2.435
     3.148
     2.266
     3.331
     2.323
     2.823
     3.691
     3.420
     2.909
     2.784
     2.564
     2.860
     2.729
     3.403
     2.618
     2.767
     2.779
     2.434
     2.426
     2.793
     2.763
     2.828
     2.181
     2.554
     3.329
     2.905
     3.193
     3.077
     2.930
     3.393
     2.984
     3.206
     2.459
     2.817
     2.726
     3.086
     2.908
     2.756
     2.904
     2.905
     1.372
     2.384
     2.877
     1.727
     2.752
     3.280
     3.168
     2.524
     3.185
     2.883
     2.849
     3.306
     2.784
     3.303
     2.957
     2.885
     2.216
     2.819
     1.811
     2.950
     1.510
     2.942
     3.009
     2.820
     2.234
     2.716
     2.856
     2.796
     2.638
     2.570
     2.233
     2.847
     3.888
     3.430
     2.744
     2.053
     2.995
     2.775
     2.738
     3.237
     2.368
     2.766
     2.851
     2.496
     2.969
     2.839
     2.622
     2.911
     3.090
     2.752
     2.640
     2.899
     3.146
     2.863
     2.835
     2.289
     2.847
     3.622
     3.416
     3.618
     2.845
     3.006
     2.854
     3.164
     3.427
     2.809
     3.472
     2.758
     2.896
     2.858
     2.935
     3.209
     2.929
     2.896
     2.799
     2.961
     3.452
     2.520
     3.407
     1.579
     2.581
     1.598
     2.766
     3.110
     3.140
     2.539
     3.000
     3.007
     0.996
     2.657
     2.357
     2.069
     3.030
     2.760
     2.848
     2.640
     3.557
     1.015
     3.185
     2.746
     2.486
     3.233
     3.159
     3.371
     3.531
     2.796
     1.543
     2.710
     2.873
     3.231
     3.581
     2.705
     3.006
     3.135
     2.989
     2.529
     2.758
     3.413
     1.693
     3.223
     3.331
     3.098
     3.112
     3.362
     2.643
     3.054
     2.715
     3.264
     2.798
     2.694
     3.631
     2.887
     3.136
     2.797
     3.255
     2.718
     3.127
     2.921
     2.974
     3.155
     2.512
     2.752
     2.470
     2.704
     1.849
     2.812
     3.377
     2.870
     1.390
     2.775
     3.228
     3.386
     2.643
     2.808
     3.289
     2.726
     3.426
     2.870
     3.279
     2.629
     2.454
     3.198
     2.114
     3.819
     1.413
     3.382
     1.893
     2.950
     2.702
     2.535
     2.823
     2.919
     2.697
     3.274
     2.970
     2.996
     2.930
     2.692
     2.517
     1.270
     2.764
     3.331
     2.743
     2.663
     2.974
     3.233
     3.344
     2.561
     3.278
     3.064
     3.786
     2.845
     3.401
     2.794
     3.003
     3.018
     2.644
     3.665
     3.292
     2.740
     2.780
     2.824
     2.849
     2.968
     2.921
     3.671
     3.507
     3.466
     2.525
     2.614
     2.434
     3.562
     2.714
     3.250
     2.749
     2.657
     3.811
     3.301
     3.224
     1.301
     2.047
     3.196
     2.791
     2.738
     3.038
     2.993
     2.705
     3.902
     3.146
     2.955
     2.669
     3.122
     2.746
     3.060
     2.915
     2.703
     3.337
     2.815
     3.264
     2.772
     2.878
     3.317
     2.829
     2.336
     2.841
     3.607
     3.313
     2.833
     1.442
     2.151
     3.140
     2.765
     2.906
     3.098
     2.929
     3.225
     3.214
     3.146
     2.199
     2.815
     1.124
     3.122
     3.082
     3.103
     2.712
     2.450
     3.360
     3.499
     2.818
     2.268
     3.380
     3.215
     2.776
     3.062
     2.472
     3.482
     2.571
     2.882
     2.079
     2.918
     2.234
     2.456
     1.248
     2.918
     2.801
     3.344
     3.318
     3.831
     3.489
     3.416
     2.829
     2.699
     3.565
     3.482
     3.633
     3.485
     2.272
     2.867
     2.502
     2.273
     2.891
     2.607
     2.949
     2.641
     3.024
     3.014
     2.919
     2.948
     3.371
     2.902
     2.984
     2.783
     2.776
     2.595
     1.259
     3.081
     2.463
     2.918
     2.253
     1.277
     2.900
     2.315
     2.937
     2.664
     2.940
     2.913
     3.026
     2.786
     3.278
     2.667
     3.136
     2.830
     2.812
     2.818
     2.230
     2.508
     3.495
     3.294
     3.033
     2.971
     2.789
     2.994
     2.949
     2.844
     2.830
     3.029
     3.453
     2.750
     2.691
     2.496
     1.344
     3.140
     2.760
     2.737
     3.370
     2.706
     2.793
     3.101
     3.138
     3.563
     3.021
     2.354
     3.295
     2.675
     2.975
     1.993
     2.700
     2.737
     2.818
     3.524
     3.345
     2.661
     3.525
     2.229
     2.820
     2.195
     3.761
     2.750
     3.210
     2.839
     3.096
     2.746
     2.771
     3.038
     2.897
     2.861
     3.577
     3.102
     3.197
     2.188
     3.132
     3.547
     2.761
     2.921
     3.180
     3.163
     2.834
     2.713
     2.162
     3.288
     1.605
     2.705
     3.271
     3.116
     2.668
     2.822
     3.162
     2.992
     2.737
     2.502
     2.776
     3.298
     3.197
     2.920
     3.741
     3.036
     1.172
     1.166
     2.860
     3.408
     2.758
     2.885
     2.828
     3.317
     2.663
     2.667
     2.864
     2.662
     2.915
     1.034
     2.819
     2.700
     2.750
     3.118
     2.676
     4.063
     1.910
     2.066
     3.299
     2.834
     2.769
     2.657
     3.277
     2.798
     2.650
     2.763
     2.872
     3.220
     3.870
     3.282
     2.929
     2.644
     2.771
     1.309
     3.306
     2.852
     3.204
     3.237
     3.719
     3.471
     2.822
     2.667
     2.512
     2.356
     2.868
     3.261
     3.721
     2.734
     2.707
     3.185
     2.699
     2.777
     2.724
     2.898
     2.669
     3.039
     2.672
     2.485
     3.212
     3.086
     3.249
     2.897
     2.404
     2.601
     3.391
     3.288
     3.578
     2.630
     3.293
     2.926
     2.789
     2.089
     2.915
     2.080
     2.545
     3.017
     3.284
     2.859
     3.063
     2.879
     3.141
     2.177
     2.135
     2.894
     3.983
     1.169
     2.736
     1.964
     1.636
     3.543
     3.462
     3.667
     3.286
     2.607
     2.678
     1.716
     2.967
     3.732
     3.399
     3.202
     3.360
     2.708
     2.795
     2.755
     2.686
     3.665
     1.415
     2.048
     3.279
     2.934
     3.629
     2.945
     2.581
     2.839
     2.647
     2.848
     2.649
     1.540
     2.611
     3.436
     2.343
     2.762
     3.255
     3.107
     3.118
     3.821
     2.773
     3.614
     3.098
     2.729
     2.729
     2.576
     2.815
     3.240
     3.238
     2.322
     2.804
     2.722
     3.420
     3.333
     2.755
     2.634
     3.919
     3.353
     2.772
     2.799
     2.834
     3.429
     2.826
     2.926
     3.095
     2.627
     3.081
     3.229
     3.204
     3.542
     2.780
     3.551
     3.896
     1.978
     2.895
     2.775
     2.458
     3.277
     3.344
     3.315
     2.664
     2.743
     2.789
     2.735
     2.411
     2.634
     3.487
     2.350
     2.789
     2.315
     4.048
     3.644
     2.927
     2.829
     3.538
     2.723
     2.384
     2.973
     3.507
     3.338
     3.398
     2.810
     3.406
     2.835
     2.971
     3.123
     2.842
     3.112
     2.900
     3.463
     2.732
     2.867
     3.582
     2.799
     3.237
     1.751
     3.438
     3.091
     2.724
     3.077
     2.617
     2.891
     2.435
     3.538
     2.469
     2.759
     2.747
     2.614
     2.828
     2.784
     2.448
     2.811
     2.479
     3.010
     2.697
     2.456
     2.303
     3.616
     4.030
     2.946
     3.886
     3.679
     2.643
     2.108
     2.711
     3.241
     3.025
     2.792
     3.144
     3.129
     3.030
     2.691
     3.284
     3.065
     3.344
     2.755
     2.202
     2.281
     1.613
     1.800
     2.762
     2.991
     2.548
     3.700
     2.277
     3.117
     2.659
     3.142
     3.383
     2.697
     3.599
     2.527
     3.071
     3.094
     3.528
     3.537
     2.726
     3.177
     2.131
     3.329
     3.438
     2.589
     3.365
     2.915
     3.444
     2.755
     2.810
     2.782
     3.227
     2.666
     2.171
     1.035
     1.398
     3.339
     3.565
     3.393
     3.592
     3.650
     2.970
     2.750
     2.778
     2.913
     2.728
     2.949
     3.399
     2.600
     2.797
     1.738
     2.774
     2.851
     3.747
     2.801
     2.068
     3.374
     2.701
     3.897
     2.943
     3.166
     2.928
     3.085
     3.689
     3.113
     3.593
     3.441
     3.221
     3.419
     2.906
     3.369
     2.069
     3.206
     3.685
     2.698
     3.422
     2.877
     3.161
     3.084
     2.923
     2.975
     3.429
     2.587
     2.707
     2.683
     2.822
     2.935
     2.484
     2.673
     1.601
     2.767
     3.560
     3.132
     2.782
     2.580
     3.026
     3.513
     2.604
     2.893
     4.017
     2.694
     3.133
     2.565
     2.676
     3.574
     3.625
     2.625
     3.013
     2.727
     2.979
     2.806
     2.425
     2.757
     2.966
     3.401
     2.842
     2.728
     3.135
     3.493
     2.803
     2.914
     2.835
     2.770
     2.813
     2.530
     1.914
     3.229
     3.260
     2.093
     3.008
     2.927
     3.038
     3.196
     2.544
     2.838
     0.948
     2.823
     2.870
     3.758
     3.555
     2.650
     2.873
     3.362
     3.568
     2.710
     3.012
     2.901
     1.944
     2.623
     3.185
     2.803
     3.154
     2.945
     2.764
     2.954
     3.040
     3.472
     3.256
     2.720
     2.746
     3.793
     2.630
     2.805
     3.696
     1.293
     2.864
     2.890
     2.896
     2.830
     2.494
     2.764
     2.482
     2.849
     3.387
     3.421
     2.863
     1.196
     2.663
     3.248
     3.225
     2.913
     3.291
     2.607
     3.428
     1.928
     3.073
     2.017
     3.748
     2.937
     3.399
     2.564
     3.459
     2.750
     3.549
     2.927
     3.396
     2.855
     3.003
     3.363
     3.052
     2.823
     2.823
     2.967
     3.795
     3.051
     3.107
     0.935
     2.941
     1.410
     2.855
     2.751
     3.173
     3.729
     3.556
     2.065
     2.845
     2.339
     2.996
     2.793
     3.201
     2.586
     2.819
     2.722
     3.560
     3.659
     2.309
     2.535
     2.731
     2.754
     1.278
     2.250
     2.851
     2.974
     2.642
     3.019
     2.817
     2.607
     2.808
     2.888
     2.687
     2.949
     2.525
     2.730
     3.473
     3.069
     2.588
     2.989
     2.722
     3.101
     3.820
     3.499
     3.079
     2.812
     3.064
     3.039
     2.744
     2.546
     3.511
     2.922
     2.599
     2.710
     2.708
     2.580
     2.629
     3.084
     2.703
     2.727
     3.006
     2.889
     2.601
     2.815
     0.937
     2.753
     2.831
     1.812
     2.793
     2.529
     3.221
     2.489
     2.674
     2.806
     2.678
     3.360
     2.456
     2.818
     3.066
     3.938
     2.710
     2.738
     2.202
     2.625
     3.410
     2.834
     2.520
     3.012
     2.558
     2.740
     1.989
     3.613
     2.678
     3.362
     2.433
     2.419
     3.203
     3.379
     2.425
     3.306
     2.830
     3.366
     3.367
     2.918
     2.852
     2.543
     3.651
     3.667
     2.786
     2.729
     2.934
     2.687
     2.793
     1.688
     3.506
     3.076
     2.188
     2.824
     3.221
     2.621
     2.922
     3.460
     3.292
     2.780
     3.184
     1.733
     3.234
     3.086
     2.713
     2.234
     2.749
     3.146
     1.754
     2.972
     1.052
     2.893
     1.645
     2.738
     2.757
     1.164
     2.737
     2.669
     1.414
     2.584
     2.989
     3.766
     2.977
     2.563
     3.312
     2.961
     3.333
     2.924
     3.474
     2.874
     2.875
     2.827
     3.150
     1.858
     3.273
     2.895
     2.472
     3.449
     3.611
     3.404
     2.796
     2.644
     3.048
     3.315
     3.111
     3.288
     3.336
     2.709
     3.430
     2.853
     1.054
     3.731
     2.904
     2.939
     3.495
     2.700
     3.095
     2.578
     2.867
     2.528
     3.570
     2.795
     2.660
     2.630
     2.706
     3.666
     3.063
     2.828
     2.242
     2.859
     2.888
     2.632
     3.443
     2.612
     3.871
     2.237
     2.639
     3.037
     2.637
     2.743
     3.437
     2.711
     3.026
     2.743
     2.993
     2.655
     2.702
     2.487
     2.941
     3.003
     3.142
     2.991
     2.978
     2.808
     3.002
     2.412
     3.118
     3.278
     2.583
     2.705
     3.295
     2.645
     3.169
     2.823
     3.149
     3.712
     2.473
     3.140
     1.867
     2.822
     2.550
     3.030
     3.311
     2.164
     2.492
     1.570
     3.565
     3.747
     3.101
     2.815
     2.474
     3.831
     2.945
     3.600
     2.059
     3.368
     2.293
     2.771
     1.342
     2.331
     2.691
     2.976
     2.849
     2.670
     3.452
     3.126
     2.885
     2.804
     2.771
     2.546
     3.072
     3.121
     2.443
     3.086
     3.084
     2.733
     3.367
     2.868
     2.829
     3.097
     3.081
     3.253
     3.259
     3.083
     2.770
     2.163
     3.137
     1.408
     2.302
     2.930
     3.475
     2.538
     2.918
     2.772
     2.966
     2.690
     2.737
     2.832
     3.586
     1.874
     2.791
     2.915
     3.070
     2.790
     2.679
     1.044
     2.775
     2.945
     2.806
     2.582
     3.215
     3.045
     2.629
     3.703
     3.378
     3.222
     3.168
     2.826
     2.705
     2.889
     2.782
     3.014
     3.186
     3.213
     2.901
     1.586
     2.567
     3.332
     2.664
     2.692
     3.566
     3.237
     2.140
     3.086
     3.291
     3.408
     3.230
     3.121
     2.269
     2.583
     2.853
     1.205
     3.214
     3.165
     2.852
     2.794
     3.185
     2.636
     2.635
     2.802
     2.920
     3.001
     2.765
     1.724
     2.841
     3.068
     3.033
     3.102
     2.516
     3.176
     3.678
     2.773
     3.244
     2.247
     3.328
     1.921
     2.641
     3.082
     2.796
     3.287
     3.403
     3.417
     2.728
     2.054
     2.697
     2.906
     3.484
     3.145
     2.548
     3.632
     1.789
     2.717
     3.081
     3.529
     3.575
     2.832
     3.442
     2.785
     3.716
     2.800
     2.896
     2.948
     2.390
     2.543
     2.621
     2.415
     2.923
     2.538
     2.849
     2.690
     2.953
     2.970
     2.855
     2.957
     3.360
     3.650
     2.747
     3.239
     4.015
     2.654
     3.305
     3.111
     3.720
     2.807
     2.823
     2.958
     3.341
     2.875
     2.144
     2.731
     2.821
     1.890
     2.661
     2.643
     3.003
     3.258
     1.521
     2.677
     3.065
     2.442
     2.880
     3.069
     2.942
     3.528
     3.076
     2.589
     2.610
     3.121
     2.875
     2.979
     2.759
     2.713
     2.928
     2.890
     2.616
     3.845
     2.688
     3.755
     3.399
     3.353
     3.127
     2.683
     3.369
     2.550
     2.688
     2.803
     3.157
     3.929
     3.172
     2.540
     1.046
     3.149
     2.849
     2.913
     2.592
     2.907
     2.531
     2.442
     2.756
     2.774
     2.594
     2.815
     2.690
     2.831
     3.885
     2.808
     2.704
     2.724
     2.903
     2.800
     2.648
     2.799
     2.127
     2.240
     3.065
     2.730
     1.809
     3.203
     2.586
     2.849
     2.843
     2.839
     2.395
     2.570
     2.957
     2.903
     2.857
     3.039
     2.764
     1.659
     2.868
     2.977
     2.100
     2.820
     2.738
     2.813
     2.843
     3.452
     2.952
     2.570
     3.685
     2.927
     3.450
     3.667
     2.778
     3.490
     2.816
     3.098
     2.202
     2.912
     3.308
     2.728
     3.314
     3.490
     2.677
     2.585
     3.390
     2.101
     3.028
     2.479
     2.472
     3.086
     3.511
     3.435
     2.646
     2.803
     3.373
     2.738
     3.355
     2.812
     3.209
     2.952
     3.079
     3.435
     3.647
     3.766
     2.236
     2.802
     2.754
     2.751
     2.836
     3.808
     2.804
     2.234
     2.714
     2.900
     3.182
     3.140
     2.515
     2.979
     2.873
     1.659
     2.865
     2.703
     2.358
     3.452
     3.382
     3.472
     3.261
     2.955
     2.329
     3.132
     3.379
     3.669
     3.278
     2.419
     1.622
     2.344
     2.194
     3.129
     2.892
     3.891
     3.516
     2.811
     2.688
     3.121
     2.431
     3.151
     2.942
     1.729
     2.622
     2.535
     2.774
     2.033
     3.367
     3.559
     3.178
     2.584
     2.714
     3.368
     3.194
     2.778
     2.852
     2.799
     2.108
     1.452
     2.751
     3.046
     3.378
     2.032
     3.528
     2.801
     3.599
     2.125
     2.858
     2.778
     2.726
     3.155
     2.949
     2.975
     2.820
     2.833
     2.737
     2.888
     2.727
     2.608
     3.506
     2.910
     2.491
     2.859
     1.894
     3.031
     2.853
     2.478
     2.981
     2.669
     2.438
     2.627
     2.998
     2.783
     3.403
     2.969
     2.656
     3.399
     2.498
     2.872
     2.937
     2.682
     2.889
     2.874
     2.581
     2.791
     2.197
     3.014
     2.911
     2.817
     2.879
     2.951
     2.351
     3.291
     2.908
     3.046
     3.609
     2.106
     2.728
     2.943
     2.844
     2.706
     2.664
     2.781
     3.954
     3.033
     2.893
     2.896
     2.720
     2.741
     2.191
     3.196
     2.927
     2.974
     2.901
     3.246
     3.765
     2.776
     2.704
     3.189
     2.275
     2.833
     2.799
     3.367
     1.022
     2.743
     3.430
     3.537
     2.765
     3.435
     2.474
     2.483
     2.429
     2.447
     3.704
     3.085
     3.381
     2.788
     2.829
     3.189
     3.299
     2.360
     2.738
     2.863
     2.872
     3.056
     3.057
     2.860
     3.027
     1.780
     2.989
     2.851
     1.329
     1.244
     2.511
     2.822
     2.838
     2.505
     2.446
     2.636
     3.047
     2.773
     3.349
     3.164
     3.099
     3.354
     3.156
     2.907
     2.481
     3.209
     2.540
     1.846
     3.024
     2.886
     2.775
     2.761
     2.862
     2.883
     1.815
     2.710
     2.752
     2.996
     2.611
     2.783
     3.634
     2.671
     2.837
     3.331
     3.634
     2.710
     2.836
     1.354
     2.181
     2.719
     3.706
     3.139
     2.806
     2.754
     3.501
     2.742
     2.974
     2.835
     2.595
     1.918
     2.595
     3.444
     3.136
     2.831
     3.259
     4.052
     3.591
     2.828
     1.922
     3.534
     2.994
     1.271
     2.797
     2.592
     3.460
     3.045
     3.073
     3.130
     2.786
     3.605
     2.720
     2.566
     2.835
     3.321
     2.695
     2.835
     3.158
     2.061
     2.618
     3.824
     3.437
     3.416
     3.598
     2.530
     2.716
     3.319
     2.761
     3.960
     3.451
     2.748
     3.337
     2.002
     2.176
     2.584
     2.574
     3.431
     2.939
     2.861
     2.912
     3.389
     2.864
     2.528
     2.642
     3.122
     2.855
     2.932
     3.094
     2.737
     2.699
     2.772
     3.146
     2.782
     2.732
     2.565
     3.272
     3.471
     2.745
     3.395
     1.602
     3.276
     3.237
     2.789
     3.074
     2.879
     2.845
     2.812
     2.301
     2.975
     3.302
     3.387
     3.232
     1.754
     3.099
     1.906
     2.981
     2.789
     3.169
     2.739
     2.686
     3.638
     3.401
     2.815
     2.072
     3.059
     2.867
     3.944
     2.649
     3.350
     3.125
     2.956
     3.422
     2.909
     3.114
     3.432
     2.765
     3.071
     3.443
     2.725
     3.702
     3.054
     3.364
     2.840
     3.615
     2.759
     3.030
     3.304
     2.977
     2.733
     2.554
     2.771
     2.701
     2.697
     3.540
     2.619
     2.868
     1.104
     3.552
     3.143
     2.819
     1.615
     2.835
     3.332
     2.779
     1.660
     3.764
     2.910
     3.963
     2.760
     3.999
     2.090
     2.435
     3.211
     2.308
     3.572
     3.404
     3.204
     3.566
     2.831
     3.528
     2.691
     2.780
     3.025
     2.843
     2.335
     2.849
     2.674
     3.203
     2.559
     4.002
     2.954
     2.840
     2.655
     2.434
     1.498
     4.011
     2.447
     3.140
     3.370
     2.658
     3.023
     3.841
     2.951
     3.128
     2.806
     2.190
     3.736
     2.404
     3.375
     2.652
     2.798
     2.467
     2.831
     2.812
     2.518
     2.597
     2.948
     3.525
     1.438
     2.938
     2.731
     2.829
     2.700
     2.958
     2.847
     3.409
     2.811
     3.736
     2.928
     3.400
     2.633
     3.290
     2.275
     2.685
     2.751
     2.866
     2.727
     3.064
     3.664
     3.314
     2.741
     3.210
     3.311
     2.755
     2.606
     3.404
     2.604
     2.853
     2.703
     3.394
     3.398
     2.522
     3.396
     2.880
     0.951
     2.805
     2.537
     3.407
     2.918
     3.316
     3.121
     3.038
     3.086
     3.613
     2.793
     2.235
     2.075
     2.382
     2.660
     3.321
     2.775
     2.697
     2.689
     2.871
     2.721
     3.414
     2.964
     2.931
     3.125
     2.548
     3.421
     2.735
     2.997
     2.997
     2.896
     2.802
     2.820
     2.969
     2.839
     2.968
     2.704
     2.467
     2.247
     2.548
     2.620
     2.725
     2.646
     3.693
     2.829
     3.194
     2.327
     2.859
     3.690
     2.747
     3.162
     3.449
     3.952
     2.665
     2.106
     2.848
     2.886
     2.781
     3.239
     2.824
     3.363
     2.725
     3.033
     1.507
     2.741
     3.343
     2.739
     3.189
     2.853
     3.115
     2.871
     2.824
     3.564
     3.710
     2.729
     2.830
     3.642
     3.893
     1.763
     3.000
     3.253
     2.815
     2.912
     2.872
     2.768
     2.657
     2.730
     2.662
     1.483
     3.006
     2.604
     3.652
     2.841
     3.587
     3.898
     3.162
     2.631
     2.903
     3.014
     1.388
     2.712
     3.452
     3.668
     2.707
     2.996
     3.178
     3.379
     3.254
     2.698
     2.488
     3.111
     2.722
     3.273
     2.762
     3.482
     2.533
     0.993
     2.748
     2.955
     2.285
     3.204
     2.724
     2.718
     2.804
     3.239
     3.220
     3.225
     3.005
     2.889
     3.163
     2.525
     2.181
     3.114
     2.943
     3.747
     2.251
     2.195
     3.185
     3.290
     2.805
     2.593
     3.370
     1.949
     3.003
     2.964
     2.770
     2.839
     3.426
     3.568
     3.275
     3.252
     2.925
     3.396
     3.137
     2.758
     2.457
     2.783
     2.647
     2.726
     3.122
     0.781
     2.917
     3.338
     2.884
     3.127
     2.956
     2.960
     3.599
     3.600
     2.887
     2.899
     2.491
     1.620
     3.193
     2.421
     2.726
     2.568
     3.401
     3.726
     3.095
     2.844
     2.610
     2.030
     3.153
     2.789
     3.332
     2.559
     2.696
     2.497
     1.209
     2.550
     2.941
     2.756
     2.872
     3.521
     3.566
     3.230
     2.912
     2.539
     2.732
     2.767
     3.843
     2.682
     2.709
     2.880
     2.891
     2.893
     3.527
     3.526
     2.866
     2.854
     2.788
     2.570
     1.934
     2.698
     2.711
     3.169
     3.440
     2.612
     3.113
     3.487
     3.243
     1.847
     3.268
     1.343
     0.991
     2.666
     1.607
     2.564
     2.918
     3.234
     3.005
     1.733
     2.793
     3.000
     2.428
     2.878
     2.649
     2.822
     2.192
     3.111
     3.032
     3.051
     3.179
     3.103
     3.229
     2.881
     2.627
     3.557
     2.348
     3.109
     2.843
     2.627
     3.162
     2.705
     3.232
     3.201
     2.817
     2.798
     2.728
     2.954
     2.858
     2.750
     3.643
     3.825
     2.251
     2.810
     3.991
     2.756
     2.803
     2.078
     1.499
     2.635
     3.009
     2.714
     2.734
     2.474
     3.078
     2.256
     2.593
     3.525
     3.074
     2.750
     2.897
     2.708
     2.755
     2.824
     2.716
     2.179
     3.452
     3.450
     3.071
     3.547
     3.795
     2.774
     2.748
     2.810
     2.296
     3.266
     3.381
     2.401
     3.488
     2.471
     2.761
     2.387
     3.103
     2.868
     3.813
     2.803
     3.482
     3.174
     2.816
     2.773
     3.242
     2.766
     3.166
     2.961
     4.015
     2.740
     2.626
     2.845
     3.036
     3.502
     1.784
     3.163
     3.205
     2.852
     2.786
     1.167
     3.093
     3.304
     3.973
     3.019
     2.842
     3.218
     2.824
     2.688
     2.742
     2.762
     2.686
     2.834
     2.683
     3.676
     2.681
     2.892
     3.450
     2.852
     3.060
     2.999
     3.354
     3.423
     3.602
     2.615
     3.277
     2.863
     2.774
     2.756
     2.820
     2.696
     3.500
     2.689
     2.918
     1.478
     3.470
     3.539
     1.860
     2.987
     2.643
     3.261
     3.108
     3.234
     3.080
     2.857
     3.534
     2.782
     2.786
     2.874
     2.824
     2.734
     2.822
     2.487
     2.548
     3.566
     2.491
     2.571
     3.165
     1.605
     3.293
     2.732
     2.756
     3.088
     1.623
     3.340
     2.916
     3.373
     2.927
     2.674
     1.689
     2.776
     3.470
     2.791
     3.076
     3.298
     2.910
     2.855
     2.477
     2.896
     2.997
     2.944
     3.416
     1.965
     2.474
     2.723
     3.072
     3.082
     2.994
     2.946
     2.893
     2.805
     2.914
     2.832
     3.488
     3.051
     2.816
     1.156
     2.339
     2.855
     2.950
     2.869
     2.556
     2.979
     2.646
     1.594
     2.100
     3.382
     2.899
     3.069
     3.091
     1.418
     2.770
     3.171
     3.345
     1.842
     3.011
     2.791
     3.151
     3.094
     2.768
     3.887
     3.171
     2.747
     3.611
     2.810
     2.888
     2.559
     2.620
     1.373
     2.624
     3.659
     2.808
     3.480
     2.805
     2.223
     3.051
     2.713
     2.795
     2.874
     3.879
     3.185
     3.473
     2.857
     2.782
     2.890
     2.793
     2.192
     1.273
     3.749
     2.484
     2.383
     2.808
     3.014
     2.669
     2.725
     2.410
     2.800
     3.696
     3.203
     2.989
     2.803
     2.693
     3.544
     1.923
     2.472
     2.700
     3.308
     3.377
     3.036
     1.211
     3.065
     2.769
     2.309
     2.780
     2.904
     2.738
     2.865
     3.017
     2.899
     3.331
     3.255
     2.882
     3.009
     3.568
     2.911
     2.992
     3.786
     2.277
     3.228
     1.929
     3.392
     1.035
     2.761
     2.913
     2.637
     2.726
     2.702
     2.949
     3.131
     2.735
     2.777
     3.202
     2.970
     2.678
     2.844
     2.279
     3.345
     2.823
     3.032
     2.924
     2.884
     2.903
     2.813
     2.837
     3.438
     3.450
     3.766
     3.236
     2.786
     3.108
     3.122
     2.679
     2.617
     3.282
     2.922
     3.253
     3.114
     3.312
     2.054
     3.088
     3.751
     1.684
     3.684
     3.582
     3.453
     2.880
     4.066
     2.667
     2.793
     3.039
     2.702
     3.067
     3.102
     2.595
     3.159
     3.867
     2.933
     3.277
     2.860
     3.437
     2.862
     2.334
     2.816
     2.637
     2.544
     2.897
     2.839
     3.264
     3.064
     4.050
     2.981
     3.278
     2.566
     2.202
     1.700
     3.519
     2.821
     2.989
     1.773
     3.300
     3.250
     2.794
     2.505
     2.826
     2.831
     3.211
     2.719
     2.754
     2.758
     2.882
     2.941
     2.731
     3.482
     2.397
     3.365
     3.509
     3.129
     3.028
     3.333
     3.258
     2.548
     2.817
     2.719
     2.503
     1.972
     3.282
     3.088
     2.753
     2.968
     3.257
     2.432
     3.437
     2.539
     3.459
     2.397
     2.681
     2.927
     3.793
     2.504
     3.327
     3.592
     3.427
     2.803
     2.824
     2.974
     2.417
     2.867
     2.222
     3.038
     3.542
     3.240
     2.641
     2.932
     3.123
     2.816
     2.707
     3.037
     3.321
     3.415
     2.396
     2.983
     3.244
     3.067
     3.044
     2.892
     2.887
     2.687
     1.629
     2.756
     3.246
     1.328
     3.584
     2.531
     3.266
     2.981
     2.820
     2.905
     3.083
     2.884
     2.924
     2.795
     2.820
     2.908
     2.250
     1.586
     2.731
     2.144
     3.116
     2.843
     3.035
     2.067
     2.807
     2.868
     2.743
     3.318
     2.764
     2.839
     3.794
     3.522
     2.843
     2.750
     2.759
     1.074
     3.724
     3.138
     3.642
     3.615
     2.980
     2.897
     2.801
     2.954
     2.843
     2.945
     2.445
     2.729
     2.528
     3.055
     1.223
     4.048
     2.956
     2.953
     2.869
     2.951
     3.288
     2.798
     2.793
     2.376
     2.777
     2.707
     2.807
     3.253
     4.016
     2.965
     2.582
     2.995
     2.731
     2.898
     2.744
     3.081
     2.137
     2.858
     3.276
     3.401
     2.003
     1.716
     3.036
     2.992
     2.022
     3.216
     3.593
     3.283
     2.724
     3.249
     2.683
     3.284
     3.433
     2.990
     2.379
     3.164
     2.927
     3.590
     1.561
     2.980
     2.598
     2.796
     2.562
     2.742
     1.719
     3.235
     2.332
     3.106
     2.667
     2.448
     2.716
     2.801
     2.834
     1.713
     3.931
     2.945
     3.048
     2.645
     2.810
     3.271
     2.962
     2.977
     2.241
     3.033
     2.517
     2.529
     3.268
     2.331
     2.244
     3.575
     2.722
     3.162
     3.047
     2.317
     3.352
     2.780
     2.504
     2.844
     2.848
     2.764
     2.973
     2.584
     2.839
     3.210
     2.646
     2.905
     2.751
     3.283
     3.395
     2.782
     3.357
     3.263
     3.285
     2.835
     2.063
     3.086
     2.670
     2.790
     2.802
     1.930
     3.911
     2.432
     2.926
     3.186
     2.754
     2.237
     2.810
     3.263
     3.091
     2.773
     2.137
     3.197
     3.859
     2.742
     2.812
     2.902
     3.400
     2.751
     1.517
     3.346
     2.556
     2.203
     3.697
     2.111
     3.276
     2.523
     3.452
     1.698
     3.325
     2.582
     2.766
     2.815
     4.060
     3.490
     2.901
     2.768
     3.088
     3.344
     2.801
     2.888
     3.093
     2.700
     1.375
     3.177
     2.754
     2.862
     3.380
     3.988
     2.721
     3.170
     2.771
     1.768
     2.756
     2.448
     3.338
     2.352
     2.574
     2.350
     2.968
     2.832
     3.471
     2.885
     2.858
     3.270
     2.930
     2.784
     3.212
     2.739
     3.513
     2.741
     3.723
     1.802
     2.371
     2.663
     2.674
     2.871
     2.795
     1.571
     3.407
     2.740
     2.679
     2.857
     2.960
     2.815
     2.723
     2.092
     3.166
     2.673
     3.421
     2.750
     2.925
     2.614
     3.136
     0.964
     3.175
     2.710
     3.073
     3.166
     2.950
     2.318
     2.971
     4.017
     3.504
     2.597
     1.508
     3.116
     2.840
     2.822
     3.152
     3.852
     2.742
     3.008
     2.242
     2.760
     3.879
     3.224
     3.355
     2.946
     2.702
     2.816
     3.951
     3.124
     3.243
     3.321
     3.267
     3.366
     2.921
     2.460
     3.593
     2.920
     3.371
     1.183
     2.647
     3.095
     2.876
     2.752
     2.961
     2.373
     3.212
     3.409
     2.824
     2.852
     2.686
     3.364
     3.058
     3.232
     2.717
     2.945
     3.689
     2.783
     3.450
     3.272
     2.749
     2.408
     3.735
     2.871
     2.802
     3.062
     2.722
     2.735
     1.661
     2.853
     3.434
     2.555
     3.144
     2.934
     2.705
     3.513
     2.750
     2.813
     3.349
     3.046
     2.037
     3.593
     2.735
     2.294
     2.810
     2.642
     3.879
     3.303
     2.980
     2.904
     2.482
     2.769
     2.849
     3.489
     3.213
     2.866
     2.890
     3.141
     2.867
     2.622
     2.776
     3.494
     2.831
     2.868
     3.392
     2.815
     2.809
     3.999
     3.401
     2.681
     2.911
     2.714
     3.131
     2.736
     2.619
     2.871
     3.606
     3.070
     3.053
     2.972
     2.781
     2.778
     3.304
     3.085
     3.238
     2.726
     1.391
     4.062
     1.955
     1.168
     3.002
     2.347
     3.759
     2.588
     3.449
     2.303
     3.002
     2.839
     2.248
     3.008
     2.814
     3.036
     2.830
     3.142
     3.197
     3.754
     2.737
     3.850
     3.376
     3.013
     3.497
     3.525
     2.858
     2.234
     2.224
     3.046
     2.797
     2.864
     2.505
     1.230
     2.733
     2.986
     3.157
     2.893
     2.866
     2.603
     1.823
     2.883
     2.913
     1.771
     1.983
     3.410
     3.242
     2.765
     2.882
     2.696
     3.030
     1.482
     1.994
     2.565
     3.342
     2.791
     1.117
     2.750
     3.202
     3.329
     2.829
     2.723
     2.640
     3.533
     2.848
     3.715
     3.135
     3.431
     3.451
     2.648
     2.790
     2.347
     2.686
     3.530
     2.838
     2.932
     3.051
     3.764
     2.930
     3.188
     3.527
     2.890
     2.686
     2.715
     3.119
     3.480
     2.862
     2.889
     1.944
     3.277
     3.283
     2.898
     2.765
     2.713
     3.446
     3.601
     2.824
     3.398
     2.983
     2.397
     2.508
     2.822
     2.508
     3.353
     2.764
     3.285
     3.371
     2.548
     1.842
     2.722
     2.925
     2.760
     2.788
     3.156
     2.836
     2.683
     2.455
     2.936
     2.846
     2.536
     3.131
     2.980
     2.109
     3.013
     2.701
     2.853
     3.184
     2.733
     2.820
     3.326
     2.721
     3.573
     2.688
     2.958
     3.598
     3.754
     2.867
     2.785
     3.257
     2.686
     3.120
     3.052
     2.776
     2.356
     2.299
     3.255
     3.547
     2.880
     3.188
     2.774
     2.771
     2.737
     2.873
     2.950
     2.898
     3.561
     1.890
     3.291
     3.122
     2.172
     2.715
     2.974
     2.704
     2.739
     2.889
     2.633
     3.185
     3.039
     2.891
     1.881
     2.825
     2.757
     2.430
     2.429
     2.849
     3.283
     2.639
     2.643
     3.352
     2.729
     2.591
     3.606
     3.350
     3.623
     2.753
     2.539
     3.350
     2.411
     2.776
     3.496
     2.906
     3.482
     3.400
     2.887
     3.744
     1.520
     3.172
     2.933
     2.829
     3.456
     2.878
     2.886
     0.767
     2.059
     3.256
     3.044
     2.276
     3.291
     2.709
     2.775
     3.059
     3.088
     2.780
     2.667
     3.277
     3.314
     3.075
     1.027
     2.845
     2.193
     3.965
     2.931
     2.712
     2.803
     2.960
     1.716
     2.840
     2.791
     1.981
     3.028
     2.904
     2.918
     2.915
     2.582
     2.940
     2.468
     2.755
     2.700
     2.978
     2.647
     2.712
     3.412
     1.841
     3.319
     3.241
     3.033
     2.844
     2.806
     2.726
     2.091
     3.163
     3.622
     2.976
     3.823
     3.702
     2.869
     2.629
     3.171
     1.195
     2.671
     2.364
     2.750
     3.011
     3.068
     2.356
     2.733
     3.402
     2.895
     2.552
     3.531
     2.491
     2.169
     2.801
     3.298
     2.841
     2.843
     2.972
     2.912
     2.784
     3.163
     2.381
     3.360
     1.871
     3.342
     3.177
     2.960
     2.526
     3.221
     3.050
     2.756
     2.557
     3.099
     3.033
     3.562
     2.690
     1.164
     2.868
     3.498
     3.904
     2.703
     3.128
     2.894
     2.984
     2.770
     2.103
     3.487
     2.873
     3.356
     2.984
     3.404
     2.241
     3.274
     2.845
     3.097
     2.680
     2.963
     3.722
     3.102
     3.271
     2.955
     1.715
     2.938
     3.173
     2.974
     3.000
     3.047
     3.205
     2.593
     2.772
     2.841
     2.353
     1.227
     2.638
     2.929
     2.327
     3.146
     3.076
     2.938
     3.203
     2.854
     3.195
     1.758
     3.251
     3.108
     2.796
     3.024
     3.032
     2.897
     3.716
     3.094
     2.767
     2.347
     1.985
     2.938
     3.650
     2.742
     2.461
     2.478
     2.629
     3.224
     3.099
     3.456
     1.559
     3.277
     3.109
     2.899
     2.827
     1.663
     1.068
     2.901
     3.467
     2.944
     2.614
     3.672
     2.774
     3.252
     1.972
     2.797
     3.322
     2.722
     2.387
     2.652
     2.782
     3.165
     1.571
     3.611
     3.058
     3.032
     2.114
     2.320
     3.416
     2.897
     2.604
     2.613
     3.192
     3.190
     3.111
     2.757
     3.911
     3.321
     2.951
     2.818
     1.547
     3.324
     3.127
     2.902
     2.426
     3.703
     2.746
     2.542
     1.780
     2.777
     2.656
     3.387
     3.296
     2.859
     2.934
     2.849
     3.220
     1.483
     2.743
     2.125
     3.157
     3.010
     3.457
     2.765
     1.047
     2.180
     1.382
     2.810
     2.764
     2.813
     2.955
     2.260
     2.192
     2.259
     3.397
     2.934
     3.498
     3.001
     1.243
     3.032
     3.096
     2.723
     2.797
     3.010
     3.431
     2.817
     3.115
     2.679
     3.236
     1.849
     2.296
     3.402
     3.441
     2.699
     2.663
     3.342
     3.153
     3.110
     3.206
     3.242
     2.311
     2.687
     2.911
     2.662
     2.705
     2.521
     3.638
     3.816
     3.185
     2.653
     2.859
     2.723
     2.764
     2.748
     3.205
     2.679
     3.360
     2.427
     1.103
     3.096
     2.953
     2.584
     2.416
     3.093
     2.696
     2.852
     2.331
     2.828
     2.643
     2.502
     2.721
     2.734
     3.487
     2.617
     2.967
     3.756
     3.690
     3.848
     3.496
     2.746
     3.031
     2.857
     2.761
     2.973
     2.741
     2.576
     3.031
     2.616
     2.689
     3.516
     2.873
     2.704
     2.803
     1.977
     2.842
     2.872
     2.916
     2.769
     2.754
     2.699
     3.450
     3.576
     2.986
     2.887
     2.246
     3.053
     1.941
     2.919
     3.058
     3.434
     3.655
     2.940
     2.663
     2.316
     3.546
     3.006
     3.428
     3.793
     2.876
     2.945
     3.239
     2.965
     2.440
     3.018
     2.174
     2.685
     3.073
     2.837
     2.554
     3.330
     2.806
     3.370
     2.988
     2.862
     2.998
     3.406
     3.373
     2.950
     2.829
     2.674
     2.801
     2.505
     3.308
     2.686
     3.184
     2.899
     3.221
     3.135
     3.107
     3.305
     2.827
     3.103
     2.290
     3.649
     2.026
     2.853
     3.261
     2.927
     3.454
     2.238
     2.785
     3.483
     3.535
     3.308
     2.471
     3.365
     2.788
     2.506
     1.601
     3.402
     3.447
     3.427
     2.602
     2.722
     3.514
     3.682
     3.372
     1.763
     3.049
     3.004
     3.000
     3.904
     2.868
     2.295
     3.031
     2.837
     2.581
     3.007
     1.151
     3.640
     2.848
     1.329
     3.579
     2.848
     3.106
     2.910
     3.076
     3.122
     2.821
     2.452
     3.313
     1.778
     2.908
     3.456
     2.646
     3.365
     2.852
     1.437
     3.003
     3.147
     2.774
     2.839
     2.657
     3.431
     3.240
     3.101
     2.846
     3.806
     2.883
     3.081
     1.128
     2.435
     3.883
     1.503
     3.024
     2.815
     3.101
     3.049
     3.338
     1.492
     3.671
     3.543
     2.769
     3.360
     2.816
     3.136
     3.194
     3.114
     4.069
     2.579
     3.026
     2.838
     2.531
     3.098
     2.754
     3.372
     2.830
     2.723
     2.969
     2.761
     2.309
     2.814
     2.723
     2.554
     2.801
     3.256
     2.290
     3.159
     3.507
     2.797
     1.560
     1.910
     3.183
     2.372
     3.889
     3.008
     2.492
     2.810
     3.013
     3.442
     2.783
     3.092
     3.540
     2.579
     3.433
     2.714
     2.725
     3.460
     2.541
     2.275
     2.900
     3.696
     1.271
     2.731
     2.103
     3.328
     2.448
     2.781
     2.674
     3.193
     4.061
     2.289
     2.499
     3.353
     1.673
     3.920
     2.788
     3.234
     3.140
     3.418
     3.370
     2.945
     2.918
     3.509
     3.679
     2.927
     3.258
     2.602
     3.332
     2.737
     2.948
     2.998
     3.170
     1.600
     3.442
     2.782
     2.743
     3.246
     3.175
     3.116
     3.441
     2.788
     1.843
     2.888
     2.741
     3.403
     2.730
     2.686
     2.705
     2.970
     3.514
     3.271
     2.306
     2.751
     2.853
     1.797
     3.030
     2.755
     3.107
     2.770
     2.021
     2.975
     2.306
     2.744
     2.909
     2.936
     2.927
     2.869
     2.798
     3.416
     2.704
     2.756
     2.814
     2.724
     2.924
     2.717
     3.158
     1.749
     3.458
     2.788
     3.310
     3.388
     2.009
     2.226
     3.368
     2.853
     2.419
     2.879
     2.807
     2.882
     2.344
     1.797
     3.306
     2.771
     2.769
     3.231
     2.755
     3.103
     3.119
     3.220
     1.250
     2.758
     3.095
     2.788
     1.630
     0.936
     1.807
     3.148
     2.718
     3.112
     2.838
     3.560
     2.730
     2.874
     3.638
     2.916
     3.233
     2.893
     3.609
     2.680
     3.124
     3.281
     3.640
     3.865
     2.965
     3.000
     2.897
     2.774
     2.661
     3.180
     2.693
     3.121
     2.856
     2.599
     2.832
     2.750
     3.402
     3.176
     2.867
     2.763
     3.593
     2.009
     3.326
     2.642
     2.328
     2.905
     2.833
     2.377
     3.504
     2.739
     3.425
     3.015
     3.867
     2.666
     3.344
     3.044
     3.389
     3.313
     3.113
     2.799
     2.881
     3.122
     2.494
     3.029
     3.041
     3.100
     3.019
     3.454
     3.142
     3.223
     2.615
     2.792
     3.277
     2.780
     2.642
     3.013
     2.984
     3.357
     3.298
     3.328
     2.713
     3.688
     3.309
     2.715
     3.605
     2.944
     3.109
     3.447
     3.189
     2.690
     1.799
     3.083
     1.641
     3.373
     3.417
     2.910
     2.166
     2.097
     2.694
     3.521
     2.966
     3.242
     3.096
     3.434
     2.678
     3.064
     2.044
     3.539
     2.770
     2.784
     2.841
     2.985
     2.594
     3.035
     2.895
     2.491
     3.049
     2.793
     3.318
     2.783
     3.500
     2.589
     2.971
     3.442
     2.521
     3.025
     3.820
     2.429
     2.405
     3.186
     2.633
     3.531
     2.873
     3.078
     2.864
     2.762
     3.083
     2.838
     2.824
     2.894
     3.024
     3.880
     3.397
     1.438
     3.342
     3.729
     2.848
     2.867
     3.358
     3.326
     2.732
     2.878
     3.299
     3.197
     2.769
     2.687
     2.808
     3.082
     3.074
     3.240
     2.206
     2.882
     3.092
     2.886
     1.509
     2.668
     3.098
     2.573
     3.251
     2.848
     2.889
     2.154
     2.464
     3.593
     2.984
     2.504
     2.772
     1.827
     2.199
     2.817
     2.626
     2.765
     2.985
     3.243
     3.331
     2.664
     2.694
     2.006
     2.839
     2.717
     3.966
     3.916
     2.866
     2.716
     3.189
     2.401
     1.366
     3.097
     3.195
     3.476
     1.295
     1.604
     2.827
     2.828
     3.319
     3.034
     1.553
     2.426
     2.774
     3.000
     3.363
     2.562
     1.532
     3.310
     2.474
     3.081
     2.972
     2.542
     3.062
     2.898
     2.869
     3.061
     1.899
     2.756
     2.555
     3.269
     1.802
     3.327
     1.700
     2.529
     1.644
     2.767
     3.393
     3.054
     2.470
     2.705
     3.335
     2.749
     2.623
     3.067
     2.624
     1.651
     1.746
     2.742
     3.407
     1.978
     2.592
     2.468
     3.339
     3.566
     2.807
     2.669
     2.291
     2.734
     3.430
     2.914
     3.182
     2.783
     3.222
     3.210
     3.187
     1.679
     2.487
     3.634
     2.535
     3.048
     2.422
     2.731
     3.057
     2.414
     2.824
     2.764
     3.316
     2.804
     1.503
     3.345
     2.281
     1.906
     2.672
     3.807
     2.568
     2.736
     2.805
     3.058
     1.942
     3.245
     3.357
     3.428
     2.752
     2.773
     2.839
     1.061
     2.742
     3.438
     2.611
     2.807
     1.742
     2.776
     2.813
     2.843
     2.952
     2.748
     2.921
     3.371
     2.933
     2.925
     2.754
     3.347
     3.621
     3.593
     3.389
     2.872
     2.596
     2.754
     2.324
     3.709
     3.314
     2.562
     3.365
     3.063
     3.139
     2.836
     4.073
     3.691
     2.935
     3.101
     2.644
     3.098
     3.202
     3.085
     2.627
     3.350
     3.440
     3.107
     2.556
     3.414
     2.282
     1.557
     2.820
     3.316
     3.035
     3.492
     2.825
     3.293
     3.191
     3.445
     2.866
     2.438
     2.468
     3.475
     3.381
     3.028
     3.290
     2.970
     2.908
     1.843
     2.777
     2.689
     3.047
     3.791
     3.345
     3.143
     3.133
     2.288
     2.746
     2.368
     3.075
     3.633
     1.761
     3.071
     3.226
     3.068
     3.268
     2.856
     3.228
     3.312
     3.530
     3.283
     2.955
     2.961
     2.845
     3.028
     2.776
     3.013
     2.653
     3.037
     3.005
     1.971
     2.596
     2.799
     2.362
     3.870
     1.973
     2.784
     2.749
     3.077
     2.930
     2.702
     2.799
     3.310
     2.419
     3.086
     3.051
     2.852
     3.547
     3.586
     1.998
     2.155
     3.250
     3.269
     3.329
     2.948
     2.876
     3.421
     3.499
     3.045
     2.845
     3.310
     2.777
     2.691
     3.310
     3.141
     3.206
     3.300
     2.827
     0.983
     3.496
     3.003
     2.605
     2.722
     2.935
     1.096
     3.484
     2.914
     1.445
     2.519
     2.790
     2.631
     3.081
     2.810
     3.848
     2.686
     3.084
     2.805
     2.763
     3.602
     0.853
     2.419
     3.054
     3.153
     3.096
     3.170
     2.876
     2.865
     2.674
     2.573
     3.663
     2.951
     2.648
     2.771
     2.645
     2.989
     2.930
     2.609
     3.138
     2.691
     2.819
     3.342
     2.569
     2.732
     3.632
     3.321
     3.109
     2.751
     3.007
     3.114
     2.816
     3.275
     3.011
     2.707
     3.533
     2.889
     2.750
     3.402
     3.306
     3.248
     2.997
     2.728
     2.638
     2.530
     3.089
     2.799
     2.760
     3.760
     3.477
     2.952
     2.853
     3.325
     2.536
     2.550
     2.538
     1.863
     2.188
     3.590
     3.576
     3.570
     3.738
     2.055
     1.280
     3.456
     2.944
     2.742
     2.922
     2.847
     3.243
     3.162
     2.652
     1.872
     2.646
     3.087
     1.912
     2.767
     3.025
     2.832
     2.724
     3.472
     2.830
     3.713
     3.332
     2.141
     3.261
     3.067
     3.246
     1.828
     3.385
     2.795
     3.355
     2.714
     2.368
     2.693
     2.689
     2.365
     3.351
     3.494
     3.368
     1.973
     2.586
     2.860
     2.701
     2.797
     0.964
     3.441
     2.531
     2.863
     3.332
     3.927
     2.805
     3.355
     2.909
     1.947
     2.943
     2.997
     2.952
     2.893
     2.798
     2.831
     2.781
     2.769
     2.468
     2.534
     3.398
     2.782
     2.774
     3.315
     1.634
     2.702
     3.025
     2.988
     3.432
     3.140
     3.369
     3.126
     3.583
     2.480
     2.937
     2.711
     3.254
     2.795
     2.519
     2.663
     3.273
     2.915
     2.961
     1.834
     2.818
     3.962
     3.425
     2.500
     3.140
     3.166
     3.349
     2.628
     3.828
     2.810
     2.075
     2.864
     3.291
     2.538
     1.641
     3.343
     1.743
     2.845
     2.866
     2.720
     1.061
     3.495
     2.838
     2.734
     2.869
     3.290
     2.463
     2.712
     2.818
     3.406
     2.880
     2.906
     2.728
     1.639
     2.887
     2.733
     3.173
     2.633
     2.882
     2.795
     3.160
     3.156
     2.169
     3.344
     3.206
     2.779
     3.186
     2.899
     3.366
     3.313
     2.773
     2.793
     3.060
     2.760
     2.817
     2.510
     2.894
     2.874
     2.345
     2.775
     3.528
     3.155
     2.583
     2.843
     3.545
     3.119
     2.843
     2.019
     3.393
     2.877
     2.176
     2.703
     3.239
     2.842
     3.115
     3.030
     3.417
     3.245
     3.206
     2.531
     3.696
     2.832
     2.698
     3.434
     3.382
     3.305
     3.374
     3.479
     2.950
     2.771
     3.218
     1.586
     3.077
     3.388
     3.442
     3.846
     2.169
     3.444
     2.762
     2.797
     3.292
     1.654
     2.676
     3.400
     2.819
     3.222
     2.831
     2.861
     3.242
     3.418
     2.923
     2.423
     3.291
     3.005
     2.760
     3.030
     1.272
     2.738
     3.116
     3.024
     3.506
     2.872
     2.619
     2.925
     2.911
     2.973
     2.833
     2.648
     3.552
     2.873
     2.704
     2.709
     2.774
     3.303
     2.805
     2.630
     2.910
     2.545
     2.807
     3.806
     3.465
     2.749
     2.463
     3.238
     3.210
     3.547
     3.438
     1.037
     1.729
     2.979
     2.920
     2.828
     1.456
     2.442
     3.279
     3.263
     2.897
     3.080
     1.845
     3.304
     2.404
     3.236
     3.057
     2.862
     2.891
     2.798
     2.829
     2.956
     3.086
     3.357
     2.861
     2.793
     3.585
     1.827
     3.578
     3.232
     2.617
     2.774
     2.692
     3.289
     2.830
     2.618
     2.748
     2.650
     2.879
     2.949
     3.754
     3.587
     2.648
     1.561
     2.815
     3.404
     2.893
     3.179
     2.839
     3.329
     3.059
     2.908
     2.902
     3.491
     3.206
     3.254
     3.379
     2.774
     2.991
     2.995
     3.597
     3.452
     3.387
     2.776
     3.126
     2.300
     2.866
     1.324
     3.169
     3.230
     2.859
     2.678
     2.671
     2.831
     3.895
     2.790
     3.114
     2.985
     3.084
     1.495
     2.799
     3.883
     2.835
     3.452
     3.215
     3.745
     3.081
     3.728
     3.284
     1.678
     1.556
     2.695
     2.871
     3.425
     3.397
     2.655
     2.843
     2.903
     2.717
     3.329
     3.384
     2.403
     3.250
     2.947
     3.058
     3.482
     2.523
     2.611
     3.252
     3.490
     1.678
     2.809
     2.714
     3.108
     3.140
     0.818
     1.987
     3.420
     2.675
     2.815
     2.774
     3.195
     3.063
     2.864
     2.650
     3.568
     3.231
     2.617
     2.596
     2.816
     2.788
     2.818
     3.248
     3.435
     3.100
     3.339
     3.862
     2.758
     2.772
     2.251
     3.289
     3.000
     2.830
     3.436
     2.865
     2.985
     2.287
     2.526
     2.808
     2.825
     2.364
     2.901
     3.194
     2.747
     1.267
     2.803
     3.164
     2.337
     2.744
     2.711
     2.713
     3.257
     2.839
     3.744
     3.065
     3.211
     1.503
     3.345
     3.252
     2.602
     3.129
     2.862
     3.223
     2.643
     3.296
     2.565
     3.021
     3.245
     2.656
     3.334
     2.934
     2.832
     2.851
     3.537
     3.587
     3.366
     2.893
     2.314
     2.881
     3.227
     3.350
     2.689
     2.858
     2.750
     3.445
     2.786
     2.985
     3.142
     3.514
     3.015
     3.397
     3.178
     3.008
     2.818
     2.826
     2.906
     2.721
     2.859
     2.847
     2.988
     2.515
     3.877
     1.360
     3.457
     3.039
     1.331
     2.632
     3.232
     3.475
     3.357
     3.269
     2.875
     3.048
     3.105
     3.289
     3.506
     3.241
     3.068
     3.156
     2.477
     2.943
     3.050
     3.322
     2.845
     3.290
     2.698
     3.090
     2.758
     1.836
     3.018
     3.027
     2.810
     1.414
     2.700
     2.763
     2.769
     2.821
     2.651
     2.877
     2.798
     2.774
     3.407
     3.240
     2.822
     2.306
     1.791
     2.738
     2.757
     3.436
     2.802
     2.499
     3.343
     2.828
     2.447
     2.622
     3.318
     2.855
     2.939
     2.741
     2.752
     2.823
     3.325
     3.195
     3.461
     2.161
     3.474
     3.347
     2.838
     3.278
     3.193
     2.819
     2.804
     2.731
     3.266
     3.264
     2.666
     3.214
     1.646
     1.292
     3.173
     2.810
     2.803
     2.659
     2.794
     2.868
     3.170
     2.829
     1.532
     4.010
     2.997
     2.926
     2.892
     2.220
     3.752
     2.602
     2.925
     3.251
     2.734
     2.881
     3.191
     3.377
     3.596
     2.743
     2.779
     2.935
     2.668
     2.014
     2.616
     3.402
     2.885
     2.864
     2.846
     2.792
     2.724
     2.374
     2.577
     2.542
     2.970
     3.394
     2.824
     3.129
     2.946
     3.490
     3.514
     2.787
     3.226
     3.327
     2.963
     2.878
     3.003
     2.289
     2.319
     3.139
     3.327
     2.898
     2.816
     2.638
     3.266
     3.108
     2.648
     2.663
     2.454
     2.682
     2.850
     1.407
     3.006
     2.392
     3.292
     3.494
     2.622
     2.421
     2.774
     3.305
     3.805
     3.453
     3.088
     2.378
     2.188
     3.299
     3.220
     3.237
     2.941
     3.119
     2.890
     2.342
     3.051
     2.994
     3.067
     3.195
     2.721
     2.874
     2.687
     3.131
     3.385
     2.499
     1.667
     3.220
     2.584
     2.672
     2.788
     2.842
     2.795
     2.898
     3.245
     3.152
     3.383
     3.234
     3.386
     2.757
     2.583
     0.787
     2.793
     1.642
     2.899
     2.551
     2.487
     3.219
     2.617
     3.284
     3.206
     3.917
     2.737
     3.408
     2.752
     2.938
     2.743
     0.717
     2.646
     3.041
     3.202
     2.165
     2.799
     3.604
     2.677
     2.708
     2.933
     3.114
     3.001
     2.785
     3.673
     3.717
     2.554
     2.986
     3.234
     3.904
     2.654
     2.893
     2.732
     2.700
     2.725
     2.846
     2.968
     2.855
     2.248
     2.743
     3.141
     2.778
     1.589
     2.634
     3.256
     2.440
     2.840
     3.304
     2.768
     2.810
     3.462
     3.457
     2.734
     3.102
     3.115
     3.370
     2.565
     3.418
     2.579
     2.861
     2.486
     2.882
     2.821
     3.293
     2.801
     3.173
     3.090
     2.943
     3.054
     2.962
     3.235
     2.802
     2.921
     2.387
     3.590
     2.871
     2.606
     3.100
     3.023
     3.132
     3.070
     3.401
     2.699
     1.539
     2.841
     2.944
     2.881
     2.903
     2.881
     2.882
     3.189
     1.819
     1.038
     3.505
     2.536
     3.251
     3.104
     2.768
     2.944
     2.469
     2.739
     2.618
     3.146
     3.711
     2.368
     3.057
     2.857
     1.706
     3.233
     2.529
     3.070
     3.828
     3.411
     2.948
     2.630
     3.308
     2.359
     2.799
     3.447
     3.756
     3.478
     2.841
     2.708
     3.394
     2.865
     2.262
     2.984
     3.582
     2.715
     2.866
     3.319
     2.188
     2.757
     2.998
     2.862
     4.011
     1.406
     2.722
     2.933
     3.096
     2.915
     3.191
     2.055
     2.939
     2.420
     2.102
     3.053
     2.604
     3.375
     3.551
     3.829
     3.132
     1.344
     2.644
     2.711
     2.832
     3.601
     3.360
     3.514
     2.311
     3.682
     2.552
     3.389
     2.762
     3.279
     3.373
     2.213
     3.406
     2.775
     3.163
     3.042
     2.021
     3.674
     3.119
     2.508
     2.668
     2.808
     2.511
     3.720
     2.341
     3.252
     2.776
     2.636
     2.551
     3.535
     2.713
     2.819
     3.946
     2.223
     2.718
     3.330
     2.995
     2.746
     2.501
     1.635
     1.597
     2.529
     3.353
     3.319
     2.605
     2.771
     3.613
     2.898
     2.724
     2.976
     2.733
     1.596
     2.796
     1.106
     2.843
     3.366
     2.729
     3.045
     2.626
     2.832
     1.488
     2.672
     3.460
     2.714
     2.626
     3.540
     3.061
     2.929
     3.057
     3.687
     2.509
     3.263
     2.819
     2.891
     3.522
     2.814
     2.153
     2.495
     2.590
     3.033
     3.150
     2.813
     1.653
     2.554
     3.418
     2.628
     3.651
     2.630
     2.748
     2.911
     2.922
     3.194
     2.754
     3.376
     2.915
     3.410
     2.664
     3.001
     3.104
     3.137
     2.451
     3.462
     3.115
     1.793
     3.837
     3.930
     2.926
     2.403
     3.188
     3.167
     2.322
     2.814
     3.144
     2.931
     2.247
     3.143
     2.783
     2.910
     3.103
     3.064
     2.745
     2.738
     2.801
     3.120
     2.855
     3.315
     2.446
     2.566
     3.153
     2.495
     2.630
     2.728
     2.640
     3.529
     2.919
     3.148
     2.716
     2.742
     2.874
     3.270
     2.872
     2.758
     2.146
     2.914
     2.689
     3.305
     2.570
     2.327
     2.996
     2.890
     3.380
     2.631
     3.112
     3.265
     3.298
     1.955
     2.879
     3.128
     2.927
     3.027
     1.062
     3.195
     1.159
     2.913
     2.789
     2.147
     2.799
     3.000
     3.173
     2.753
     2.655
     3.340
     2.970
     1.865
     2.836
     0.991
     3.372
     2.862
     3.236
     2.767
     2.466
     2.604
     3.440
     3.379
     3.382
     2.764
     3.809
     3.451
     2.605
     2.722
     3.539
     3.858
     2.651
     3.518
     2.011
     3.002
     2.706
     1.644
     2.606
     3.113
     3.009
     2.570
     3.151
     3.541
     3.339
     3.556
     3.322
     2.231
     2.659
     1.620
     3.051
     3.096
     2.801
     2.977
     2.663
     3.110
     3.038
     3.293
     2.935
     2.243
     2.945
     2.829
     3.127
     3.124
     2.503
     2.462
     3.477
     2.726
     3.325
     2.831
     2.819
     2.840
     3.486
     1.923
     2.770
     2.915
     2.854
     2.818
     3.425
     2.716
     2.873
     3.249
     2.716
     2.703
     2.802
     2.981
     2.792
     1.852
     2.862
     2.454
     3.361
     2.236
     2.517
     1.901
     2.180
     2.760
     2.196
     3.083
     2.819
     3.347
     3.332
     3.810
     2.690
     2.635
     3.058
     2.468
     2.800
     2.528
     2.949
     3.460
     2.045
     2.753
     2.556
     3.640
     3.682
     2.891
     2.707
     2.701
     2.667
     2.588
     2.792
     3.182
     3.309
     3.220
     2.974
     2.741
     3.587
     2.935
     3.099
     2.570
     3.089
     2.750
     2.678
     2.741
     3.112
     2.979
     2.787
     2.804
     2.671
     3.013
     2.979
     2.076
     3.111
     3.568
     2.960
     2.460
     2.811
     2.812
     3.715
     2.754
     2.867
     2.914
     3.580
     3.268
     2.805
     2.694
     2.748
     2.825
     3.976
     3.248
     2.507
     2.650
     2.326
     3.165
     3.215
     3.607
     2.800
     2.734
     3.092
     2.722
     3.390
     3.078
     3.016
     2.585
     2.713
     3.522
     3.758
     2.530
     2.479
     2.720
     2.420
     2.889
     3.326
     3.937
     3.878
     2.709
     2.896
     2.871
     2.716
     2.800
     1.769
     2.527
     3.401
     2.925
     3.342
     2.524
     2.808
     2.808
     2.829
     1.921
     2.747
     1.915
     3.371
     1.945
     3.030
     3.046
     2.793
     3.308
     2.811
     3.081
     3.058
     2.757
     2.886
     3.340
     2.965
     2.604
     2.391
     2.644
     2.700
     3.079
     2.625
     1.879
     3.287
     2.947
     2.983
     2.495
     3.556
     2.683
     2.836
     2.908
     2.785
     3.612
     2.871
     1.990
     2.875
     1.121
     2.256
     2.757
     3.482
     2.712
     2.787
     2.671
     3.269
     3.097
     2.728
     2.572
     3.360
     2.766
     2.800
     2.941
     3.167
     1.930
     2.854
     2.821
     2.863
     2.815
     2.175
     2.913
     3.549
     3.369
     2.601
     2.657
     3.363
     3.180
     2.669
     2.999
     3.158
     2.800
     3.684
     1.405
     2.527
     3.262
     2.711
     2.728
     3.126
     2.826
     3.244
     2.811
     2.703
     3.396
     2.765
     2.837
     2.788
     2.892
     2.894
     3.033
     2.657
     3.480
     2.733
     1.714
     2.799
     1.131
     3.053
     2.977
     3.290
     3.094
     2.862
     2.769
     2.489
     2.673
     2.766
     2.763
     2.776
     3.424
     3.079
     2.822
     3.078
     3.396
     2.614
     2.873
     2.691
     2.495
     2.884
     2.872
     3.611
     3.382
     3.375
     2.352
     2.752
     3.134
     2.885
     3.112
     2.725
     2.971
     2.901
     2.702
     2.119
     3.425
     2.817
     3.365
     2.964
     2.752
     2.255
     2.718
     2.986
     3.020
     2.660
     2.809
     2.616
     3.304
     2.792
     3.563
     2.780
     3.415
     3.319
     2.711
     2.747
     3.228
     1.125
     3.293
     2.739
     3.172
     3.136
     2.228
     2.775
     2.666
     2.774
     2.799
     3.248
     2.104
     3.345
     2.989
     2.671
     3.305
     2.422
     3.103
     2.940
     3.463
     3.554
     3.448
     3.336
     2.667
     3.694
     2.782
     2.794
     3.023
     3.091
     2.953
     2.922
     2.988
     2.837
     2.695
     2.879
     3.382
     2.810
     3.056
     3.035
     2.798
     2.268
     3.312
     3.442
     3.085
     3.188
     3.989
     3.818
     3.144
     2.853
     2.659
     3.918
     1.842
     3.391
     2.672
     2.847
     2.810
     3.120
     2.768
     3.309
     2.840
     3.111
     2.215
     2.860
     2.884
     2.499
     3.403
     3.301
     1.034
     2.788
     2.689
     3.830
     3.810
     2.850
     3.514
     3.104
     2.889
     2.593
     3.297
     3.337
     2.849
     3.846
     2.959
     3.221
     3.309
     3.429
     3.122
     1.729
     2.647
     2.821
     2.839
     1.999
     2.693
     2.894
     2.863
     3.112
     2.801
     2.599
     2.802
     3.272
     3.601
     2.811
     1.600
     2.988
     2.769
     3.445
     3.425
     2.752
     1.181
     2.743
     3.040
     3.270
     3.621
     3.079
     1.193
     3.415
     3.717
     3.557
     3.169
     2.828
     2.994
     3.420
     2.949
     2.770
     2.853
     2.835
     3.452
     3.923
     2.345
     2.773
     2.559
     2.600
