     2.699
     2.929
     2.717
     2.724
     2.716
     2.687
     2.613
     2.537
     2.506
     2.480
     2.459
     2.475
     2.514
     2.546
     2.567
     2.590
     2.599
     2.607
     2.613
     2.617
     2.622
     2.637
     2.650
     2.650
     2.639
     2.629
     2.629
     2.649
     2.678
     2.700
     2.716
     2.712
     2.699
     2.669
     2.658
     2.628
     2.598
     2.555
     2.553
     2.570
     2.672
     2.727
     2.773
     2.844
     2.897
     3.000
     3.070
     3.116
     3.133
     3.133
     3.117
     3.091
     3.092
     3.064
     3.047
     3.020
     3.012
     2.990
     2.967
     2.952
     2.931
     2.918
     2.930
     2.959
     2.966
     2.978
     2.990
     3.002
     3.012
     2.996
     2.976
     2.968
     2.961
     2.950
     2.948
     2.996
     3.058
     3.155
     3.299
     3.425
     3.514
     3.556
     3.541
     3.521
     3.493
     3.451
     3.491
     3.514
     3.616
     3.691
     3.715
     3.724
     3.722
     3.705
     3.666
     3.644
     3.619
     3.606
     3.592
     3.577
     3.519
     3.480
     3.442
     3.418
     3.408
     3.401
     3.396
     3.427
     3.422
     3.427
     3.429
     3.448
     3.439
     3.401
     3.366
     3.354
     3.326
     3.322
     3.266
     3.236
     3.200
     3.163
     3.140
     3.096
     3.037
     2.969
     2.861
     2.737
     2.515
     2.343
     2.374
     2.567
     2.609
     2.661
     2.738
     2.791
     2.812
     2.853
     2.992
     3.026
     3.002
     2.992
     3.084
     3.202
     3.323
     3.436
     3.531
     3.578
     3.596
     3.586
     3.553
     3.489
     3.422
     3.338
     3.283
     3.279
     3.281
     3.275
     3.316
     3.348
     3.325
     3.262
     3.175
     3.033
     2.752
     2.575
     2.413
     2.453
     2.475
     2.509
     2.535
     2.588
     2.644
     2.682
     2.723
     2.764
     2.854
     2.887
     2.920
     3.011
     3.106
     3.244
     3.390
     3.564
     3.694
     3.767
     3.795
     3.803
     3.801
     3.800
     3.781
     3.750
     3.707
     3.654
     3.609
     3.549
     3.511
     3.481
     3.448
     3.409
     3.351
     3.294
     3.230
     3.169
     3.115
     3.046
     2.959
     2.842
     2.779
     2.858
     2.912
     2.916
     2.917
     2.931
     3.001
     3.087
     3.133
     3.164
     3.158
     3.115
     3.039
     2.862
     2.674
     2.318
     2.140
     2.336
     2.457
     2.622
     2.772
     2.899
     2.999
     3.100
     3.132
     3.156
     3.168
     3.178
     3.127
     3.080
     3.023
     2.950
     2.855
     2.791
     2.848
     2.994
     3.020
     3.026
     3.026
     3.034
     3.034
     3.028
     3.036
     3.032
     3.015
     2.980
     2.925
     2.888
     2.850
     2.797
     2.756
     2.707
     2.656
     2.612
     2.568
     2.539
     2.536
     2.524
     2.531
     2.548
     2.558
     2.551
     2.595
     2.624
     2.656
     2.678
     3.554
     2.356
     2.671
     3.328
     3.114
     3.012
     2.727
     2.442
     2.675
     2.966
     3.245
     3.110
     3.352
     2.719
     3.219
     2.691
     3.096
     3.411
     2.679
     2.612
     1.528
     3.023
     3.328
     2.673
     3.674
     3.195
     3.224
     2.495
     3.257
     3.317
     3.304
     2.797
     2.544
     2.521
     2.505
     1.654
     3.110
     2.648
     2.671
     3.097
     2.687
     1.928
     2.311
     2.845
     3.224
     3.353
     3.065
     3.179
     2.784
     3.163
     2.968
     2.731
     3.544
     3.481
     2.709
     3.361
     3.169
     3.416
     2.556
     3.472
     3.492
     3.255
     3.240
     3.285
     3.505
     1.414
     2.852
     3.364
     3.059
     2.661
     3.189
     1.154
     3.556
     2.704
     2.812
     3.577
     2.653
     3.213
     3.345
     2.945
     2.478
     2.665
     1.530
     2.789
     3.213
     2.357
     2.512
     3.588
     3.065
     2.286
     2.782
     3.052
     1.783
     2.655
     2.442
     2.940
     2.535
     2.511
     3.663
     3.098
     2.695
     3.146
     1.645
     3.135
     2.766
     2.384
     2.986
     2.681
     2.616
     2.869
     2.891
     3.136
     2.956
     3.624
     3.224
     3.553
     2.488
     2.783
     2.779
     3.637
     3.108
     3.013
     2.489
     2.506
     3.111
     2.682
     2.988
     2.975
     3.259
     2.638
     3.339
     3.183
     2.913
     3.240
     3.667
     2.097
     3.486
     2.976
     3.164
     2.495
     2.320
     3.312
     3.076
     2.358
     2.769
     3.103
     2.980
     2.581
     2.657
     2.451
     3.415
     1.952
     2.810
     2.772
     3.333
     2.540
     2.619
     2.568
     3.019
     3.488
     3.241
     2.738
     2.718
     2.690
     2.086
     3.628
     2.998
     3.762
     2.660
     3.363
     3.452
     3.140
     2.686
     3.061
     3.105
     2.674
     2.884
     2.418
     2.760
     2.633
     3.298
     2.646
     2.875
     3.306
     3.508
     3.219
     2.535
     2.792
     2.509
     1.837
     3.452
     2.999
     2.920
     3.583
     3.399
     3.382
     2.757
     3.175
     2.774
     3.064
     3.436
     3.428
     3.127
     3.558
     2.462
     2.386
     2.763
     3.461
     2.953
     3.301
     3.075
     3.467
     2.955
     3.109
     3.251
     2.703
     2.861
     2.682
     3.047
     1.359
     3.137
     2.644
     2.517
     3.547
     3.311
     2.163
     2.765
     2.616
     2.458
     1.931
     2.868
     1.819
     2.878
     3.568
     3.529
     3.154
     3.040
     3.662
     2.169
     1.745
     3.266
     3.332
     2.300
     3.584
     2.531
     2.498
     3.397
     2.722
     2.942
     3.116
     2.598
     2.713
     2.625
     2.538
     2.946
     3.057
     2.805
     2.825
     3.401
     3.407
     3.419
     3.123
     2.835
     3.083
     2.895
     2.490
     3.656
     3.369
     2.316
     2.576
     2.725
     3.412
     3.297
     3.088
     1.888
     1.694
     3.417
     3.087
     3.006
     2.969
     3.223
     2.611
     2.815
     2.676
     3.059
     2.953
     3.544
     3.342
     2.885
     2.892
     2.847
     3.041
     2.589
     3.331
     2.979
     2.989
     2.074
     2.810
     3.061
     3.164
     3.471
     2.708
     2.630
     3.166
     3.441
     3.435
     3.445
     3.372
     2.485
     2.908
     2.664
     3.550
     2.732
     3.627
     2.479
     2.509
     3.002
     2.980
     3.208
     2.528
     2.668
     3.395
     2.587
     2.845
     3.335
     3.153
     1.845
     2.647
     3.714
     2.844
     3.007
     3.061
     3.482
     2.512
     2.540
     2.461
     3.671
     3.515
     3.432
     3.400
     2.448
     2.520
     2.694
     2.641
     3.095
     2.830
     2.340
     2.499
     2.970
     2.674
     2.417
     3.101
     3.615
     3.042
     3.442
     2.492
     3.130
     2.806
     2.773
     3.744
     2.801
     2.435
     3.102
     2.474
     3.106
     3.369
     2.655
     3.429
     2.701
     3.181
     2.993
     2.700
     2.608
     2.714
     2.731
     3.507
     3.127
     2.566
     1.201
     3.188
     1.947
     2.963
     2.490
     3.004
     3.065
     3.116
     2.654
     2.939
     3.574
     2.993
     3.171
     2.786
     3.509
     3.706
     3.176
     2.975
     1.317
     2.936
     3.678
     3.672
     2.575
     3.176
     2.640
     2.706
     2.980
     2.140
     1.745
     2.567
     2.760
     2.403
     3.222
     3.073
     2.758
     3.401
     3.134
     3.287
     2.899
     1.770
     1.781
     3.212
     3.272
     2.300
     2.777
     2.997
     2.605
     3.457
     2.688
     2.857
     3.519
     3.020
     2.904
     2.661
     3.516
     3.281
     2.784
     2.389
     2.441
     2.831
     3.245
     3.289
     2.829
     2.848
     2.905
     3.013
     3.096
     2.382
     2.994
     3.491
     3.615
     2.282
     3.721
     2.467
     3.058
     2.914
     2.954
     2.930
     2.887
     3.087
     3.121
     2.286
     3.665
     2.951
     2.657
     2.323
     2.056
     2.960
     2.792
     2.981
     2.931
     2.657
     3.176
     2.542
     3.389
     3.497
     3.170
     2.648
     3.009
     3.504
     2.552
     2.560
     3.133
     1.996
     3.386
     3.090
     3.137
     2.533
     3.215
     2.786
     2.690
     3.509
     3.491
     2.979
     3.110
     2.508
     2.998
     3.148
     2.461
     2.619
     2.578
     2.718
     3.538
     3.425
     3.262
     2.840
     3.525
     3.522
     3.603
     3.012
     2.695
     2.391
     3.262
     2.744
     2.437
     2.867
     1.052
     3.389
     2.486
     2.812
     2.415
     2.739
     3.013
     2.515
     2.648
     2.927
     3.423
     2.563
     3.354
     2.612
     1.719
     2.838
     2.277
     3.404
     2.410
     2.452
     3.044
     2.623
     3.232
     3.328
     2.022
     3.286
     3.541
     3.313
     3.382
     2.478
     2.412
     2.509
     2.654
     2.778
     3.092
     2.586
     2.675
     3.355
     2.823
     3.240
     3.414
     2.882
     2.634
     3.344
     3.412
     2.590
     2.536
     3.419
     2.734
     3.107
     3.740
     3.119
     3.166
     3.056
     3.359
     1.462
     3.311
     1.877
     2.272
     3.148
     3.347
     2.630
     2.770
     2.980
     2.652
     3.182
     2.994
     3.152
     2.571
     2.787
     3.383
     3.420
     3.572
     2.629
     3.406
     3.064
     3.151
     2.574
     3.193
     2.493
     2.760
     3.254
     2.625
     3.284
     2.613
     3.537
     3.447
     2.805
     2.092
     3.024
     2.675
     1.700
     2.266
     2.756
     2.007
     2.757
     2.814
     2.446
     3.335
     3.037
     3.292
     2.780
     2.640
     2.725
     3.098
     1.999
     3.197
     3.557
     3.079
     2.538
     2.148
     3.040
     3.223
     2.601
     3.250
     2.585
     2.927
     2.531
     3.074
     2.842
     2.728
     2.501
     2.468
     3.417
     3.066
     2.966
     2.992
     3.094
     2.524
     2.823
     2.356
     3.495
     3.283
     2.895
     2.666
     3.240
     2.422
     3.389
     3.372
     3.436
     3.003
     3.043
     3.053
     3.026
     1.156
     3.459
     2.907
     3.102
     3.211
     3.131
     2.621
     3.688
     2.681
     2.726
     2.664
     3.358
     2.600
     3.613
     3.592
     3.571
     1.158
     3.410
     3.350
     2.902
     1.638
     3.054
     3.624
     3.192
     3.554
     3.414
     2.819
     3.075
     2.638
     3.158
     2.621
     3.194
     3.087
     2.784
     2.008
     2.994
     3.119
     3.481
     3.495
     3.572
     2.130
     2.714
     3.208
     2.806
     3.270
     3.358
     3.494
     3.107
     3.186
     3.376
     2.663
     3.685
     2.046
     3.129
     3.428
     3.659
     2.919
     2.862
     2.876
     3.256
     2.026
     2.419
     3.127
     2.684
     3.474
     1.981
     2.417
     3.286
     3.238
     3.560
     2.213
     3.370
     3.669
     3.142
     3.397
     2.602
     3.677
     2.729
     3.197
     3.082
     3.645
     3.315
     2.647
     2.756
     2.572
     3.487
     2.909
     2.662
     1.405
     3.220
     2.727
     2.760
     2.987
     2.629
     3.504
     3.031
     2.735
     3.524
     3.184
     3.082
     3.458
     2.652
     2.946
     2.558
     3.426
     2.925
     3.391
     3.442
     2.928
     2.858
     3.184
     2.770
     3.138
     3.216
     3.122
     2.982
     2.983
     2.647
     2.684
     2.759
     3.272
     3.723
     2.034
     3.544
     3.073
     2.650
     3.225
     3.229
     3.567
     3.171
     2.188
     3.008
     2.545
     0.954
     3.162
     2.506
     2.424
     3.076
     3.541
     2.633
     3.399
     3.541
     3.430
     2.948
     2.494
     3.295
     3.458
     2.692
     2.977
     2.663
     2.669
     2.717
     3.577
     2.695
     3.591
     2.896
     1.425
     2.567
     2.717
     2.713
     3.427
     3.411
     3.074
     3.411
     3.169
     1.072
     2.721
     2.633
     2.753
     3.120
     2.818
     2.604
     3.321
     3.050
     3.398
     3.307
     2.847
     3.009
     2.817
     3.317
     2.648
     3.192
     3.172
     2.636
     3.010
     3.218
     2.452
     3.566
     2.245
     2.665
     2.851
     2.833
     3.283
     1.314
     3.139
     3.602
     3.033
     3.540
     3.055
     3.557
     3.532
     3.143
     2.584
     2.520
     2.654
     3.762
     3.065
     2.400
     2.517
     2.495
     3.309
     2.946
     1.227
     3.455
     2.950
     2.908
     3.556
     3.117
     2.667
     2.417
     3.280
     2.412
     3.093
     2.375
     2.427
     2.582
     3.076
     2.927
     2.863
     2.521
     2.760
     2.453
     3.115
     3.365
     3.222
     3.631
     2.907
     1.858
     3.084
     2.674
     3.216
     2.809
     3.048
     2.969
     2.581
     3.282
     3.244
     3.082
     3.055
     2.984
     2.719
     2.534
     3.708
     2.989
     3.551
     2.539
     2.690
     2.430
     2.611
     3.137
     2.897
     3.136
     3.227
     2.978
     3.533
     2.801
     2.558
     2.605
     2.982
     2.522
     3.284
     3.523
     3.452
     2.910
     2.566
     1.631
     2.782
     2.634
     3.047
     2.490
     2.622
     3.378
     2.963
     2.609
     2.632
     3.013
     2.528
     3.602
     2.348
     2.493
     3.256
     3.633
     3.294
     2.861
     2.716
     2.610
     2.487
     3.103
     2.750
     2.888
     3.425
     2.582
     2.910
     3.003
     0.982
     2.663
     3.211
     2.435
     2.002
     2.915
     3.073
     3.387
     2.920
     3.368
     2.931
     3.078
     3.347
     3.310
     1.799
     1.916
     3.297
     3.082
     2.772
     2.603
     3.079
     3.605
     2.597
     1.599
     3.367
     2.232
     3.379
     3.129
     2.715
     3.221
     2.999
     2.993
     2.446
     3.114
     3.617
     3.232
     3.666
     3.283
     2.666
     2.546
     3.111
     2.974
     3.786
     3.180
     3.501
     1.502
     2.928
     2.570
     2.868
     2.979
     3.562
     2.541
     3.257
     2.745
     3.597
     2.718
     3.029
     3.012
     2.890
     2.636
     2.493
     3.575
     2.674
     3.217
     3.090
     3.218
     3.301
     2.943
     2.946
     3.117
     3.181
     3.284
     3.374
     2.821
     3.647
     3.163
     3.275
     2.722
     2.907
     2.012
     3.156
     3.222
     2.605
     2.688
     2.560
     3.001
     3.184
     2.949
     2.674
     2.744
     3.040
     3.352
     1.669
     3.016
     3.539
     3.513
     2.777
     2.599
     3.028
     3.340
     2.654
     3.695
     2.911
     2.664
     2.488
     3.093
     3.160
     3.067
     3.652
     2.681
     3.276
     3.712
     2.596
     2.972
     2.346
     3.542
     2.982
     2.934
     2.863
     3.486
     2.588
     2.849
     2.820
     3.669
     2.392
     2.580
     2.694
     1.459
     2.752
     2.502
     2.918
     2.454
     2.492
     3.227
     2.800
     3.105
     2.577
     2.487
     3.407
     2.847
     3.191
     2.193
     2.770
     3.270
     2.567
     3.472
     3.239
     2.684
     2.802
     2.888
     2.919
     2.825
     3.094
     2.502
     3.384
     2.019
     1.890
     3.589
     2.484
     2.296
     2.593
     2.563
     2.693
     3.164
     2.478
     2.510
     3.274
     2.667
     3.409
     2.545
     3.607
     2.867
     3.121
     2.523
     2.626
     2.591
     2.876
     3.163
     3.481
     2.779
     3.000
     2.316
     2.934
     3.446
     3.046
     2.438
     2.673
     2.828
     2.772
     2.747
     3.584
     3.286
     3.251
     3.642
     3.209
     2.423
     3.462
     2.685
     2.370
     2.479
     2.695
     1.442
     3.332
     3.334
     2.994
     2.743
     3.183
     3.175
     2.592
     2.195
     2.637
     3.472
     2.636
     3.455
     2.604
     3.018
     2.972
     2.860
     3.289
     3.117
     1.065
     2.448
     2.604
     1.813
     3.104
     3.316
     2.914
     2.863
     3.047
     3.155
     2.576
     2.987
     2.602
     2.676
     3.163
     2.783
     3.199
     1.883
     2.734
     3.363
     3.356
     3.138
     2.912
     2.917
     2.761
     3.134
     2.690
     3.011
     3.244
     3.390
     3.155
     2.307
     2.466
     2.770
     3.165
     3.444
     2.775
     3.448
     3.043
     3.707
     3.085
     3.166
     2.828
     2.842
     3.351
     2.813
     3.649
     2.492
     3.031
     2.437
     2.921
     2.224
     3.205
     2.694
     2.937
     2.753
     3.161
     2.646
     2.646
     2.632
     2.642
     2.592
     2.541
     2.564
     2.728
     2.808
     3.001
     2.602
     2.235
     1.351
     3.684
     3.292
     3.217
     2.706
     2.648
     3.510
     2.946
     3.084
     3.641
     3.165
     2.656
     2.978
     3.599
     2.974
     3.479
     2.965
     3.184
     3.414
     2.381
     3.177
     2.649
     3.098
     2.754
     2.462
     2.765
     3.378
     1.953
     3.044
     3.087
     2.905
     3.134
     2.826
     3.065
     2.573
     3.681
     3.635
     2.914
     2.730
     3.354
     3.108
     2.681
     3.459
     2.813
     3.461
     3.382
     3.190
     3.404
     3.408
     3.642
     3.739
     2.635
     2.864
     3.105
     3.653
     1.007
     3.425
     2.673
     3.281
     3.561
     2.782
     2.680
     2.546
     3.469
     2.607
     3.421
     2.985
     2.906
     2.232
     3.721
     2.988
     1.250
     2.701
     2.780
     2.729
     2.836
     2.742
     2.945
     3.680
     2.650
     2.651
     3.484
     3.689
     2.934
     2.690
     3.415
     3.019
     2.572
     2.314
     3.110
     2.532
     2.493
     3.144
     3.183
     3.093
     3.082
     2.291
     1.448
     2.419
     2.396
     3.660
     2.619
     2.182
     3.069
     2.732
     2.262
     2.934
     2.461
     1.580
     1.814
     3.025
     2.996
     2.642
     2.634
     2.821
     3.430
     2.523
     1.734
     3.006
     3.374
     2.982
     2.609
     3.025
     2.397
     2.475
     2.941
     2.068
     2.656
     3.377
     2.873
     2.457
     3.197
     2.634
     3.011
     3.148
     3.147
     3.065
     3.333
     3.210
     3.114
     2.690
     2.784
     3.286
     2.976
     2.113
     2.146
     3.069
     2.453
     3.094
     3.440
     2.658
     2.969
     3.224
     3.127
     2.776
     3.302
     3.203
     2.924
     2.647
     2.506
     2.348
     2.759
     3.444
     3.286
     2.470
     3.229
     2.447
     3.292
     2.256
     3.098
     2.877
     2.986
     3.135
     2.028
     3.565
     2.806
     2.505
     3.788
     3.172
     2.645
     1.904
     2.536
     3.006
     2.839
     2.672
     2.587
     1.328
     3.309
     1.671
     3.017
     2.790
     3.199
     3.063
     3.195
     3.473
     2.792
     2.800
     3.016
     3.475
     3.277
     2.423
     3.041
     2.160
     3.540
     2.718
     2.680
     2.982
     2.835
     2.987
     3.160
     2.889
     2.894
     3.092
     2.638
     3.478
     2.755
     3.450
     2.689
     2.750
     3.162
     3.152
     2.637
     2.852
     3.220
     3.016
     2.358
     2.647
     3.614
     3.595
     2.731
     3.044
     2.752
     2.988
     3.225
     3.558
     3.096
     2.556
     2.493
     3.511
     2.958
     3.353
     3.036
     2.673
     3.083
     2.672
     2.707
     2.474
     2.638
     3.193
     2.945
     3.095
     2.691
     2.760
     1.815
     2.813
     3.225
     3.495
     2.914
     3.427
     3.330
     2.610
     2.686
     2.895
     3.148
     3.619
     3.014
     2.614
     3.551
     3.342
     3.721
     3.418
     3.131
     2.954
     3.265
     2.783
     2.993
     1.667
     3.478
     3.516
     2.630
     3.095
     3.015
     2.608
     3.327
     3.248
     3.346
     3.726
     2.848
     3.235
     2.464
     2.738
     3.122
     3.264
     2.411
     3.550
     2.740
     1.823
     2.948
     2.982
     3.180
     1.864
     2.570
     3.497
     2.257
     3.565
     2.697
     3.185
     2.717
     2.736
     3.507
     2.939
     3.250
     3.042
     3.122
     2.397
     2.695
     2.534
     2.433
     3.354
     3.697
     3.505
     2.451
     2.299
     3.422
     2.480
     2.235
     3.349
     3.170
     3.109
     2.314
     3.127
     2.707
     2.972
     1.545
     3.691
     3.146
     2.490
     2.710
     2.970
     2.543
     2.820
     2.515
     3.328
     2.675
     3.030
     2.512
     2.803
     3.194
     2.567
     2.653
     2.703
     3.248
     3.280
     2.861
     3.340
     2.069
     3.147
     2.539
     3.429
     3.107
     2.961
     2.203
     3.072
     3.420
     3.664
     3.260
     3.120
     2.489
     3.530
     3.276
     2.638
     3.667
     3.375
     3.500
     3.203
     3.054
     3.035
     2.617
     2.666
     2.313
     3.017
     1.372
     2.190
     3.036
     3.052
     3.102
     3.373
     2.689
     2.747
     3.292
     3.503
     3.278
     2.602
     2.984
     2.563
     2.667
     2.827
     3.097
     2.655
     3.169
     2.840
     2.977
     3.571
     1.930
     1.193
     3.514
     2.853
     2.587
     2.851
     2.638
     3.223
     2.609
     2.388
     3.753
     3.528
     2.615
     3.404
     3.236
     3.066
     2.660
     2.126
     2.764
     3.469
     2.595
     3.156
     3.532
     2.679
     2.760
     1.731
     2.859
     3.328
     3.118
     2.672
     3.010
     2.460
     3.544
     2.961
     3.011
     2.659
     3.481
     3.068
     3.413
     3.403
     2.613
     3.018
     2.510
     3.466
     3.006
     1.690
     2.945
     3.006
     2.996
     2.071
     2.093
     3.053
     3.058
     2.904
     3.118
     2.776
     2.543
     3.580
     2.248
     3.055
     3.091
     2.357
     2.890
     2.635
     3.264
     3.222
     3.199
     3.140
     2.422
     3.265
     1.746
     3.163
     1.708
     3.100
     2.189
     3.549
     2.749
     3.020
     3.032
     3.091
     3.437
     3.193
     2.232
     3.307
     2.988
     2.503
     2.344
     2.948
     2.898
     2.637
     2.492
     2.818
     3.496
     3.402
     3.526
     3.679
     3.005
     2.442
     3.099
     2.639
     3.302
     3.313
     2.786
     2.071
     2.808
     3.419
     3.051
     3.051
     3.017
     2.811
     2.713
     2.262
     3.316
     3.578
     3.465
     3.580
     2.849
     2.740
     3.193
     3.363
     2.670
     2.942
     2.940
     2.713
     3.045
     2.751
     2.755
     2.644
     3.310
     3.449
     3.652
     2.781
     1.408
     2.730
     2.870
     3.451
     3.371
     2.927
     2.672
     3.411
     2.921
     2.455
     3.217
     3.132
     1.914
     3.130
     1.638
     2.465
     3.565
     3.014
     3.551
     3.019
     3.213
     2.892
     3.141
     3.345
     2.498
     3.527
     3.074
     3.095
     3.319
     2.707
     2.410
     2.381
     2.068
     2.465
     2.425
     2.855
     2.634
     3.193
     2.897
     3.402
     3.201
     2.848
     3.088
     3.236
     3.168
     2.618
     2.634
     3.485
     3.326
     2.999
     3.048
     3.623
     2.785
     2.804
     2.858
     3.182
     3.174
     3.058
     3.383
     2.689
     2.587
     2.697
     3.544
     3.019
     3.377
     1.423
     2.492
     2.911
     3.540
     2.675
     2.938
     2.584
     2.538
     2.620
     2.560
     1.573
     2.925
     3.409
     2.596
     2.611
     2.562
     3.054
     2.032
     2.136
     3.348
     3.360
     3.417
     2.832
     3.151
     2.260
     3.129
     2.548
     2.486
     3.367
     2.271
     2.440
     2.509
     2.530
     2.716
     2.842
     2.973
     2.702
     3.233
     3.331
     2.623
     2.559
     3.604
     3.221
     2.554
     3.238
     3.551
     2.850
     2.624
     2.415
     2.358
     2.605
     3.131
     3.468
     3.544
     2.614
     2.796
     3.182
     3.421
     2.883
     1.939
     2.179
     2.644
     2.514
     2.694
     3.749
     2.580
     2.899
     3.697
     2.388
     2.576
     2.423
     3.379
     2.489
     3.424
     3.203
     0.984
     2.760
     2.908
     3.449
     3.042
     3.015
     2.767
     3.207
     3.583
     2.626
     3.425
     2.754
     3.471
     3.071
     2.846
     1.066
     3.070
     2.928
     2.985
     2.060
     3.489
     3.327
     3.108
     3.570
     3.486
     3.167
     2.381
     3.505
     2.845
     3.247
     2.828
     3.382
     3.133
     3.059
     3.460
     3.047
     2.987
     3.463
     1.852
     3.467
     3.117
     3.573
     2.945
     2.865
     2.541
     2.570
     3.080
     2.584
     3.652
     3.313
     2.595
     3.065
     3.299
     3.614
     3.189
     3.233
     1.637
     2.800
     2.700
     2.724
     3.567
     3.192
     2.829
     3.560
     3.034
     2.820
     2.651
     3.243
     3.326
     3.284
     3.258
     3.687
     3.498
     2.552
     3.071
     3.553
     3.371
     2.811
     3.315
     3.341
     2.911
     2.752
     2.965
     1.142
     1.753
     3.564
     3.076
     3.506
     2.513
     3.026
     1.655
     2.954
     2.648
     2.712
     3.659
     2.761
     2.724
     2.474
     3.479
     2.958
     3.497
     2.825
     3.396
     3.130
     2.617
     3.389
     3.184
     3.342
     3.436
     3.169
     3.279
     2.650
     3.256
     3.360
     3.350
     3.641
     2.892
     3.236
     3.171
     3.446
     2.109
     2.849
     3.140
     2.998
     3.085
     2.543
     3.222
     2.977
     2.989
     3.535
     3.222
     3.397
     2.850
     3.311
     2.791
     2.731
     3.446
     2.841
     3.467
     3.191
     3.175
     3.097
     2.643
     3.279
     3.048
     3.261
     3.011
     3.178
     3.174
     3.016
     3.060
     2.622
     2.715
     3.041
     3.448
     1.685
     2.741
     2.892
     3.366
     3.435
     2.456
     3.046
     3.572
     3.568
     2.943
     2.802
     3.377
     3.244
     2.667
     2.591
     2.707
     2.799
     2.772
     2.529
     2.585
     2.675
     3.578
     3.706
     2.623
     3.371
     3.547
     3.407
     3.137
     2.522
     3.068
     2.670
     2.834
     3.395
     3.183
     3.545
     2.588
     3.491
     3.369
     3.245
     3.352
     2.703
     2.607
     2.798
     2.117
     3.253
     2.783
     3.148
     1.815
     3.027
     3.239
     2.967
     3.470
     2.481
     2.993
     2.999
     2.720
     2.353
     2.737
     3.572
     3.692
     3.785
     3.208
     3.160
     2.659
     3.033
     3.501
     3.348
     3.484
     1.005
     2.537
     3.240
     3.555
     1.588
     2.735
     3.383
     3.341
     3.408
     3.450
     2.615
     3.475
     2.491
     2.628
     2.845
     3.021
     3.283
     3.222
     3.202
     3.538
     2.737
     3.567
     2.661
     3.231
     2.475
     2.975
     2.513
     3.223
     2.862
     3.379
     1.990
     3.003
     3.456
     3.530
     2.945
     2.668
     2.463
     2.717
     2.673
     3.394
     2.461
     2.995
     3.021
     2.615
     2.621
     2.797
     2.494
     2.721
     2.526
     2.419
     2.789
     2.760
     2.719
     3.203
     3.188
     3.100
     3.368
     3.336
     2.828
     2.627
     2.664
     3.563
     3.166
     2.782
     3.175
     2.646
     1.651
     2.434
     2.550
     2.272
     3.125
     3.459
     3.064
     2.376
     3.396
     2.651
     3.133
     3.325
     2.470
     3.221
     3.058
     2.782
     2.602
     2.505
     2.100
     3.038
     2.001
     3.131
     3.352
     2.882
     2.731
     2.632
     2.983
     2.890
     2.968
     2.874
     2.463
     2.661
     3.689
     3.249
     3.048
     2.395
     3.221
     2.570
     2.750
     3.477
     2.001
     2.607
     2.863
     2.702
     3.315
     2.602
     2.637
     2.828
     2.748
     2.688
     3.084
     3.270
     3.394
     3.080
     2.563
     2.859
     2.678
     3.665
     3.632
     3.188
     2.537
     3.273
     2.684
     3.604
     3.060
     2.732
     3.425
     2.640
     3.077
     2.719
     2.660
     2.755
     2.481
     2.889
     2.733
     3.091
     3.696
     2.921
     3.563
     1.846
     2.940
     1.831
     3.088
     2.740
     3.292
     2.392
     3.111
     3.123
     1.363
     2.625
     2.722
     2.261
     3.093
     2.512
     2.858
     2.474
     3.386
     0.805
     3.426
     2.698
     2.428
     3.272
     3.185
     3.458
     3.621
     2.476
     2.081
     2.559
     3.081
     3.291
     3.418
     2.583
     3.122
     3.073
     3.115
     2.721
     2.476
     3.107
     2.273
     3.188
     3.555
     3.562
     3.227
     3.543
     2.664
     3.143
     2.780
     3.065
     3.065
     2.672
     3.454
     2.602
     3.327
     2.742
     3.514
     2.995
     3.228
     2.991
     3.162
     3.543
     2.491
     2.977
     2.700
     2.640
     2.310
     2.561
     3.355
     3.012
     1.782
     2.669
     3.160
     3.348
     2.867
     3.083
     2.798
     2.825
     3.574
     3.030
     3.343
     2.631
     2.813
     3.234
     2.604
     3.401
     1.568
     3.538
     2.253
     2.751
     2.962
     2.398
     3.045
     3.060
     2.855
     3.077
     3.283
     2.728
     3.044
     3.070
     2.871
     1.382
     2.656
     3.365
     2.978
     2.799
     3.316
     2.806
     2.976
     2.435
     3.383
     3.623
     3.433
     2.636
     3.499
     3.048
     3.228
     3.098
     2.528
     3.719
     3.193
     2.510
     3.038
     2.660
     3.136
     2.692
     2.721
     3.561
     3.195
     3.446
     2.701
     2.479
     2.784
     3.227
     2.807
     3.504
     2.543
     2.893
     3.650
     3.220
     3.373
     1.797
     1.668
     3.325
     2.710
     2.973
     3.212
     3.279
     2.600
     3.505
     3.206
     2.886
     2.888
     2.994
     2.663
     3.245
     2.933
     2.755
     3.437
     2.525
     3.452
     2.684
     2.685
     3.576
     2.513
     2.658
     2.982
     3.408
     3.401
     2.636
     1.907
     2.730
     3.427
     3.094
     3.330
     3.227
     2.876
     3.297
     2.932
     3.399
     2.300
     2.668
     1.469
     2.868
     3.114
     3.346
     2.498
     2.846
     2.968
     3.450
     2.699
     2.723
     3.229
     3.669
     2.604
     2.715
     2.500
     2.955
     2.449
     2.607
     1.816
     3.077
     2.826
     2.268
     1.789
     3.067
     2.658
     3.486
     3.525
     3.481
     3.374
     3.351
     2.961
     2.869
     3.162
     3.592
     3.356
     3.060
     2.717
     2.912
     2.664
     2.702
     2.816
     3.046
     3.154
     2.843
     3.292
     3.283
     3.088
     3.088
     3.573
     2.696
     2.980
     2.651
     2.806
     2.476
     1.585
     3.587
     2.724
     3.360
     2.659
     1.259
     3.040
     2.436
     3.128
     2.761
     2.997
     2.985
     2.997
     2.570
     3.063
     3.000
     3.126
     2.893
     2.671
     3.121
     2.257
     2.377
     3.612
     3.183
     3.161
     3.096
     2.762
     3.127
     3.176
     3.094
     2.545
     3.135
     3.693
     2.629
     2.921
     2.653
     1.031
     3.277
     2.606
     2.857
     3.570
     3.037
     2.686
     3.209
     3.254
     3.200
     3.299
     2.777
     3.035
     2.829
     3.228
     1.572
     2.867
     2.982
     2.556
     3.471
     3.472
     2.539
     3.666
     2.879
     3.013
     2.340
     3.576
     2.623
     3.394
     2.743
     3.333
     2.883
     3.059
     3.300
     2.579
     3.106
     3.298
     3.572
     3.003
     2.432
     3.216
     3.280
     3.062
     2.922
     2.874
     3.286
     2.861
     2.526
     2.812
     3.495
     1.992
     2.592
     3.139
     3.432
     2.574
     2.845
     2.887
     3.121
     3.060
     2.663
     2.633
     2.925
     3.401
     3.136
     3.716
     3.197
     1.474
     1.487
     2.751
     3.159
     2.615
     2.677
     2.663
     3.577
     2.730
     2.924
     2.598
     2.601
     3.095
     1.462
     2.663
     2.928
     2.493
     3.160
     2.628
     3.779
     2.363
     2.491
     3.360
     2.865
     2.499
     3.006
     3.529
     2.695
     2.961
     2.457
     2.715
     3.564
     3.575
     2.970
     3.077
     2.904
     2.595
     1.465
     3.403
     3.179
     2.711
     3.397
     3.746
     2.986
     2.565
     2.622
     2.923
     2.673
     2.742
     2.992
     3.718
     2.952
     2.562
     3.378
     2.301
     2.499
     2.894
     2.648
     2.635
     3.506
     2.783
     2.817
     3.192
     3.303
     3.466
     2.967
     2.592
     2.443
     3.506
     3.499
     3.652
     3.021
     3.614
     2.786
     2.635
     2.573
     3.079
     2.475
     2.422
     3.112
     3.374
     3.006
     3.412
     3.176
     3.233
     2.859
     2.468
     2.542
     3.735
     1.485
     2.815
     2.352
     2.060
     3.477
     3.615
     3.508
     3.395
     2.509
     2.847
     1.197
     3.323
     3.314
     3.578
     3.300
     3.637
     3.114
     2.677
     3.052
     2.630
     3.579
     1.822
     1.749
     3.076
     2.972
     3.283
     3.114
     2.428
     3.115
     2.864
     2.580
     2.721
     1.478
     2.404
     3.148
     2.565
     2.976
     3.383
     3.400
     2.726
     3.417
     2.645
     3.575
     3.501
     3.093
     2.895
     2.463
     2.580
     3.566
     3.289
     2.258
     2.617
     2.523
     3.341
     3.548
     3.003
     3.009
     3.696
     3.609
     2.683
     2.648
     2.663
     2.970
     3.038
     3.207
     3.548
     2.830
     3.530
     3.490
     3.654
     3.382
     2.969
     3.449
     3.546
     2.230
     2.678
     2.704
     2.563
     3.377
     3.559
     3.554
     2.616
     2.981
     2.684
     2.545
     2.263
     2.834
     3.007
     2.550
     2.617
     2.492
     3.740
     3.608
     3.148
     2.615
     3.666
     2.964
     2.583
     2.935
     3.400
     3.474
     3.650
     2.635
     3.601
     2.510
     3.227
     3.219
     3.173
     3.058
     2.801
     3.512
     2.659
     2.691
     3.216
     2.864
     3.462
     2.222
     3.058
     3.213
     2.783
     3.575
     2.914
     2.884
     2.551
     3.418
     2.369
     3.001
     2.853
     2.628
     2.723
     2.728
     2.750
     2.558
     2.715
     3.125
     2.554
     2.755
     1.939
     3.688
     3.634
     2.977
     3.582
     3.402
     2.946
     2.614
     2.500
     3.093
     3.165
     2.728
     3.222
     3.199
     2.891
     2.653
     3.578
     3.215
     3.459
     3.296
     2.624
     2.378
     1.944
     2.261
     2.615
     3.075
     2.831
     3.698
     2.623
     2.995
     2.802
     3.407
     3.070
     3.104
     3.226
     2.681
     3.508
     3.210
     3.189
     3.017
     2.525
     3.454
     1.959
     3.492
     3.304
     2.494
     3.166
     2.655
     3.245
     2.651
     2.635
     2.635
     3.060
     2.443
     2.484
     1.569
     1.828
     3.263
     3.169
     3.399
     3.663
     3.262
     3.042
     2.647
     2.646
     3.231
     2.516
     2.748
     3.019
     2.373
     3.151
     2.069
     2.565
     2.995
     3.786
     2.838
     2.238
     3.440
     3.048
     3.516
     3.417
     2.885
     3.147
     3.244
     3.576
     2.787
     3.161
     3.467
     2.956
     3.142
     2.678
     3.485
     2.145
     3.529
     3.430
     3.028
     3.002
     2.998
     3.182
     3.241
     3.250
     3.191
     3.058
     2.472
     2.651
     2.763
     2.927
     2.973
     2.693
     2.450
     1.624
     2.552
     3.668
     3.253
     2.814
     3.010
     3.179
     2.987
     2.764
     3.122
     3.698
     2.932
     3.561
     2.415
     2.494
     3.621
     3.652
     2.591
     3.048
     2.784
     3.116
     3.123
     2.920
     2.898
     3.404
     3.292
     2.712
     3.021
     3.312
     3.426
     2.873
     3.155
     2.678
     2.904
     2.737
     2.620
     2.306
     3.492
     2.951
     2.211
     3.168
     3.200
     3.190
     3.210
     2.413
     2.579
     1.427
     2.719
     2.821
     3.792
     3.098
     2.614
     2.885
     3.410
     3.284
     3.165
     3.403
     3.164
     1.585
     2.352
     2.970
     2.660
     3.329
     2.947
     2.989
     3.212
     3.135
     3.101
     3.223
     2.971
     2.644
     3.630
     2.884
     2.508
     3.733
     1.652
     2.946
     3.072
     2.635
     2.457
     2.776
     2.606
     3.113
     2.732
     3.053
     3.722
     2.705
     1.006
     2.908
     3.407
     3.214
     3.061
     2.991
     3.173
     3.293
     1.732
     3.333
     2.130
     3.731
     3.126
     3.401
     2.453
     3.012
     2.538
     3.426
     3.032
     3.330
     2.704
     2.951
     3.575
     3.353
     2.967
     3.001
     3.276
     3.723
     3.100
     3.128
     1.402
     2.813
     1.681
     2.924
     2.981
     3.282
     3.353
     3.398
     2.406
     2.639
     2.240
     3.076
     2.814
     3.178
     2.768
     2.670
     2.571
     3.300
     3.314
     2.768
     2.739
     2.792
     2.912
     1.629
     2.611
     2.591
     3.075
     3.031
     3.160
     3.026
     2.701
     2.575
     2.690
     2.629
     3.052
     2.542
     2.525
     3.382
     3.419
     2.442
     3.277
     2.530
     3.053
     3.492
     3.186
     3.227
     2.699
     3.120
     3.074
     2.806
     2.798
     3.608
     3.408
     2.706
     2.508
     2.518
     2.449
     2.757
     3.139
     2.500
     3.071
     3.064
     3.045
     2.452
     2.506
     0.932
     2.390
     2.970
     2.380
     2.480
     2.515
     3.101
     2.919
     2.811
     2.577
     2.624
     3.258
     2.575
     2.650
     2.943
     3.573
     2.568
     2.519
     2.699
     2.556
     3.682
     2.645
     2.536
     3.270
     2.452
     2.552
     2.432
     3.460
     2.855
     3.567
     2.386
     2.893
     3.338
     3.493
     2.754
     3.537
     2.549
     3.133
     2.926
     2.822
     2.892
     2.762
     3.670
     3.508
     2.604
     2.977
     2.965
     2.665
     3.110
     2.154
     3.418
     3.219
     2.383
     3.093
     3.009
     2.518
     3.128
     3.591
     3.531
     2.625
     3.326
     1.725
     3.254
     3.222
     2.497
     2.897
     2.518
     3.170
     2.153
     2.935
     1.033
     2.595
     1.341
     2.700
     3.053
     1.449
     2.573
     2.637
     1.791
     2.451
     3.114
     3.645
     2.901
     2.586
     3.407
     3.303
     3.327
     3.189
     2.988
     3.072
     2.910
     2.909
     3.318
     2.286
     3.523
     2.802
     2.401
     3.353
     3.564
     3.236
     2.550
     2.864
     3.144
     3.531
     2.872
     3.036
     3.009
     2.974
     3.506
     2.710
     1.618
     3.528
     3.073
     2.898
     3.246
     2.588
     2.705
     2.443
     3.033
     2.574
     3.608
     2.688
     2.870
     2.667
     2.920
     3.270
     2.792
     2.663
     2.712
     2.689
     3.281
     2.696
     3.463
     2.505
     3.510
     2.680
     2.817
     3.193
     2.952
     2.605
     3.047
     2.922
     3.404
     2.596
     3.356
     2.924
     2.991
     2.872
     3.095
     3.068
     3.368
     3.001
     2.603
     2.532
     2.658
     2.776
     3.253
     3.134
     2.133
     3.039
     3.596
     2.478
     3.323
     2.691
     3.397
     3.448
     2.814
     2.901
     2.272
     2.906
     2.710
     3.128
     3.592
     2.429
     2.689
     1.233
     3.247
     3.749
     3.116
     2.755
     2.465
     3.569
     2.924
     3.337
     2.246
     3.059
     2.465
     2.858
     1.430
     2.370
     2.518
     2.869
     3.138
     2.609
     3.277
     3.172
     2.690
     2.642
     2.757
     2.467
     3.247
     3.124
     2.637
     3.223
     2.971
     2.559
     3.604
     2.711
     3.093
     3.573
     2.975
     3.490
     3.347
     3.532
     3.006
     2.797
     3.177
     1.775
     2.496
     3.514
     3.552
     2.395
     3.101
     2.924
     3.028
     2.903
     2.849
     2.665
     3.355
     1.635
     2.495
     3.096
     3.198
     2.652
     2.499
     1.600
     3.061
     2.660
     2.611
     2.785
     3.375
     3.532
     2.748
     3.287
     3.593
     3.289
     3.450
     2.815
     2.494
     2.797
     2.560
     3.146
     3.346
     3.468
     3.172
     1.555
     2.427
     3.045
     2.778
     2.566
     3.106
     3.316
     2.651
     3.232
     3.720
     3.507
     3.011
     2.964
     2.491
     2.458
     2.781
     1.384
     3.119
     3.300
     2.495
     2.553
     3.144
     2.448
     2.458
     2.678
     2.666
     3.164
     2.957
     1.846
     2.771
     3.304
     2.734
     3.164
     2.713
     3.454
     3.246
     2.682
     3.353
     2.542
     3.570
     2.215
     2.490
     3.225
     3.106
     3.232
     3.351
     3.645
     2.675
     2.150
     2.493
     2.625
     3.016
     3.207
     2.844
     3.545
     2.177
     3.264
     3.330
     3.636
     3.143
     3.314
     2.898
     2.967
     3.366
     2.639
     3.202
     3.198
     2.534
     2.456
     2.580
     2.900
     3.073
     2.804
     2.743
     2.915
     3.120
     3.164
     2.998
     3.345
     3.483
     3.669
     3.001
     3.150
     3.655
     2.631
     2.858
     3.079
     3.679
     2.778
     3.020
     3.096
     3.093
     2.623
     2.349
     2.859
     2.689
     2.144
     2.556
     2.925
     2.900
     3.513
     1.370
     2.493
     3.190
     2.853
     3.129
     3.376
     2.781
     3.104
     2.930
     2.598
     2.934
     3.285
     2.805
     3.057
     3.011
     2.641
     3.058
     2.613
     2.980
     3.426
     3.059
     3.776
     3.241
     2.831
     3.231
     2.645
     3.579
     2.396
     2.511
     2.819
     2.757
     3.527
     3.196
     2.379
     1.515
     3.330
     2.815
     2.947
     2.958
     2.706
     2.793
     2.408
     2.738
     2.694
     2.536
     2.669
     2.795
     2.993
     3.700
     2.819
     2.911
     2.940
     3.233
     2.710
     2.619
     3.065
     2.207
     2.059
     3.560
     2.772
     2.158
     3.420
     2.589
     2.594
     2.635
     2.957
     3.018
     2.387
     3.030
     2.703
     3.009
     3.385
     2.662
     2.031
     3.098
     3.122
     2.133
     2.705
     2.943
     2.639
     3.082
     3.355
     3.085
     2.411
     3.402
     2.755
     3.294
     3.677
     2.536
     3.409
     3.107
     2.676
     2.625
     3.096
     2.847
     2.569
     3.362
     3.581
     2.887
     2.671
     3.038
     2.198
     2.936
     2.619
     2.683
     3.212
     3.301
     3.091
     2.812
     2.495
     3.375
     2.697
     3.270
     2.670
     3.292
     3.191
     2.981
     3.492
     3.705
     3.712
     2.670
     2.730
     2.505
     2.633
     2.969
     3.704
     2.574
     2.854
     2.782
     3.060
     2.692
     3.226
     2.571
     3.052
     2.927
     1.990
     2.862
     2.502
     2.465
     3.580
     2.949
     3.373
     3.387
     3.079
     2.099
     3.243
     3.427
     3.359
     3.463
     2.260
     1.831
     2.482
     1.764
     3.164
     2.775
     3.666
     3.014
     3.325
     2.469
     3.290
     2.616
     3.513
     2.930
     2.213
     2.521
     2.388
     2.884
     2.209
     2.938
     3.119
     2.806
     2.646
     2.745
     3.477
     3.243
     2.706
     2.659
     2.553
     2.334
     1.969
     2.938
     3.432
     3.116
     2.326
     3.373
     2.774
     3.330
     2.275
     2.534
     2.590
     2.927
     3.518
     3.279
     3.335
     2.839
     2.891
     2.499
     3.064
     2.879
     2.896
     2.972
     3.011
     2.846
     2.995
     2.040
     3.223
     2.860
     2.951
     3.236
     2.665
     2.387
     2.626
     2.985
     3.032
     3.560
     3.192
     2.849
     3.300
     2.796
     2.907
     3.048
     2.869
     2.686
     2.932
     2.778
     2.562
     2.541
     3.153
     2.957
     2.548
     3.013
     3.046
     2.952
     3.530
     2.967
     3.133
     3.525
     2.678
     2.497
     2.671
     2.662
     2.511
     3.081
     2.655
     3.575
     3.286
     2.837
     3.188
     2.777
     2.816
     2.378
     3.546
     3.072
     3.077
     3.111
     3.576
     3.470
     2.778
     2.666
     3.024
     2.515
     3.125
     2.636
     3.308
     1.051
     2.632
     3.547
     3.693
     2.544
     3.284
     2.881
     2.910
     2.461
     2.623
     3.265
     2.820
     3.509
     3.019
     2.641
     2.704
     3.409
     2.575
     2.627
     2.384
     2.901
     2.820
     3.179
     2.606
     3.614
     2.091
     3.229
     3.275
     1.412
     1.366
     2.362
     2.525
     2.926
     2.395
     2.688
     2.531
     3.197
     2.780
     3.261
     3.412
     2.860
     3.529
     3.650
     2.945
     2.276
     3.393
     2.381
     2.109
     2.768
     3.114
     2.654
     2.756
     2.582
     2.564
     1.810
     2.965
     2.979
     3.309
     2.809
     3.176
     3.418
     2.841
     2.667
     3.565
     3.675
     2.738
     2.820
     1.853
     2.135
     2.447
     3.641
     3.158
     2.591
     2.661
     3.342
     2.708
     2.713
     3.112
     2.990
     1.468
     2.849
     3.548
     3.196
     2.572
     3.064
     3.677
     3.152
     3.041
     2.434
     3.441
     3.035
     1.770
     2.643
     3.102
     3.028
     3.169
     3.549
     3.231
     2.489
     3.183
     2.693
     2.408
     2.984
     3.421
     2.697
     2.675
     3.325
     2.418
     2.566
     3.441
     3.575
     3.341
     3.131
     2.689
     2.674
     3.499
     2.660
     3.577
     3.122
     3.105
     3.180
     2.432
     2.041
     2.913
     2.979
     3.205
     3.121
     2.665
     2.701
     3.482
     3.021
     2.886
     2.952
     3.281
     3.054
     3.040
     3.261
     2.707
     3.054
     2.475
     3.255
     2.946
     2.771
     2.493
     2.973
     2.994
     2.639
     3.503
     1.719
     2.846
     3.441
     2.654
     3.453
     2.874
     2.576
     2.573
     2.791
     3.119
     3.522
     3.180
     2.883
     2.304
     3.080
     2.291
     3.165
     2.626
     3.150
     2.899
     2.587
     3.678
     3.084
     2.742
     2.484
     3.277
     2.783
     3.556
     2.458
     2.993
     3.238
     2.834
     3.676
     2.700
     3.365
     3.516
     2.510
     2.982
     3.114
     2.433
     3.594
     3.182
     3.082
     2.996
     3.399
     2.931
     3.238
     3.378
     3.113
     2.504
     3.082
     2.820
     2.509
     2.919
     3.617
     3.017
     2.652
     1.478
     3.487
     3.086
     2.568
     2.002
     2.974
     3.082
     2.538
     1.698
     3.799
     2.925
     3.565
     2.752
     3.599
     2.464
     2.037
     3.460
     2.694
     3.559
     3.317
     3.334
     3.649
     2.555
     3.135
     2.692
     2.657
     3.148
     2.902
     2.120
     3.080
     2.487
     3.431
     2.413
     3.614
     2.943
     2.565
     2.489
     2.854
     2.032
     3.638
     2.700
     3.251
     3.415
     2.482
     3.000
     3.454
     2.995
     3.456
     3.128
     2.464
     3.288
     2.558
     3.288
     2.494
     2.624
     2.686
     2.586
     2.540
     2.717
     2.763
     3.141
     3.131
     1.834
     3.065
     2.843
     3.389
     2.502
     3.021
     2.576
     3.378
     2.721
     3.676
     3.192
     3.599
     2.908
     2.895
     2.531
     2.618
     2.453
     3.415
     2.509
     3.010
     3.599
     3.541
     2.884
     3.448
     3.061
     2.560
     2.492
     3.498
     2.730
     2.727
     2.584
     3.318
     3.286
     2.692
     2.962
     3.173
     0.737
     2.964
     2.712
     3.175
     2.926
     3.452
     3.402
     3.220
     3.207
     3.305
     3.336
     2.527
     2.377
     2.710
     2.671
     3.384
     3.168
     2.777
     2.492
     2.790
     2.913
     3.565
     3.015
     3.087
     3.410
     2.415
     3.703
     2.825
     2.700
     3.220
     2.635
     2.740
     2.873
     2.993
     3.139
     3.135
     2.474
     2.385
     2.394
     3.017
     3.062
     2.853
     2.658
     3.584
     2.817
     3.094
     2.586
     3.027
     3.644
     2.503
     3.247
     3.132
     3.570
     2.469
     2.255
     2.529
     2.778
     3.101
     3.139
     2.561
     3.264
     2.410
     3.083
     1.600
     2.909
     3.257
     3.106
     3.072
     2.677
     3.295
     3.033
     2.802
     3.660
     3.274
     2.814
     2.908
     3.533
     3.676
     2.186
     3.077
     2.825
     2.949
     3.171
     3.236
     2.603
     3.058
     2.930
     2.812
     1.350
     3.256
     2.950
     3.612
     2.550
     3.451
     3.477
     3.302
     2.921
     3.049
     3.070
     1.633
     2.735
     3.538
     3.443
     2.982
     3.104
     2.744
     3.533
     3.538
     2.719
     2.328
     3.070
     2.681
     3.433
     2.962
     3.008
     2.392
     1.388
     2.767
     3.196
     2.527
     3.410
     2.615
     2.954
     2.701
     3.249
     3.296
     2.957
     3.175
     2.931
     3.537
     2.682
     2.468
     3.271
     2.962
     3.733
     2.365
     2.392
     3.217
     3.404
     2.675
     2.831
     2.896
     2.096
     3.164
     2.475
     2.650
     2.647
     3.349
     3.622
     3.529
     3.370
     3.051
     3.195
     3.012
     2.565
     2.653
     2.932
     2.870
     2.853
     3.195
     1.077
     2.831
     3.445
     3.051
     3.478
     3.020
     2.994
     3.160
     3.188
     2.629
     2.668
     2.338
     2.191
     3.280
     2.656
     2.861
     2.447
     3.459
     3.639
     3.312
     2.587
     2.458
     2.402
     3.374
     2.577
     3.378
     2.419
     2.500
     2.951
     1.598
     2.694
     3.064
     2.656
     2.866
     3.050
     3.330
     3.506
     2.918
     2.411
     2.577
     2.513
     3.691
     2.956
     2.878
     2.683
     2.672
     3.053
     3.465
     3.140
     2.960
     2.772
     2.949
     2.581
     2.086
     2.778
     2.560
     3.242
     3.543
     2.501
     3.043
     3.411
     3.370
     2.123
     3.520
     1.512
     1.336
     2.610
     1.053
     2.429
     3.010
     3.525
     3.313
     2.159
     2.622
     3.019
     2.683
     2.884
     2.939
     2.661
     2.319
     3.407
     3.305
     3.310
     3.555
     2.913
     3.435
     3.032
     2.466
     3.259
     2.877
     3.192
     3.034
     2.835
     3.395
     2.730
     3.543
     3.252
     2.949
     2.685
     2.525
     2.597
     2.870
     3.076
     3.422
     3.649
     2.640
     2.702
     3.746
     2.751
     2.595
     2.351
     1.474
     2.592
     3.139
     2.860
     2.554
     2.833
     3.361
     2.638
     2.441
     3.073
     3.322
     2.661
     2.687
     2.549
     2.789
     2.556
     2.524
     2.705
     3.076
     3.726
     3.213
     3.594
     3.650
     3.195
     2.572
     2.872
     2.732
     3.686
     2.984
     2.770
     3.398
     2.737
     2.661
     2.311
     3.257
     3.145
     3.501
     2.739
     3.236
     3.132
     2.628
     2.482
     2.981
     2.877
     3.399
     3.040
     3.711
     2.510
     2.461
     2.673
     3.007
     3.599
     1.895
     3.155
     3.024
     2.704
     2.986
     1.297
     3.235
     3.362
     3.640
     3.172
     2.706
     3.140
     2.624
     2.876
     2.795
     2.927
     2.569
     2.616
     2.841
     3.454
     3.000
     2.661
     3.576
     3.015
     3.169
     3.060
     3.420
     3.436
     3.423
     2.406
     3.239
     3.004
     2.677
     2.631
     2.731
     2.943
     3.600
     2.906
     2.839
     1.939
     3.568
     3.631
     1.996
     2.569
     2.470
     3.552
     3.248
     3.188
     3.584
     2.709
     3.442
     2.525
     2.652
     2.693
     2.975
     3.036
     2.723
     2.333
     2.434
     3.343
     2.734
     2.556
     2.819
     1.609
     3.331
     2.695
     2.616
     3.175
     1.543
     3.540
     3.332
     3.259
     2.736
     2.493
     2.184
     2.554
     3.003
     2.738
     3.186
     3.388
     3.046
     3.176
     2.776
     2.843
     3.489
     3.196
     3.493
     2.098
     2.480
     2.732
     3.422
     3.149
     2.976
     2.981
     2.830
     2.690
     2.796
     2.864
     3.147
     3.162
     3.187
     1.689
     2.399
     2.932
     3.082
     3.327
     2.629
     3.255
     2.551
     2.056
     2.376
     3.490
     2.888
     3.265
     3.144
     1.751
     2.511
     3.405
     3.041
     2.129
     3.080
     2.866
     3.271
     3.249
     2.533
     3.664
     2.997
     3.032
     3.419
     2.626
     2.627
     2.787
     2.821
     1.771
     2.428
     3.672
     2.715
     3.452
     2.607
     2.653
     3.206
     2.811
     3.116
     3.339
     3.704
     3.462
     3.219
     2.743
     2.559
     2.844
     2.745
     2.557
     1.477
     3.431
     3.060
     2.499
     2.733
     3.055
     2.502
     3.093
     2.641
     2.619
     3.412
     2.831
     3.141
     2.646
     2.750
     3.604
     2.041
     2.401
     2.329
     3.411
     3.426
     3.472
     1.706
     2.845
     3.069
     2.526
     2.632
     2.641
     2.937
     2.689
     3.147
     2.614
     2.973
     2.958
     2.975
     3.476
     3.095
     3.144
     3.041
     3.568
     2.708
     3.403
     2.350
     3.531
     1.165
     2.986
     2.888
     2.606
     2.646
     2.727
     2.512
     3.198
     3.236
     2.825
     3.175
     3.142
     3.071
     3.013
     2.620
     3.214
     2.564
     3.104
     2.730
     2.623
     2.637
     2.646
     2.665
     3.182
     3.510
     3.353
     3.377
     3.232
     3.187
     2.766
     2.498
     2.800
     3.444
     3.224
     3.425
     3.442
     3.021
     2.232
     3.209
     3.758
     2.020
     3.410
     3.412
     3.492
     2.665
     3.712
     3.003
     2.975
     3.088
     2.647
     3.469
     3.388
     2.516
     3.336
     3.471
     2.982
     3.406
     3.147
     2.982
     2.714
     2.650
     2.968
     2.475
     2.929
     3.107
     2.618
     2.999
     3.566
     3.668
     3.074
     3.481
     2.965
     2.685
     2.138
     3.036
     2.649
     2.787
     2.177
     3.464
     3.179
     2.480
     2.367
     2.697
     2.680
     3.450
     2.800
     2.589
     2.708
     2.635
     3.065
     2.518
     3.688
     2.715
     3.324
     3.431
     3.287
     3.490
     3.379
     3.317
     2.406
     3.101
     2.476
     2.712
     2.302
     3.168
     3.568
     2.605
     3.256
     3.610
     2.210
     2.976
     2.535
     3.384
     2.705
     2.647
     2.646
     3.697
     2.665
     3.147
     3.202
     3.132
     2.681
     2.951
     3.199
     2.828
     2.681
     2.712
     2.951
     3.653
     3.375
     2.839
     3.094
     3.183
     2.926
     2.502
     3.092
     3.322
     3.421
     2.581
     2.700
     3.345
     3.542
     3.088
     2.597
     3.128
     2.505
     2.081
     2.574
     3.219
     1.759
     3.224
     2.385
     3.362
     3.108
     2.692
     3.139
     3.147
     2.961
     3.165
     2.642
     2.630
     2.983
     2.396
     2.064
     3.021
     2.521
     3.143
     2.938
     3.151
     2.194
     2.919
     2.799
     2.778
     3.554
     2.555
     2.824
     3.401
     3.156
     2.690
     2.991
     3.031
     1.261
     3.691
     3.237
     3.362
     3.364
     3.055
     3.024
     2.652
     3.443
     3.282
     3.067
     2.686
     2.617
     2.382
     3.112
     1.572
     3.681
     3.194
     3.424
     3.060
     2.998
     3.519
     2.669
     2.627
     2.706
     2.654
     2.572
     2.700
     3.503
     3.618
     3.030
     2.800
     2.662
     3.093
     2.688
     2.642
     3.571
     1.730
     2.595
     3.452
     3.083
     1.815
     1.860
     3.058
     3.025
     1.993
     2.976
     3.572
     3.365
     2.926
     3.506
     2.477
     3.598
     3.714
     3.112
     2.769
     2.900
     3.314
     3.193
     1.779
     3.117
     2.815
     2.670
     2.752
     2.757
     2.145
     3.520
     2.757
     3.248
     2.876
     2.912
     2.978
     2.643
     3.165
     1.855
     3.543
     3.132
     3.022
     2.991
     2.824
     2.864
     3.005
     2.868
     2.088
     3.144
     2.856
     2.386
     3.107
     2.347
     2.569
     3.194
     2.858
     3.056
     3.244
     2.703
     3.294
     2.832
     2.353
     2.917
     3.025
     2.983
     3.028
     2.814
     2.581
     3.385
     2.179
     3.086
     2.554
     3.361
     3.299
     2.869
     3.524
     2.829
     3.254
     2.980
     2.436
     3.206
     2.449
     2.703
     2.726
     1.916
     3.681
     2.626
     2.599
     3.365
     2.557
     2.529
     2.635
     3.369
     3.515
     2.936
     2.573
     3.331
     3.474
     2.828
     2.756
     3.102
     3.338
     2.546
     1.667
     2.972
     2.704
     2.806
     3.653
     2.296
     3.320
     2.528
     3.334
     1.903
     3.019
     2.378
     2.993
     2.787
     3.736
     2.981
     3.083
     2.562
     3.091
     3.574
     3.023
     3.022
     3.352
     2.861
     1.949
     2.718
     2.794
     2.664
     3.538
     3.622
     2.812
     3.324
     2.994
     1.613
     3.084
     2.941
     3.440
     2.743
     2.993
     2.878
     3.163
     2.781
     3.600
     3.062
     2.733
     3.514
     3.107
     2.559
     3.080
     2.547
     3.680
     2.557
     3.727
     2.224
     1.973
     2.634
     2.606
     2.666
     3.211
     1.999
     3.484
     2.785
     2.780
     3.115
     2.824
     2.672
     2.709
     2.473
     3.311
     3.040
     3.482
     2.541
     2.767
     2.831
     3.130
     0.935
     3.321
     2.517
     3.481
     3.436
     3.002
     2.456
     3.356
     3.630
     3.345
     2.452
     2.020
     3.353
     2.626
     2.759
     3.247
     3.621
     3.176
     3.253
     2.424
     2.772
     3.517
     3.044
     2.964
     3.139
     2.667
     2.682
     3.740
     3.042
     3.480
     3.005
     3.518
     2.995
     3.106
     2.435
     3.405
     2.641
     3.035
     1.611
     2.474
     3.137
     2.750
     2.640
     2.932
     2.631
     2.681
     2.929
     3.183
     3.001
     2.751
     3.445
     2.705
     3.165
     2.655
     3.100
     3.425
     2.615
     3.184
     3.330
     2.536
     2.214
     3.769
     3.208
     2.639
     2.803
     2.523
     2.714
     1.682
     2.745
     3.663
     2.773
     3.124
     3.099
     2.961
     3.429
     2.641
     3.055
     3.607
     3.172
     2.553
     3.499
     3.103
     2.461
     2.638
     2.517
     3.681
     3.116
     3.150
     3.341
     2.879
     2.721
     2.594
     3.455
     2.885
     2.829
     3.010
     3.263
     3.009
     2.541
     2.538
     3.386
     2.545
     2.690
     3.482
     2.758
     2.746
     3.628
     3.012
     2.150
     3.090
     2.834
     3.232
     2.653
     2.486
     2.859
     3.229
     3.119
     3.120
     3.095
     2.801
     2.462
     3.571
     3.229
     3.469
     2.610
     1.182
     3.704
     2.304
     1.660
     3.036
     2.853
     3.526
     2.618
     3.336
     2.490
     3.381
     2.647
     2.479
     2.774
     2.716
     3.412
     3.239
     3.195
     3.388
     3.795
     2.649
     3.446
     3.352
     3.177
     3.598
     3.085
     3.120
     2.598
     2.277
     3.382
     2.970
     2.896
     2.744
     1.662
     3.071
     2.933
     3.199
     3.006
     3.028
     2.755
     1.544
     2.698
     2.901
     1.306
     2.320
     3.543
     3.225
     2.650
     2.805
     2.799
     3.173
     1.814
     2.355
     2.755
     3.500
     2.670
     1.410
     2.594
     3.136
     3.537
     2.688
     2.771
     2.470
     3.007
     3.145
     3.445
     3.228
     3.294
     3.082
     3.043
     3.049
     2.686
     3.013
     3.451
     3.123
     2.884
     3.239
     3.349
     2.992
     3.443
     3.116
     2.904
     2.820
     2.575
     2.804
     3.127
     3.005
     2.633
     1.725
     3.356
     2.913
     3.155
     2.855
     2.702
     2.927
     3.464
     3.052
     3.532
     3.169
     2.428
     3.144
     3.153
     3.122
     3.489
     3.108
     3.634
     3.466
     2.499
     2.287
     2.955
     2.937
     2.753
     2.938
     3.254
     2.830
     2.736
     2.876
     3.086
     3.088
     2.626
     3.160
     3.187
     2.519
     3.053
     2.694
     2.685
     3.145
     2.980
     2.684
     3.535
     2.725
     3.318
     2.482
     3.100
     3.661
     3.468
     2.610
     2.599
     3.386
     2.556
     2.648
     3.297
     2.646
     2.552
     2.471
     3.046
     3.463
     2.693
     3.328
     2.513
     2.661
     2.639
     2.701
     3.260
     2.742
     3.249
     1.453
     3.380
     3.191
     2.830
     2.497
     3.106
     2.697
     2.777
     3.390
     2.932
     3.351
     3.231
     3.096
     2.030
     2.569
     2.748
     2.867
     2.403
     3.123
     3.497
     2.788
     3.002
     3.138
     2.982
     2.448
     3.489
     3.661
     3.422
     2.613
     2.406
     3.057
     2.906
     3.152
     3.448
     3.193
     3.083
     2.917
     3.356
     3.345
     1.926
     3.326
     2.775
     2.669
     3.086
     2.821
     2.949
     1.278
     2.262
     3.529
     3.117
     2.646
     3.216
     2.522
     3.027
     3.184
     3.201
     2.534
     3.064
     3.284
     3.093
     3.222
     1.378
     3.077
     2.738
     3.694
     2.880
     2.601
     2.757
     3.176
     2.041
     3.092
     2.641
     2.136
     3.167
     2.692
     2.956
     3.073
     2.432
     3.028
     2.637
     2.496
     2.967
     3.292
     2.473
     2.986
     3.385
     2.219
     3.294
     3.478
     2.700
     2.931
     2.822
     2.966
     2.515
     3.130
     3.449
     3.215
     3.645
     3.703
     2.645
     2.649
     3.507
     0.965
     2.496
     2.591
     2.813
     3.315
     3.051
     2.999
     2.658
     3.618
     3.187
     2.374
     3.278
     2.646
     2.242
     2.557
     3.369
     2.682
     2.984
     3.257
     2.654
     2.823
     3.166
     2.625
     3.691
     2.233
     3.384
     3.225
     3.131
     2.380
     3.081
     3.183
     2.746
     2.422
     3.161
     3.505
     3.669
     2.516
     0.895
     3.130
     2.992
     3.505
     2.643
     3.402
     2.688
     3.296
     2.614
     2.280
     3.041
     2.741
     3.044
     3.212
     3.281
     2.749
     3.209
     3.058
     3.171
     2.582
     3.063
     3.770
     3.394
     3.181
     3.112
     2.065
     3.184
     3.150
     3.104
     3.240
     3.161
     3.291
     2.462
     2.525
     2.712
     2.577
     1.729
     2.785
     2.786
     1.892
     2.736
     3.197
     3.117
     3.358
     3.041
     3.308
     2.286
     3.109
     3.314
     2.511
     3.114
     3.070
     3.202
     3.714
     3.534
     2.567
     2.524
     2.380
     3.192
     3.207
     3.065
     2.692
     2.640
     2.464
     2.990
     3.361
     3.606
     2.022
     3.006
     3.259
     3.035
     2.700
     2.114
     1.127
     2.695
     3.018
     3.478
     2.962
     3.678
     2.695
     3.366
     2.233
     2.970
     3.043
     2.594
     2.655
     2.764
     2.656
     3.118
     1.459
     3.453
     3.315
     3.262
     2.481
     2.823
     3.555
     2.948
     2.223
     2.425
     3.033
     3.435
     2.842
     2.694
     3.684
     3.174
     2.974
     3.284
     2.055
     3.441
     3.334
     2.801
     2.779
     3.492
     2.513
     2.584
     2.224
     2.563
     3.048
     2.972
     2.887
     3.348
     2.663
     2.682
     2.755
     1.735
     2.566
     2.344
     3.218
     2.588
     3.053
     3.049
     1.232
     1.942
     1.295
     2.986
     3.054
     2.832
     2.686
     2.516
     2.790
     2.505
     3.490
     2.831
     3.506
     3.096
     1.059
     3.395
     3.231
     2.972
     2.909
     2.617
     3.411
     2.948
     3.236
     2.710
     3.366
     1.518
     2.831
     3.094
     3.594
     2.649
     2.593
     3.439
     3.352
     3.306
     3.011
     3.488
     2.366
     2.887
     2.839
     2.936
     2.501
     2.701
     3.319
     3.487
     3.329
     2.849
     2.551
     2.639
     2.413
     2.695
     3.134
     3.021
     3.206
     2.480
     1.537
     3.360
     2.864
     2.442
     2.617
     3.555
     2.519
     3.305
     2.841
     2.754
     2.521
     2.400
     2.498
     2.903
     3.383
     2.396
     2.990
     3.735
     3.314
     3.692
     3.694
     2.549
     3.291
     2.902
     2.628
     3.098
     2.754
     2.431
     3.141
     2.785
     2.867
     3.580
     2.756
     2.768
     3.106
     2.152
     2.835
     2.848
     3.046
     2.833
     2.717
     3.058
     3.550
     3.631
     2.967
     2.582
     2.363
     2.916
     2.355
     3.164
     3.191
     3.355
     3.558
     3.091
     2.564
     2.781
     3.483
     3.294
     3.599
     3.462
     2.892
     3.234
     3.336
     2.917
     2.816
     3.145
     2.428
     2.697
     3.532
     2.968
     2.775
     3.504
     2.649
     3.412
     3.093
     2.801
     3.170
     3.518
     3.356
     3.176
     3.095
     3.050
     2.655
     2.388
     3.545
     2.494
     3.204
     3.237
     3.320
     3.575
     3.570
     3.433
     2.843
     3.278
     2.183
     3.594
     2.080
     2.841
     3.170
     2.682
     3.648
     2.478
     2.893
     3.161
     3.221
     3.312
     2.632
     3.427
     2.828
     2.907
     1.841
     3.545
     3.375
     3.383
     2.505
     2.509
     3.300
     3.722
     3.046
     2.236
     3.206
     3.276
     3.027
     3.531
     3.130
     2.561
     3.345
     2.759
     2.459
     3.180
     1.295
     3.438
     2.565
     1.770
     3.658
     3.156
     2.686
     3.166
     3.064
     3.204
     2.710
     2.685
     3.483
     1.822
     3.322
     3.460
     2.522
     3.464
     2.644
     1.718
     3.018
     3.305
     2.975
     3.092
     2.947
     3.699
     3.522
     3.250
     2.735
     3.665
     3.174
     3.121
     1.722
     2.439
     3.515
     1.655
     3.109
     3.097
     3.359
     3.073
     3.409
     1.539
     3.656
     3.531
     2.783
     3.432
     2.625
     3.323
     3.354
     3.263
     3.707
     2.750
     3.356
     3.068
     2.659
     3.213
     2.992
     3.236
     3.222
     2.683
     3.100
     3.169
     2.790
     3.039
     2.996
     2.943
     2.613
     3.009
     2.831
     3.352
     3.223
     2.725
     1.664
     1.444
     3.455
     2.958
     3.684
     3.028
     2.692
     2.557
     3.591
     3.592
     2.568
     3.181
     3.662
     2.562
     3.406
     2.518
     2.576
     3.625
     2.751
     2.887
     3.030
     3.411
     1.746
     2.450
     2.214
     3.040
     2.652
     3.050
     2.657
     2.822
     3.772
     2.434
     2.685
     3.407
     1.451
     3.598
     2.532
     3.316
     3.306
     3.404
     3.433
     3.091
     3.258
     3.413
     3.710
     3.185
     2.960
     2.442
     3.218
     2.663
     3.070
     2.501
     3.337
     1.968
     3.561
     2.740
     2.975
     3.301
     3.289
     3.237
     3.539
     2.899
     1.555
     2.895
     2.716
     3.420
     3.123
     2.667
     2.517
     2.995
     3.467
     3.399
     2.579
     2.549
     2.605
     1.881
     2.739
     3.112
     3.230
     2.886
     2.529
     2.637
     2.634
     2.691
     2.693
     2.805
     2.805
     2.898
     3.013
     3.530
     3.035
     2.866
     2.657
     2.964
     2.695
     2.750
     3.204
     1.914
     3.416
     2.606
     3.576
     3.687
     2.259
     2.579
     3.254
     2.670
     2.917
     3.050
     2.857
     2.933
     3.006
     1.949
     3.463
     2.580
     3.180
     2.981
     2.553
     3.544
     3.216
     3.555
     1.456
     2.793
     3.367
     2.954
     1.323
     1.318
     2.142
     3.165
     2.649
     3.215
     2.671
     3.375
     2.948
     2.973
     3.540
     3.075
     3.395
     2.476
     3.431
     2.847
     3.291
     3.195
     3.656
     3.446
     3.179
     3.120
     3.047
     2.569
     2.736
     3.226
     2.513
     3.246
     3.012
     2.998
     2.860
     2.543
     3.473
     3.304
     2.592
     2.610
     3.380
     1.892
     3.288
     3.025
     2.885
     3.111
     2.547
     2.699
     3.309
     2.986
     3.337
     3.455
     3.511
     2.772
     3.397
     3.174
     3.565
     3.317
     3.060
     3.111
     3.062
     3.181
     2.346
     3.032
     3.067
     3.586
     3.308
     3.333
     3.284
     3.565
     2.424
     2.806
     3.205
     2.719
     3.108
     3.137
     3.333
     3.438
     3.441
     3.456
     2.957
     3.467
     3.354
     2.494
     3.300
     3.155
     3.323
     3.579
     3.330
     3.019
     1.908
     3.573
     1.951
     3.381
     3.377
     3.088
     2.358
     2.420
     2.856
     3.071
     3.096
     3.428
     3.230
     3.266
     2.892
     3.317
     2.015
     3.412
     2.735
     3.150
     2.825
     3.156
     2.605
     3.272
     3.071
     2.698
     2.990
     2.616
     3.523
     2.951
     3.634
     2.434
     3.478
     3.488
     2.937
     3.225
     3.438
     2.916
     2.637
     3.375
     2.498
     3.573
     3.131
     3.579
     2.639
     2.766
     3.205
     2.983
     2.947
     3.136
     3.146
     3.561
     3.179
     1.394
     3.454
     3.767
     3.022
     2.569
     3.308
     3.484
     2.880
     2.541
     3.010
     3.081
     2.556
     2.723
     2.864
     3.522
     3.064
     2.900
     1.896
     2.703
     3.142
     2.623
     1.998
     2.771
     3.136
     2.430
     3.264
     2.693
     3.051
     1.767
     2.680
     3.648
     3.029
     2.702
     2.477
     1.722
     2.553
     2.678
     2.782
     2.682
     3.187
     3.383
     3.423
     2.532
     2.945
     2.316
     2.614
     2.510
     3.651
     3.645
     2.570
     3.036
     3.258
     2.692
     1.733
     3.243
     2.995
     3.114
     1.244
     2.163
     3.095
     2.567
     3.573
     3.142
     2.054
     2.665
     2.653
     3.309
     2.939
     2.759
     1.499
     3.384
     2.946
     2.970
     2.992
     2.404
     3.269
     3.079
     2.745
     3.500
     2.194
     3.132
     2.682
     3.086
     1.907
     3.484
     1.617
     2.421
     1.780
     2.823
     2.935
     3.157
     2.659
     2.961
     3.439
     2.788
     3.019
     3.308
     2.993
     2.166
     2.266
     2.777
     3.418
     2.155
     2.763
     2.956
     2.997
     3.636
     2.677
     2.857
     2.469
     2.532
     3.538
     3.144
     3.333
     2.654
     3.384
     3.364
     3.573
     2.167
     2.866
     3.667
     2.406
     3.159
     2.349
     2.641
     3.141
     2.439
     2.985
     2.924
     3.514
     2.782
     1.346
     3.392
     2.882
     2.140
     3.005
     3.365
     2.929
     2.601
     2.599
     3.290
     2.380
     3.357
     3.412
     3.377
     2.586
     2.932
     2.642
     1.581
     2.449
     3.527
     2.471
     2.541
     2.144
     2.636
     2.724
     2.725
     2.835
     3.397
     2.636
     3.532
     3.196
     3.074
     2.754
     3.302
     3.362
     3.239
     3.560
     2.625
     2.491
     2.985
     2.703
     3.592
     3.477
     3.067
     3.448
     3.177
     3.231
     2.620
     3.734
     3.454
     3.083
     3.385
     3.235
     2.871
     3.299
     3.215
     2.573
     3.448
     3.689
     3.181
     2.416
     3.323
     2.508
     2.089
     3.107
     2.906
     2.976
     3.553
     2.785
     3.454
     3.130
     3.215
     2.604
     2.721
     2.753
     3.704
     3.269
     3.199
     2.972
     3.042
     2.507
     2.350
     2.675
     3.078
     3.022
     3.370
     3.577
     2.893
     3.274
     2.510
     2.671
     2.471
     3.162
     3.218
     1.294
     3.123
     3.286
     3.109
     3.300
     2.443
     3.319
     3.437
     3.399
     3.355
     3.233
     3.091
     2.667
     2.971
     2.669
     3.363
     2.648
     3.120
     3.158
     2.316
     2.441
     2.682
     2.547
     3.464
     1.568
     2.642
     2.721
     3.199
     3.057
     2.983
     2.708
     3.457
     2.606
     3.496
     3.234
     2.519
     3.616
     3.336
     2.363
     2.296
     3.441
     2.761
     3.424
     2.737
     2.685
     3.417
     2.973
     3.065
     3.115
     3.006
     2.463
     2.816
     3.580
     3.552
     3.208
     3.461
     2.760
     1.261
     3.402
     3.206
     2.551
     2.621
     3.366
     1.632
     3.296
     2.606
     1.748
     2.691
     2.957
     2.487
     3.553
     2.348
     3.614
     2.741
     2.612
     2.767
     2.713
     3.545
     1.273
     2.877
     3.197
     2.862
     3.265
     3.419
     2.678
     3.354
     2.452
     2.760
     3.567
     3.121
     2.682
     2.820
     2.535
     3.096
     2.639
     2.758
     3.569
     2.985
     2.673
     3.512
     2.738
     2.743
     3.665
     3.473
     3.203
     3.012
     2.980
     3.276
     2.485
     3.416
     3.212
     2.950
     3.182
     2.988
     2.876
     3.366
     3.435
     3.041
     3.212
     2.557
     2.534
     2.707
     3.232
     2.548
     2.775
     3.609
     3.601
     3.356
     3.140
     3.141
     2.982
     2.433
     2.862
     2.410
     2.827
     3.227
     3.280
     3.313
     3.475
     2.297
     1.445
     3.521
     3.180
     2.595
     2.676
     2.977
     3.447
     3.630
     2.964
     2.022
     2.848
     3.575
     2.357
     2.294
     2.857
     2.759
     2.582
     3.012
     3.141
     3.444
     3.644
     2.568
     3.423
     3.166
     3.062
     2.366
     2.974
     2.475
     3.455
     2.505
     2.009
     2.442
     2.815
     2.570
     3.492
     3.279
     2.892
     2.154
     2.946
     2.526
     2.879
     2.402
     1.425
     3.573
     2.709
     2.661
     3.251
     3.733
     2.563
     3.548
     3.131
     2.342
     2.927
     3.085
     3.140
     3.143
     2.792
     2.656
     2.635
     2.854
     2.678
     2.701
     3.171
     2.470
     2.657
     3.465
     2.011
     2.906
     3.125
     3.079
     3.307
     3.431
     3.259
     3.248
     3.308
     2.680
     3.057
     2.670
     3.531
     2.864
     2.725
     2.670
     3.454
     3.195
     3.236
     2.289
     2.824
     3.732
     3.430
     2.389
     3.316
     2.915
     3.568
     2.504
     3.417
     2.628
     2.311
     2.633
     3.430
     3.052
     1.546
     3.552
     2.082
     2.579
     2.553
     3.073
     1.385
     3.400
     2.738
     2.651
     3.048
     3.353
     2.617
     2.524
     3.037
     3.225
     2.788
     2.798
     2.952
     2.088
     2.949
     2.599
     3.074
     2.842
     2.686
     2.371
     3.371
     3.444
     2.444
     2.956
     3.346
     2.968
     3.076
     3.080
     3.512
     3.545
     2.558
     2.581
     3.280
     3.083
     2.560
     2.347
     2.686
     2.662
     2.729
     2.653
     3.048
     3.055
     2.437
     2.842
     3.040
     3.027
     2.585
     2.443
     3.270
     2.878
     2.580
     2.487
     3.479
     2.900
     3.198
     3.188
     3.054
     3.146
     3.102
     2.740
     3.491
     2.723
     2.495
     3.495
     3.399
     3.254
     3.447
     3.407
     3.161
     2.687
     3.287
     1.582
     3.256
     3.370
     3.406
     3.467
     2.834
     3.566
     2.650
     2.579
     3.449
     2.188
     2.500
     3.632
     2.658
     3.351
     2.631
     3.297
     3.224
     2.977
     3.046
     2.731
     3.426
     2.634
     2.468
     3.075
     1.151
     2.632
     3.346
     3.235
     3.333
     2.582
     2.457
     2.980
     3.026
     3.069
     2.687
     2.539
     3.158
     2.681
     2.648
     2.647
     3.043
     3.007
     2.593
     2.898
     2.649
     2.421
     2.633
     3.681
     3.164
     2.733
     2.601
     3.116
     3.634
     3.376
     3.229
     1.334
     2.039
     2.593
     3.367
     2.682
     1.287
     2.602
     3.388
     3.216
     2.677
     3.529
     2.234
     3.292
     2.738
     3.370
     3.204
     2.699
     2.855
     3.044
     2.944
     3.014
     3.194
     3.541
     3.066
     2.944
     3.177
     2.268
     3.670
     3.225
     2.454
     2.741
     2.547
     3.466
     3.027
     3.025
     2.776
     2.841
     2.680
     3.138
     3.797
     3.292
     2.547
     2.034
     2.682
     3.406
     3.126
     2.997
     3.118
     3.376
     3.163
     3.042
     2.683
     2.980
     3.338
     3.468
     3.551
     2.993
     2.520
     3.165
     3.168
     3.659
     3.260
     2.783
     3.324
     2.376
     2.683
     1.392
     3.036
     3.342
     3.151
     2.638
     2.653
     2.749
     3.499
     2.727
     3.232
     2.698
     2.815
     1.871
     2.525
     3.501
     2.577
     3.268
     3.101
     3.771
     3.311
     3.598
     3.512
     2.157
     1.733
     2.633
     3.087
     3.021
     3.124
     2.849
     2.599
     3.188
     2.934
     3.063
     2.995
     2.362
     3.017
     3.137
     2.923
     3.011
     2.646
     2.822
     3.341
     3.409
     2.055
     2.556
     3.028
     3.004
     3.210
     0.896
     1.904
     3.318
     2.635
     2.993
     2.523
     3.348
     3.303
     2.787
     2.757
     3.136
     3.353
     2.453
     2.438
     2.721
     2.467
     2.990
     3.361
     3.645
     3.301
     3.494
     3.686
     2.925
     3.143
     2.531
     3.166
     3.085
     2.639
     3.725
     2.557
     3.133
     2.279
     2.485
     2.497
     2.654
     2.383
     3.086
     3.292
     2.671
     1.670
     2.746
     3.109
     2.883
     2.978
     3.038
     2.981
     2.921
     2.988
     3.758
     3.144
     3.106
     1.979
     3.473
     3.152
     2.775
     3.109
     3.150
     3.498
     2.588
     3.480
     2.422
     3.098
     3.410
     2.618
     3.408
     3.202
     2.710
     3.118
     3.683
     3.205
     3.628
     3.190
     2.373
     2.554
     3.251
     3.371
     3.011
     2.680
     2.989
     3.039
     3.020
     2.667
     3.561
     3.055
     3.372
     3.592
     2.744
     3.336
     3.116
     2.446
     2.914
     3.018
     2.951
     3.101
     3.220
     2.394
     3.467
     1.848
     3.679
     2.929
     1.477
     2.918
     2.830
     2.927
     3.354
     3.449
     3.143
     2.922
     2.989
     3.395
     3.095
     3.472
     3.153
     3.440
     2.631
     3.050
     3.179
     3.235
     2.891
     3.334
     2.765
     3.370
     2.979
     1.448
     3.139
     3.168
     2.814
     1.858
     2.899
     2.983
     2.348
     2.648
     2.801
     2.688
     2.834
     3.014
     3.564
     3.447
     2.689
     2.421
     2.049
     2.983
     3.042
     3.407
     2.982
     2.337
     3.217
     2.771
     2.608
     2.966
     3.563
     3.153
     2.969
     2.792
     2.966
     3.130
     3.453
     3.533
     3.438
     2.632
     3.604
     3.564
     2.867
     2.888
     3.039
     2.599
     2.618
     2.664
     3.452
     3.561
     2.490
     3.460
     1.965
     1.327
     3.256
     2.559
     3.072
     3.015
     3.050
     2.970
     3.306
     2.678
     2.046
     3.731
     2.979
     3.007
     3.384
     2.587
     3.486
     2.442
     3.008
     3.392
     2.905
     2.846
     2.810
     3.010
     3.641
     3.049
     3.016
     3.192
     2.587
     2.516
     2.416
     3.096
     2.931
     2.916
     2.918
     2.495
     2.997
     2.853
     2.815
     2.766
     3.204
     3.321
     2.667
     3.338
     3.154
     3.355
     3.642
     2.578
     3.563
     3.447
     3.078
     2.619
     3.094
     2.402
     2.511
     3.399
     3.009
     3.055
     2.932
     2.534
     3.369
     2.998
     2.830
     2.896
     2.650
     2.504
     2.849
     1.814
     3.140
     2.562
     3.248
     3.464
     3.011
     2.181
     2.957
     3.551
     3.713
     3.377
     3.139
     2.749
     2.645
     3.490
     3.385
     3.462
     2.980
     3.340
     2.695
     2.873
     3.028
     2.724
     2.745
     3.480
     2.522
     3.177
     3.042
     3.217
     2.889
     2.793
     1.384
     3.535
     2.832
     2.633
     2.989
     3.057
     2.701
     3.074
     3.373
     3.170
     3.245
     3.506
     3.487
     2.586
     2.906
     1.061
     2.696
     1.630
     2.640
     2.423
     2.933
     3.067
     2.875
     3.366
     3.325
     3.544
     2.540
     3.520
     2.828
     3.016
     2.534
     1.084
     2.813
     3.196
     2.809
     1.771
     2.676
     3.524
     2.471
     2.495
     2.720
     3.199
     3.264
     2.627
     3.433
     3.357
     2.441
     2.845
     3.472
     3.678
     2.872
     3.050
     2.636
     3.084
     2.673
     2.990
     3.061
     3.159
     2.502
     3.067
     3.170
     2.766
     1.983
     2.920
     3.560
     2.730
     2.561
     3.309
     2.782
     3.058
     3.590
     3.611
     3.100
     3.201
     3.227
     3.314
     2.859
     3.266
     2.968
     2.702
     2.736
     3.067
     3.039
     3.593
     2.591
     3.410
     2.988
     2.985
     3.181
     3.155
     3.129
     2.531
     3.237
     2.000
     3.631
     3.063
     2.799
     3.460
     3.433
     3.341
     2.694
     3.068
     2.590
     1.934
     2.576
     2.798
     2.864
     3.153
     2.850
     2.783
     3.491
     2.067
     1.383
     3.479
     2.407
     2.968
     3.347
     2.568
     3.144
     2.749
     2.609
     3.029
     3.411
     3.724
     2.212
     2.742
     3.141
     1.819
     3.509
     3.013
     3.136
     3.391
     3.368
     2.927
     2.572
     3.244
     2.746
     2.900
     3.302
     3.772
     2.976
     3.140
     2.582
     3.493
     2.680
     2.938
     3.222
     3.122
     2.898
     2.706
     3.434
     2.319
     3.054
     2.977
     2.651
     3.635
     1.848
     2.667
     3.113
     3.616
     3.220
     3.470
     2.412
     3.148
     2.506
     1.726
     2.654
     3.126
     3.536
     3.310
     3.421
     3.589
     1.754
     2.684
     2.556
     2.782
     3.309
     3.390
     3.552
     2.689
     3.615
     2.694
     3.464
     2.509
     3.506
     3.474
     1.796
     3.345
     2.499
     3.228
     2.730
     2.466
     3.540
     3.208
     2.439
     2.639
     3.018
     2.672
     3.608
     2.968
     3.335
     3.028
     2.548
     2.411
     3.400
     2.610
     2.740
     3.739
     2.827
     2.890
     3.120
     3.112
     2.565
     2.696
     2.064
     1.916
     2.384
     3.091
     3.073
     2.938
     2.580
     3.171
     2.608
     2.566
     3.093
     2.637
     1.914
     2.691
     1.523
     3.186
     3.458
     2.883
     3.350
     2.529
     2.625
     1.517
     2.535
     3.306
     2.587
     2.459
     3.250
     3.099
     3.116
     3.407
     3.268
     2.359
     3.360
     2.736
     2.633
     3.390
     2.797
     2.498
     2.391
     2.801
     2.932
     3.611
     2.606
     1.447
     2.920
     3.573
     2.583
     3.670
     2.622
     3.068
     3.067
     3.047
     3.295
     2.792
     3.494
     3.060
     2.999
     2.990
     2.985
     3.282
     3.486
     2.395
     3.215
     3.542
     2.109
     3.485
     3.517
     2.751
     2.454
     3.326
     3.105
     2.460
     2.549
     3.384
     3.128
     2.930
     3.009
     3.066
     2.701
     3.558
     3.220
     2.616
     2.804
     2.841
     3.108
     2.713
     3.092
     2.631
     2.481
     3.187
     2.529
     2.524
     2.499
     2.917
     3.338
     3.055
     3.250
     2.645
     2.593
     3.076
     3.176
     3.346
     2.933
     2.110
     3.091
     2.917
     3.501
     2.392
     2.377
     2.798
     3.021
     3.197
     3.095
     3.237
     3.316
     3.538
     1.834
     2.613
     2.844
     3.087
     3.148
     1.164
     3.075
     1.263
     2.705
     2.697
     2.358
     3.104
     3.154
     3.209
     2.718
     2.493
     3.256
     3.238
     2.023
     2.762
     1.063
     3.212
     3.099
     3.454
     2.608
     2.289
     2.371
     3.429
     3.474
     3.400
     2.666
     3.456
     3.453
     2.848
     2.765
     3.527
     3.669
     3.052
     3.397
     2.489
     2.948
     2.488
     1.592
     2.508
     3.342
     3.091
     2.799
     3.189
     3.079
     3.584
     3.108
     3.532
     2.404
     2.825
     1.291
     3.582
     3.235
     2.557
     3.053
     2.839
     3.567
     3.153
     3.216
     3.092
     2.710
     2.743
     2.975
     3.543
     3.333
     2.602
     2.617
     3.044
     2.550
     3.202
     2.657
     2.647
     2.648
     2.991
     1.994
     2.949
     2.724
     2.644
     2.637
     2.928
     3.272
     2.545
     3.518
     2.789
     3.047
     2.585
     3.295
     2.748
     2.214
     2.717
     2.518
     2.952
     2.591
     2.959
     2.375
     2.660
     2.494
     2.801
     3.567
     2.742
     3.491
     3.455
     3.387
     2.725
     2.395
     2.956
     2.645
     3.033
     2.765
     2.879
     3.103
     1.889
     2.789
     2.433
     3.508
     3.236
     2.908
     2.664
     2.621
     2.990
     2.814
     2.796
     3.410
     3.039
     3.518
     3.105
     3.058
     3.440
     3.261
     2.779
     2.388
     3.212
     2.986
     2.948
     3.284
     3.313
     3.283
     2.829
     2.664
     2.761
     2.785
     3.111
     1.781
     2.638
     3.075
     3.382
     2.665
     3.119
     2.706
     3.674
     2.650
     2.762
     2.653
     3.130
     3.503
     2.627
     2.608
     2.490
     2.565
     3.569
     3.373
     2.876
     2.882
     2.508
     3.134
     3.033
     3.459
     2.651
     2.808
     3.021
     2.771
     3.170
     3.273
     3.213
     2.299
     2.652
     3.406
     3.767
     2.369
     2.690
     2.532
     2.793
     2.769
     3.626
     3.545
     3.471
     2.500
     2.996
     2.587
     2.989
     2.752
     2.280
     2.390
     3.666
     3.076
     3.473
     2.912
     2.550
     3.033
     3.146
     1.496
     2.664
     2.424
     3.269
     2.459
     3.194
     3.111
     2.671
     3.034
     2.729
     3.572
     3.130
     3.073
     2.609
     3.174
     2.953
     2.520
     2.530
     2.798
     2.603
     2.949
     2.464
     2.004
     3.220
     3.125
     3.094
     2.876
     3.595
     3.055
     3.281
     3.076
     2.884
     3.216
     3.442
     2.159
     2.655
     1.688
     2.735
     2.555
     3.338
     2.713
     3.212
     2.671
     3.501
     3.362
     2.575
     2.431
     3.503
     3.057
     3.030
     2.598
     2.767
     1.549
     2.730
     2.730
     3.093
     2.721
     2.277
     3.100
     3.522
     3.255
     2.779
     2.877
     3.439
     3.275
     2.723
     3.310
     3.309
     2.675
     3.742
     1.815
     3.047
     3.369
     2.896
     2.691
     3.222
     2.799
     3.501
     3.137
     2.659
     3.545
     2.678
     2.819
     2.755
     2.632
     3.167
     3.309
     2.888
     3.587
     2.851
     1.886
     2.643
     1.527
     3.411
     3.117
     2.831
     3.158
     2.705
     2.782
     2.682
     2.614
     2.493
     2.982
     2.627
     3.120
     3.546
     2.651
     3.504
     3.153
     2.599
     3.009
     2.533
     2.506
     3.195
     2.869
     3.539
     3.318
     2.964
     2.888
     2.574
     3.604
     2.650
     3.389
     2.515
     3.048
     2.671
     2.976
     2.349
     3.484
     2.660
     3.360
     3.091
     2.514
     2.381
     2.909
     3.315
     3.445
     2.921
     2.671
     2.598
     3.002
     2.688
     3.417
     2.655
     3.356
     3.517
     2.566
     2.544
     3.105
     1.660
     3.452
     3.017
     3.568
     3.039
     2.443
     2.618
     2.952
     2.630
     2.956
     3.376
     2.541
     3.062
     3.064
     2.538
     3.196
     2.940
     3.412
     2.942
     3.365
     3.141
     3.545
     3.587
     2.749
     3.703
     3.035
     2.658
     3.155
     3.269
     2.771
     2.662
     2.790
     2.675
     2.610
     3.093
     3.346
     3.178
     3.180
     3.045
     2.635
     2.719
     3.465
     3.609
     3.555
     2.914
     3.724
     3.425
     2.797
     3.003
     2.879
     3.709
     2.378
     3.410
     2.855
     2.583
     2.635
     3.228
     2.657
     3.594
     3.180
     3.221
     2.377
     2.589
     2.611
     2.821
     3.528
     3.530
     1.208
     3.023
     2.948
     3.414
     3.400
     2.656
     3.527
     3.371
     2.837
     2.531
     3.494
     3.567
     3.014
     3.497
     3.133
     3.475
     3.504
     2.944
     3.579
     1.852
     2.964
     3.103
     2.675
     1.671
     2.280
     2.706
     2.897
     3.240
     2.825
     2.650
     2.975
     3.386
     3.521
     2.648
     1.778
     3.268
     2.689
     3.317
     3.547
     2.501
     1.665
     2.589
     2.673
     3.129
     3.654
     3.569
     1.485
     3.521
     3.527
     3.084
     3.167
     2.688
     3.210
     3.494
     3.051
     2.684
     2.554
     3.120
     3.185
     3.539
     2.309
     2.548
     2.736
     2.410
