     2.567
     2.370
     2.584
     2.599
     2.612
     2.615
     2.578
     2.545
     2.554
     2.562
     2.556
     2.586
     2.637
     2.665
     2.677
     2.687
     2.686
     2.686
     2.686
     2.685
     2.685
     2.697
     2.707
     2.701
     2.679
     2.658
     2.649
     2.656
     2.672
     2.678
     2.684
     2.670
     2.649
     2.606
     2.592
     2.561
     2.540
     2.505
     2.512
     2.542
     2.674
     2.744
     2.798
     2.873
     2.931
     3.045
     3.131
     3.187
     3.215
     3.226
     3.231
     3.229
     3.246
     3.232
     3.223
     3.202
     3.191
     3.165
     3.133
     3.109
     3.082
     3.060
     3.062
     3.077
     3.072
     3.072
     3.073
     3.077
     3.080
     3.065
     3.047
     3.039
     3.031
     3.014
     2.997
     3.015
     3.047
     3.109
     3.194
     3.259
     3.278
     3.249
     3.165
     3.104
     3.072
     3.063
     3.164
     3.236
     3.348
     3.417
     3.443
     3.453
     3.459
     3.457
     3.452
     3.462
     3.468
     3.474
     3.468
     3.450
     3.371
     3.308
     3.247
     3.234
     3.252
     3.291
     3.322
     3.380
     3.413
     3.453
     3.489
     3.511
     3.519
     3.512
     3.503
     3.500
     3.471
     3.464
     3.424
     3.411
     3.386
     3.356
     3.333
     3.290
     3.233
     3.129
     2.989
     2.834
     2.611
     2.410
     2.358
     2.396
     2.301
     2.221
     2.197
     2.170
     2.195
     2.258
     2.505
     2.607
     2.659
     2.711
     2.826
     2.917
     2.965
     2.990
     2.991
     2.962
     2.918
     2.902
     2.890
     2.861
     2.814
     2.750
     2.719
     2.775
     2.842
     2.903
     2.976
     3.028
     3.017
     2.940
     2.830
     2.685
     2.341
     2.098
     1.937
     2.046
     2.133
     2.187
     2.222
     2.280
     2.337
     2.380
     2.437
     2.494
     2.596
     2.646
     2.692
     2.785
     2.870
     2.991
     3.118
     3.275
     3.393
     3.458
     3.480
     3.485
     3.480
     3.478
     3.458
     3.426
     3.385
     3.337
     3.297
     3.243
     3.204
     3.174
     3.143
     3.111
     3.065
     3.018
     2.963
     2.905
     2.850
     2.774
     2.681
     2.560
     2.465
     2.492
     2.498
     2.466
     2.434
     2.420
     2.460
     2.518
     2.546
     2.575
     2.576
     2.582
     2.568
     2.472
     2.391
     2.174
     2.100
     2.275
     2.381
     2.495
     2.590
     2.663
     2.711
     2.762
     2.763
     2.775
     2.781
     2.788
     2.761
     2.742
     2.723
     2.697
     2.651
     2.617
     2.657
     2.765
     2.782
     2.778
     2.766
     2.763
     2.753
     2.741
     2.744
     2.745
     2.746
     2.738
     2.713
     2.693
     2.667
     2.628
     2.597
     2.562
     2.524
     2.487
     2.460
     2.456
     2.471
     2.471
     2.472
     2.473
     2.467
     2.457
     2.504
     2.536
     2.553
     2.560
     3.133
     1.941
     2.625
     2.786
     2.881
     2.552
     2.899
     2.408
     2.111
     2.611
     2.947
     2.841
     3.031
     2.606
     2.888
     2.215
     2.626
     3.052
     2.624
     2.566
     1.079
     2.577
     2.970
     2.544
     3.170
     2.853
     3.237
     2.433
     3.421
     3.079
     3.210
     2.693
     2.563
     2.510
     2.469
     1.133
     2.588
     2.600
     2.319
     2.555
     2.563
     1.651
     2.222
     2.567
     2.886
     2.988
     2.716
     2.606
     2.615
     3.035
     3.153
     2.489
     3.204
     3.499
     2.370
     3.368
     2.810
     3.193
     2.138
     3.020
     2.909
     2.891
     2.859
     2.930
     3.016
     1.471
     2.580
     2.997
     2.934
     2.593
     3.120
     0.944
     2.932
     2.485
     2.489
     2.918
     2.439
     2.864
     3.426
     2.557
     2.576
     2.731
     0.984
     2.332
     2.730
     2.336
     2.533
     3.168
     2.864
     1.877
     2.143
     2.645
     2.130
     2.598
     2.053
     2.668
     2.564
     2.538
     3.330
     2.835
     2.509
     3.197
     1.743
     2.788
     2.639
     2.436
     2.719
     2.544
     2.520
     2.668
     2.577
     2.734
     2.152
     3.731
     3.141
     3.356
     2.460
     2.971
     2.536
     3.166
     2.883
     2.640
     2.239
     2.134
     3.274
     2.629
     2.589
     2.889
     2.830
     2.598
     3.359
     2.921
     2.635
     2.765
     3.403
     1.851
     3.301
     3.056
     2.681
     1.927
     2.309
     2.864
     2.713
     2.051
     2.658
     2.880
     2.753
     2.627
     2.662
     2.423
     2.787
     1.668
     2.061
     2.358
     2.908
     2.012
     2.208
     2.616
     2.698
     3.150
     2.738
     2.655
     2.691
     2.662
     1.491
     3.567
     2.690
     3.786
     2.034
     3.158
     3.320
     2.668
     2.671
     2.807
     2.403
     2.038
     2.471
     2.377
     2.643
     2.491
     3.169
     2.672
     2.721
     2.837
     3.124
     2.698
     2.538
     2.505
     2.220
     1.541
     3.095
     2.512
     2.518
     3.213
     2.827
     3.036
     2.525
     2.891
     2.559
     2.552
     3.055
     3.092
     2.882
     3.012
     2.493
     2.268
     2.571
     3.001
     2.584
     2.954
     3.048
     3.007
     2.559
     2.766
     2.911
     2.597
     2.677
     2.299
     3.115
     1.545
     3.002
     2.685
     2.519
     2.887
     3.143
     1.562
     2.585
     2.156
     2.112
     1.679
     3.020
     1.269
     3.160
     2.960
     3.639
     2.826
     3.052
     3.257
     2.418
     1.216
     3.175
     3.289
     2.232
     3.427
     2.441
     2.611
     3.110
     2.495
     2.496
     2.702
     2.489
     2.264
     2.586
     2.378
     2.475
     2.673
     2.253
     2.592
     2.941
     3.113
     3.038
     2.777
     2.082
     2.606
     2.530
     2.595
     3.321
     3.503
     1.929
     2.625
     2.735
     3.321
     2.902
     2.741
     1.424
     1.394
     3.204
     2.885
     2.899
     2.473
     2.866
     2.569
     2.575
     2.561
     2.484
     2.757
     3.281
     2.801
     2.984
     2.476
     2.714
     2.673
     2.543
     3.198
     2.495
     2.491
     2.327
     2.456
     2.703
     2.833
     2.999
     2.650
     2.431
     2.699
     2.854
     2.869
     3.210
     3.050
     2.410
     2.670
     2.603
     3.087
     2.650
     3.289
     2.142
     2.356
     3.072
     2.564
     3.324
     2.533
     2.563
     3.491
     2.649
     2.858
     2.987
     3.242
     1.270
     2.617
     3.644
     2.391
     3.249
     3.160
     3.041
     2.251
     2.582
     2.387
     3.406
     3.009
     3.536
     2.781
     2.593
     2.540
     2.648
     2.501
     2.786
     2.259
     1.861
     2.501
     2.381
     2.521
     2.193
     2.901
     3.047
     2.736
     2.769
     2.508
     2.738
     2.705
     2.327
     3.463
     2.407
     2.185
     2.771
     2.482
     2.654
     3.354
     2.177
     3.324
     2.622
     2.810
     2.631
     2.314
     2.515
     2.301
     2.533
     2.975
     2.809
     2.506
     0.883
     2.946
     1.341
     2.481
     2.541
     2.677
     2.701
     2.773
     2.606
     2.591
     3.265
     2.762
     2.869
     2.688
     2.705
     3.209
     2.770
     2.556
     1.365
     2.715
     3.735
     3.503
     2.599
     2.748
     2.668
     2.726
     2.546
     1.578
     1.604
     2.638
     2.628
     2.351
     2.918
     3.117
     2.409
     3.152
     3.301
     3.144
     2.737
     1.967
     2.008
     3.003
     2.791
     1.858
     2.596
     2.786
     2.296
     3.068
     2.571
     2.575
     3.014
     2.746
     2.524
     2.653
     3.159
     2.776
     2.661
     2.365
     2.413
     2.286
     2.851
     2.919
     2.640
     2.474
     2.613
     2.790
     2.671
     2.350
     2.525
     3.124
     3.705
     1.979
     3.639
     2.450
     2.672
     2.894
     3.167
     2.535
     2.549
     2.743
     2.857
     1.777
     3.453
     2.311
     2.569
     1.837
     1.550
     2.641
     2.552
     3.146
     3.121
     2.688
     2.480
     2.503
     3.211
     2.887
     3.156
     2.545
     2.894
     3.618
     2.603
     2.553
     2.940
     1.955
     3.334
     2.914
     2.955
     2.528
     2.626
     2.434
     2.671
     3.099
     3.039
     2.649
     2.841
     1.995
     2.625
     2.618
     1.933
     2.659
     2.540
     2.525
     3.636
     3.395
     3.232
     2.304
     3.146
     3.266
     3.235
     2.666
     2.663
     2.054
     3.046
     2.612
     2.052
     2.507
     0.939
     3.055
     2.661
     2.567
     2.375
     2.613
     3.172
     2.156
     2.904
     2.682
     2.961
     2.573
     3.189
     2.261
     1.540
     2.580
     2.073
     3.349
     2.379
     2.403
     2.920
     2.588
     3.066
     2.817
     1.531
     2.906
     3.188
     2.965
     2.772
     1.862
     2.385
     2.485
     2.555
     2.690
     2.673
     2.612
     2.652
     3.071
     2.603
     3.350
     2.928
     2.518
     2.761
     2.885
     3.045
     2.587
     2.578
     2.901
     2.585
     2.617
     3.473
     2.653
     2.736
     3.042
     2.946
     1.327
     3.249
     1.611
     2.045
     2.852
     3.022
     2.571
     2.078
     2.387
     2.661
     2.845
     2.324
     3.182
     2.617
     2.460
     3.122
     3.167
     2.910
     2.542
     3.081
     2.711
     2.995
     2.653
     2.529
     2.501
     2.496
     2.908
     2.247
     2.957
     2.465
     3.084
     3.217
     2.462
     1.515
     2.674
     2.703
     1.218
     2.056
     2.498
     1.447
     2.663
     2.713
     2.400
     2.960
     2.701
     2.874
     2.559
     2.694
     2.703
     2.734
     1.629
     2.895
     2.926
     2.754
     2.644
     1.837
     2.518
     2.897
     2.540
     2.899
     2.300
     3.091
     2.463
     2.646
     2.551
     2.538
     2.562
     2.581
     3.038
     3.277
     2.515
     2.604
     2.614
     2.589
     2.134
     1.746
     3.108
     2.893
     2.678
     2.566
     2.880
     1.765
     3.051
     2.963
     3.260
     2.978
     2.489
     2.884
     2.623
     0.922
     3.131
     3.003
     2.612
     3.292
     2.851
     2.660
     3.617
     2.559
     2.657
     2.589
     2.998
     2.281
     2.955
     3.111
     3.206
     0.798
     2.985
     2.847
     2.724
     0.996
     2.709
     3.303
     2.719
     3.082
     3.384
     2.393
     3.006
     2.489
     2.651
     2.509
     3.017
     2.547
     2.912
     2.120
     2.511
     2.469
     3.053
     3.163
     3.352
     1.627
     2.682
     2.921
     2.625
     3.106
     2.832
     3.049
     3.006
     2.695
     2.943
     2.590
     3.757
     1.574
     2.799
     3.088
     3.362
     2.705
     2.775
     2.691
     3.308
     1.885
     2.330
     2.802
     2.300
     3.099
     1.827
     2.384
     3.097
     2.929
     2.990
     2.413
     3.102
     3.687
     2.727
     3.135
     2.601
     3.313
     2.532
     3.038
     2.551
     3.616
     3.014
     2.528
     2.582
     2.117
     3.564
     2.568
     2.537
     1.534
     3.252
     2.604
     2.394
     2.533
     2.186
     3.045
     2.646
     2.384
     3.381
     2.803
     2.637
     2.958
     2.642
     2.979
     2.547
     2.726
     2.604
     3.121
     3.574
     2.525
     2.484
     2.772
     2.156
     3.250
     3.014
     2.816
     3.237
     3.067
     2.592
     2.609
     2.633
     3.160
     3.222
     2.250
     3.227
     3.135
     2.604
     2.711
     2.871
     2.898
     2.700
     2.228
     2.775
     2.555
     0.829
     2.797
     2.557
     2.121
     2.824
     3.126
     2.144
     2.887
     3.102
     3.115
     2.496
     2.417
     2.968
     2.852
     2.494
     2.560
     2.518
     2.567
     2.174
     2.893
     2.321
     3.072
     2.466
     1.376
     2.551
     2.560
     2.621
     2.800
     3.273
     2.508
     2.929
     2.817
     1.221
     2.554
     2.613
     2.379
     2.782
     2.471
     2.250
     3.183
     2.403
     3.195
     3.431
     2.578
     2.490
     2.687
     2.902
     2.615
     2.941
     2.896
     2.603
     3.047
     2.889
     1.947
     3.099
     1.867
     2.695
     3.012
     2.739
     3.199
     0.908
     2.793
     3.107
     3.110
     3.201
     2.449
     3.433
     3.124
     2.791
     2.514
     2.615
     2.609
     3.454
     2.583
     2.344
     2.409
     2.430
     2.625
     2.524
     0.731
     3.358
     2.547
     2.673
     3.144
     2.780
     2.624
     1.884
     3.192
     1.965
     3.097
     2.362
     2.227
     2.454
     2.612
     2.565
     2.615
     2.689
     2.393
     2.487
     2.734
     3.298
     2.953
     3.344
     2.570
     1.427
     2.779
     2.585
     2.817
     2.876
     2.539
     2.539
     2.283
     2.832
     2.903
     2.746
     2.806
     3.216
     2.325
     2.604
     3.569
     2.679
     2.877
     2.501
     2.599
     2.390
     2.169
     2.655
     2.514
     3.321
     2.778
     2.953
     3.127
     2.639
     2.463
     2.463
     3.187
     2.021
     3.297
     3.621
     3.294
     2.560
     2.572
     1.167
     2.818
     2.258
     2.772
     2.466
     2.545
     3.041
     2.740
     2.642
     2.570
     2.667
     2.550
     3.426
     1.888
     2.580
     3.191
     3.156
     2.892
     2.610
     2.617
     2.546
     2.329
     3.119
     1.995
     2.465
     3.071
     2.533
     3.153
     2.698
     1.078
     2.417
     3.043
     2.424
     1.359
     2.677
     2.743
     3.428
     2.784
     2.882
     2.676
     3.111
     2.840
     2.961
     1.582
     1.487
     2.837
     2.803
     2.551
     2.308
     2.727
     3.069
     2.586
     1.467
     3.086
     1.932
     3.082
     2.612
     2.564
     2.974
     2.269
     2.571
     2.517
     2.744
     3.711
     2.842
     2.938
     3.126
     2.605
     2.658
     3.090
     2.509
     3.496
     2.705
     2.992
     1.002
     2.780
     2.402
     2.405
     2.578
     3.516
     2.628
     3.042
     2.425
     3.376
     2.532
     2.827
     2.954
     2.603
     2.594
     2.485
     3.114
     2.509
     2.731
     2.622
     2.818
     3.045
     2.558
     2.968
     2.737
     3.042
     2.964
     3.412
     2.612
     3.323
     3.310
     2.715
     2.608
     2.529
     1.897
     2.664
     2.919
     2.555
     2.400
     2.601
     2.528
     2.756
     2.666
     2.362
     2.046
     2.520
     2.824
     1.146
     2.661
     3.136
     3.109
     2.246
     2.501
     2.480
     3.241
     2.461
     3.582
     2.552
     2.470
     2.488
     2.731
     2.884
     2.796
     3.351
     2.596
     3.453
     3.480
     2.634
     2.558
     2.328
     3.664
     2.907
     2.631
     2.518
     3.183
     2.405
     2.789
     3.056
     3.258
     2.681
     2.512
     2.669
     1.784
     2.567
     2.526
     2.758
     2.084
     2.525
     2.819
     2.510
     3.167
     2.600
     2.255
     2.959
     2.467
     3.042
     2.438
     2.224
     3.105
     2.030
     3.270
     2.815
     2.194
     2.538
     2.642
     2.660
     3.065
     2.713
     2.074
     3.355
     1.585
     1.343
     3.265
     2.489
     2.240
     2.459
     2.562
     2.531
     2.872
     2.465
     2.491
     2.644
     2.506
     3.109
     2.607
     3.668
     3.049
     2.775
     2.594
     2.666
     2.590
     2.470
     2.568
     2.894
     2.416
     2.742
     1.865
     2.330
     3.088
     3.136
     2.387
     2.555
     2.472
     2.943
     2.656
     3.206
     3.335
     2.841
     3.055
     2.639
     2.474
     3.385
     2.665
     2.129
     2.466
     2.387
     1.412
     3.138
     3.110
     2.604
     2.355
     2.836
     2.755
     2.645
     1.658
     2.673
     3.037
     2.736
     3.149
     2.586
     3.138
     2.394
     2.515
     2.948
     2.687
     1.219
     2.405
     2.668
     1.435
     2.768
     2.934
     2.538
     2.351
     3.237
     3.292
     2.640
     2.889
     2.504
     2.610
     2.807
     2.239
     2.975
     1.602
     2.757
     3.125
     3.200
     3.128
     2.675
     2.417
     2.645
     2.693
     2.585
     2.642
     2.762
     3.001
     2.761
     1.751
     2.431
     2.601
     2.843
     2.791
     2.404
     3.219
     2.802
     3.428
     2.974
     2.897
     2.699
     2.841
     2.863
     2.641
     3.695
     2.474
     3.191
     2.540
     2.780
     1.714
     2.861
     2.432
     2.617
     2.361
     2.981
     2.445
     2.583
     2.574
     2.028
     2.564
     2.612
     2.622
     2.574
     2.243
     3.009
     2.570
     1.781
     1.162
     3.605
     2.944
     2.857
     2.623
     2.493
     3.059
     2.572
     2.708
     3.286
     2.418
     2.632
     3.250
     3.490
     3.206
     3.045
     2.594
     3.056
     3.128
     2.369
     3.267
     2.377
     2.765
     2.570
     2.477
     2.655
     3.503
     1.464
     2.754
     2.726
     2.118
     2.995
     2.539
     2.526
     2.471
     3.379
     3.437
     2.609
     2.644
     2.877
     3.235
     2.659
     3.121
     2.584
     2.839
     3.513
     2.789
     2.966
     3.251
     3.089
     3.476
     2.474
     2.279
     2.798
     3.740
     0.901
     2.862
     2.664
     3.031
     3.095
     2.545
     2.878
     2.602
     3.262
     2.531
     3.248
     2.403
     2.686
     1.751
     3.214
     2.689
     1.514
     2.656
     2.494
     2.777
     2.665
     2.664
     2.371
     3.651
     2.724
     2.569
     3.421
     3.429
     2.601
     2.616
     3.064
     2.680
     2.622
     2.005
     2.811
     2.554
     2.478
     3.087
     2.943
     2.957
     3.163
     1.937
     0.896
     2.384
     2.159
     3.613
     2.449
     1.713
     2.733
     2.601
     2.290
     2.509
     2.399
     1.246
     1.257
     3.141
     2.621
     2.687
     2.588
     2.426
     3.345
     2.051
     1.482
     2.815
     2.955
     2.760
     2.231
     2.922
     2.361
     2.568
     2.553
     1.712
     2.550
     3.030
     2.512
     2.480
     2.954
     2.549
     2.634
     2.811
     2.774
     2.600
     3.405
     3.234
     3.295
     2.267
     2.485
     2.945
     2.396
     1.834
     1.603
     2.441
     1.840
     2.718
     3.442
     2.290
     2.725
     2.671
     2.626
     2.718
     3.310
     2.891
     2.617
     2.705
     2.510
     2.000
     2.612
     3.468
     2.713
     1.965
     3.135
     2.412
     3.123
     1.997
     3.120
     2.911
     2.580
     2.783
     1.446
     3.123
     2.675
     2.495
     3.491
     2.850
     2.057
     1.658
     2.104
     3.180
     2.472
     2.561
     2.509
     1.525
     2.941
     1.208
     2.672
     2.543
     2.639
     2.763
     2.745
     3.329
     2.629
     2.493
     2.597
     2.811
     2.926
     2.271
     2.921
     1.991
     3.037
     2.232
     2.621
     2.543
     2.487
     2.640
     2.654
     2.535
     2.287
     2.823
     2.082
     2.925
     2.669
     3.078
     2.632
     2.849
     2.878
     3.279
     2.183
     2.677
     2.747
     2.678
     2.304
     2.606
     3.306
     3.590
     2.525
     2.662
     2.432
     2.968
     2.668
     2.831
     2.727
     2.565
     2.513
     3.207
     2.748
     2.827
     2.738
     2.611
     2.533
     2.442
     2.577
     2.744
     2.527
     2.889
     2.529
     2.574
     2.624
     2.561
     1.523
     2.365
     2.766
     3.043
     3.051
     3.047
     3.189
     2.445
     2.696
     3.090
     2.720
     3.185
     2.668
     2.292
     3.191
     3.203
     3.776
     2.860
     2.788
     2.636
     3.206
     2.613
     2.275
     1.339
     3.013
     3.165
     2.577
     2.905
     3.072
     2.144
     3.040
     2.925
     2.709
     3.521
     2.699
     2.781
     2.460
     2.189
     2.916
     2.803
     2.170
     3.641
     2.617
     1.669
     2.479
     2.950
     2.946
     2.022
     2.603
     3.577
     1.727
     3.134
     2.555
     2.899
     2.327
     2.553
     3.300
     2.513
     3.254
     2.484
     2.622
     2.320
     2.685
     2.521
     2.402
     3.134
     3.274
     3.183
     2.615
     2.223
     3.015
     2.457
     1.837
     3.047
     2.873
     2.852
     2.054
     2.784
     2.100
     2.626
     1.265
     3.163
     2.761
     2.403
     2.303
     3.010
     2.543
     2.662
     2.356
     3.142
     2.572
     2.755
     2.565
     2.592
     2.756
     2.596
     2.546
     2.353
     2.898
     2.976
     2.514
     2.825
     2.105
     2.699
     2.455
     3.505
     2.699
     2.510
     1.774
     3.010
     3.255
     3.550
     2.818
     2.800
     2.068
     3.201
     3.328
     2.600
     3.335
     2.599
     3.001
     2.849
     2.709
     2.518
     2.661
     2.643
     2.193
     2.812
     1.387
     1.742
     2.694
     3.200
     2.860
     2.929
     2.645
     2.384
     3.130
     3.166
     2.896
     2.567
     2.755
     2.565
     2.656
     2.536
     2.739
     2.596
     2.693
     2.439
     2.417
     3.081
     1.733
     0.976
     3.012
     2.455
     2.607
     2.572
     2.790
     2.930
     2.536
     1.952
     3.719
     2.898
     2.615
     3.390
     2.916
     2.693
     2.611
     1.558
     2.631
     3.011
     2.643
     2.884
     3.147
     2.634
     2.532
     1.498
     2.641
     2.945
     2.803
     2.633
     2.544
     2.432
     3.330
     2.707
     2.723
     2.621
     3.592
     2.597
     3.105
     2.951
     2.639
     2.533
     2.506
     3.139
     2.659
     1.087
     2.670
     2.391
     2.731
     1.431
     2.063
     2.817
     2.808
     2.920
     2.667
     2.607
     2.734
     2.910
     1.651
     2.558
     3.129
     2.328
     2.788
     2.599
     2.877
     3.106
     2.861
     2.969
     2.375
     2.939
     1.413
     2.605
     1.797
     2.704
     1.662
     3.633
     2.382
     2.578
     2.749
     2.858
     3.241
     2.725
     1.970
     2.890
     2.391
     2.545
     2.100
     2.636
     2.712
     2.069
     2.022
     2.609
     2.996
     2.966
     2.878
     3.222
     2.826
     2.113
     2.603
     2.620
     2.923
     3.323
     2.482
     1.999
     2.422
     3.144
     3.067
     3.260
     2.490
     2.658
     2.731
     2.287
     2.904
     3.045
     3.097
     3.206
     2.577
     2.523
     2.695
     3.079
     2.646
     2.341
     2.390
     2.667
     2.753
     2.394
     2.537
     2.560
     3.065
     2.931
     3.436
     2.578
     1.328
     2.712
     2.645
     3.107
     3.099
     2.618
     2.670
     2.997
     2.554
     2.435
     2.900
     2.737
     2.149
     3.208
     1.118
     1.845
     3.422
     3.111
     3.187
     3.220
     2.922
     3.043
     2.829
     2.720
     2.489
     3.117
     2.760
     2.726
     3.072
     2.811
     2.426
     2.411
     1.566
     2.576
     2.382
     2.631
     2.853
     2.852
     2.602
     3.182
     2.795
     2.513
     2.781
     3.387
     2.795
     2.570
     2.489
     2.992
     2.863
     2.585
     3.242
     3.716
     2.533
     2.596
     2.644
     2.793
     2.830
     2.679
     2.708
     2.679
     2.746
     2.638
     3.102
     2.919
     3.339
     1.452
     2.506
     2.610
     2.879
     2.560
     2.623
     2.243
     2.573
     2.472
     2.556
     1.240
     2.636
     3.019
     2.477
     2.567
     2.608
     2.808
     1.586
     1.627
     3.154
     3.019
     3.141
     2.910
     3.083
     1.758
     2.718
     2.584
     2.507
     2.931
     2.296
     2.390
     2.502
     2.466
     2.485
     2.750
     3.141
     2.507
     3.204
     2.822
     2.538
     2.546
     3.454
     2.878
     2.440
     3.110
     3.193
     2.164
     2.607
     1.849
     1.788
     2.575
     2.638
     3.607
     3.498
     2.356
     2.452
     2.751
     3.069
     2.676
     1.680
     1.770
     2.513
     2.203
     2.399
     3.658
     2.668
     2.484
     3.771
     2.318
     1.979
     1.808
     3.084
     2.548
     3.121
     2.791
     1.515
     2.625
     3.158
     2.863
     2.654
     2.851
     2.087
     2.719
     3.680
     2.226
     3.084
     2.795
     3.093
     2.873
     2.802
     0.665
     3.284
     2.939
     2.558
     1.552
     2.978
     2.686
     3.088
     3.188
     2.876
     3.310
     2.352
     3.100
     2.477
     3.192
     2.974
     3.081
     2.654
     2.937
     3.582
     2.268
     2.330
     3.444
     1.305
     3.084
     3.017
     3.685
     3.120
     2.929
     2.643
     2.640
     2.677
     2.489
     3.370
     3.168
     2.462
     2.908
     2.950
     3.424
     2.806
     2.681
     1.358
     2.296
     2.613
     2.589
     3.105
     3.323
     2.689
     3.244
     2.685
     2.422
     2.635
     2.816
     3.198
     2.852
     2.849
     3.407
     3.321
     2.563
     2.529
     2.962
     3.255
     2.502
     3.209
     2.924
     2.807
     2.629
     3.196
     0.661
     1.409
     2.906
     2.660
     3.042
     2.556
     3.092
     1.381
     2.604
     2.341
     2.616
     3.374
     2.552
     2.353
     2.441
     3.591
     2.763
     3.068
     2.518
     3.275
     2.915
     2.163
     2.990
     2.840
     3.282
     3.111
     3.033
     3.078
     2.606
     3.003
     3.028
     3.006
     3.244
     2.466
     2.894
     3.067
     3.119
     1.816
     2.475
     2.859
     2.918
     2.624
     2.534
     2.876
     2.539
     3.221
     3.296
     3.166
     3.021
     2.695
     2.915
     2.581
     2.572
     3.064
     2.537
     3.168
     2.847
     3.109
     2.625
     2.682
     3.106
     2.832
     2.777
     3.064
     3.030
     3.061
     2.881
     2.513
     2.660
     2.561
     2.982
     3.008
     1.610
     2.383
     2.666
     3.513
     3.055
     2.208
     2.728
     2.949
     2.989
     2.788
     2.568
     3.145
     2.851
     2.556
     2.489
     2.310
     2.418
     2.537
     2.554
     2.592
     2.326
     3.224
     3.580
     2.479
     2.830
     2.911
     3.048
     2.483
     2.501
     2.725
     2.595
     2.177
     3.289
     2.696
     3.643
     2.561
     3.130
     3.189
     2.576
     3.062
     2.592
     2.519
     2.531
     2.323
     2.974
     2.659
     3.148
     2.130
     2.531
     2.888
     2.610
     3.071
     2.098
     2.551
     2.539
     2.607
     2.166
     2.534
     2.898
     3.754
     3.491
     2.868
     2.802
     2.563
     3.023
     2.833
     2.993
     3.209
     0.849
     2.591
     2.909
     3.258
     1.202
     2.401
     3.383
     2.883
     2.938
     3.029
     2.510
     3.029
     2.572
     2.601
     2.689
     2.580
     2.721
     3.071
     3.018
     3.170
     2.617
     3.374
     2.544
     2.905
     2.111
     2.544
     2.298
     2.941
     2.126
     3.076
     2.136
     2.639
     3.423
     3.183
     2.686
     2.573
     2.390
     2.650
     2.547
     3.141
     2.437
     2.587
     2.590
     2.263
     2.250
     2.592
     2.564
     2.615
     2.029
     2.376
     3.072
     2.680
     2.953
     2.849
     2.719
     3.136
     2.807
     2.982
     2.295
     2.606
     2.538
     2.897
     2.721
     2.552
     2.708
     2.684
     1.259
     2.251
     2.667
     1.615
     2.588
     3.055
     2.917
     2.345
     2.979
     2.662
     2.649
     3.058
     2.582
     3.069
     2.764
     2.667
     2.050
     2.599
     1.690
     2.753
     1.426
     2.750
     2.810
     2.623
     2.089
     2.519
     2.651
     2.617
     2.471
     2.412
     2.073
     2.636
     3.612
     3.192
     2.559
     1.914
     2.789
     2.578
     2.543
     3.011
     2.187
     2.557
     2.648
     2.315
     2.785
     2.622
     2.412
     2.691
     2.856
     2.544
     2.485
     2.730
     2.934
     2.683
     2.632
     2.162
     2.632
     3.375
     3.200
     3.344
     2.639
     2.828
     2.641
     2.961
     3.178
     2.599
     3.226
     2.547
     2.706
     2.637
     2.708
     2.975
     2.698
     2.699
     2.588
     2.746
     3.218
     2.343
     3.181
     1.463
     2.423
     1.489
     2.584
     2.876
     2.935
     2.361
     2.801
     2.820
     0.954
     2.480
     2.202
     1.925
     2.814
     2.548
     2.640
     2.449
     3.302
     0.930
     2.953
     2.552
     2.303
     3.007
     2.922
     3.136
     3.293
     2.593
     1.454
     2.503
     2.688
     3.024
     3.310
     2.516
     2.788
     2.888
     2.790
     2.346
     2.544
     3.159
     1.597
     3.004
     3.112
     2.908
     2.884
     3.138
     2.462
     2.834
     2.527
     3.022
     2.615
     2.506
     3.364
     2.673
     2.903
     2.602
     3.037
     2.546
     2.933
     2.715
     2.765
     2.957
     2.345
     2.561
     2.300
     2.507
     1.748
     2.598
     3.132
     2.660
     1.293
     2.581
     3.003
     3.153
     2.473
     2.619
     3.033
     2.535
     3.199
     2.681
     3.062
     2.438
     2.274
     2.956
     1.983
     3.538
     1.330
     3.159
     1.764
     2.735
     2.532
     2.358
     2.643
     2.702
     2.530
     3.045
     2.759
     2.770
     2.717
     2.528
     2.358
     1.181
     2.570
     3.108
     2.555
     2.486
     2.786
     2.998
     3.086
     2.389
     3.063
     2.878
     3.507
     2.623
     3.148
     2.592
     2.792
     2.816
     2.460
     3.404
     3.049
     2.531
     2.603
     2.612
     2.644
     2.744
     2.711
     3.409
     3.245
     3.218
     2.341
     2.422
     2.290
     3.295
     2.531
     3.029
     2.554
     2.484
     3.542
     3.067
     3.013
     1.234
     1.889
     2.967
     2.595
     2.546
     2.828
     2.793
     2.501
     3.619
     2.913
     2.751
     2.493
     2.890
     2.545
     2.848
     2.698
     2.512
     3.103
     2.612
     3.054
     2.581
     2.654
     3.099
     2.623
     2.198
     2.634
     3.335
     3.090
     2.614
     1.376
     2.019
     2.919
     2.573
     2.730
     2.892
     2.729
     3.001
     2.968
     2.917
     2.042
     2.617
     1.070
     2.894
     2.884
     2.901
     2.504
     2.282
     3.113
     3.234
     2.610
     2.110
     3.138
     3.003
     2.574
     2.845
     2.295
     3.220
     2.396
     2.667
     1.907
     2.726
     2.113
     2.286
     1.193
     2.720
     2.590
     3.115
     3.093
     3.554
     3.224
     3.166
     2.641
     2.503
     3.291
     3.249
     3.374
     3.224
     2.116
     2.665
     2.330
     2.121
     2.676
     2.448
     2.757
     2.469
     2.824
     2.808
     2.727
     2.752
     3.152
     2.674
     2.785
     2.581
     2.577
     2.413
     1.170
     2.899
     2.327
     2.744
     2.120
     1.168
     2.691
     2.165
     2.738
     2.483
     2.748
     2.725
     2.822
     2.574
     3.026
     2.504
     2.919
     2.646
     2.603
     2.618
     2.064
     2.337
     3.262
     3.067
     2.813
     2.765
     2.586
     2.777
     2.746
     2.680
     2.625
     2.809
     3.218
     2.547
     2.519
     2.318
     1.229
     2.938
     2.550
     2.529
     3.153
     2.539
     2.583
     2.878
     2.922
     3.295
     2.823
     2.226
     3.063
     2.495
     2.784
     1.839
     2.505
     2.555
     2.607
     3.270
     3.124
     2.469
     3.286
     2.106
     2.637
     2.035
     3.494
     2.542
     2.993
     2.635
     2.892
     2.552
     2.608
     2.833
     2.673
     2.667
     3.315
     2.911
     2.952
     2.035
     2.908
     3.284
     2.574
     2.703
     2.946
     2.962
     2.638
     2.522
     2.049
     3.078
     1.494
     2.504
     3.045
     2.926
     2.474
     2.615
     2.932
     2.775
     2.559
     2.322
     2.568
     3.055
     2.990
     2.716
     3.477
     2.831
     1.108
     1.076
     2.653
     3.170
     2.549
     2.671
     2.613
     3.102
     2.482
     2.499
     2.650
     2.474
     2.722
     0.974
     2.612
     2.531
     2.551
     2.913
     2.498
     3.776
     1.789
     1.947
     3.070
     2.650
     2.569
     2.484
     3.051
     2.606
     2.487
     2.547
     2.658
     3.021
     3.592
     3.051
     2.737
     2.477
     2.582
     1.219
     3.069
     2.666
     2.960
     3.016
     3.453
     3.214
     2.623
     2.489
     2.345
     2.191
     2.667
     3.017
     3.459
     2.560
     2.506
     2.964
     2.502
     2.577
     2.547
     2.677
     2.485
     2.848
     2.494
     2.308
     2.999
     2.879
     3.025
     2.694
     2.271
     2.418
     3.174
     3.052
     3.339
     2.471
     3.077
     2.709
     2.573
     1.975
     2.719
     1.965
     2.369
     2.823
     3.077
     2.663
     2.867
     2.676
     2.922
     2.064
     1.991
     2.668
     3.702
     1.095
     2.540
     1.835
     1.531
     3.287
     3.226
     3.412
     3.068
     2.419
     2.484
     1.590
     2.771
     3.452
     3.159
     2.992
     3.151
     2.529
     2.598
     2.583
     2.498
     3.411
     1.333
     1.918
     3.028
     2.716
     3.357
     2.751
     2.398
     2.650
     2.463
     2.645
     2.449
     1.450
     2.427
     3.173
     2.191
     2.587
     3.016
     2.891
     2.887
     3.539
     2.566
     3.364
     2.897
     2.561
     2.531
     2.376
     2.615
     3.033
     3.013
     2.186
     2.605
     2.514
     3.168
     3.117
     2.578
     2.478
     3.638
     3.122
     2.571
     2.588
     2.619
     3.176
     2.626
     2.730
     2.886
     2.465
     2.887
     3.020
     3.012
     3.290
     2.600
     3.293
     3.613
     1.846
     2.671
     2.566
     2.279
     3.059
     3.117
     3.084
     2.476
     2.568
     2.590
     2.549
     2.232
     2.443
     3.217
     2.194
     2.589
     2.143
     3.760
     3.392
     2.722
     2.629
     3.299
     2.526
     2.255
     2.748
     3.259
     3.125
     3.161
     2.591
     3.173
     2.628
     2.770
     2.912
     2.666
     2.905
     2.682
     3.214
     2.533
     2.648
     3.307
     2.592
     3.025
     1.661
     3.183
     2.868
     2.536
     2.895
     2.459
     2.684
     2.259
     3.279
     2.298
     2.577
     2.555
     2.424
     2.614
     2.578
     2.292
     2.610
     2.308
     2.791
     2.506
     2.269
     2.119
     3.362
     3.736
     2.756
     3.610
     3.405
     2.481
     1.970
     2.520
     3.008
     2.832
     2.595
     2.924
     2.910
     2.802
     2.502
     3.067
     2.852
     3.103
     2.596
     2.068
     2.115
     1.488
     1.705
     2.554
     2.797
     2.372
     3.438
     2.137
     2.891
     2.466
     2.937
     3.131
     2.525
     3.323
     2.360
     2.881
     2.871
     3.257
     3.267
     2.528
     2.958
     1.954
     3.109
     3.201
     2.413
     3.133
     2.693
     3.185
     2.554
     2.617
     2.593
     2.980
     2.481
     2.033
     0.969
     1.330
     3.100
     3.289
     3.152
     3.350
     3.389
     2.751
     2.548
     2.572
     2.717
     2.539
     2.718
     3.156
     2.421
     2.623
     1.641
     2.577
     2.644
     3.480
     2.609
     1.922
     3.135
     2.508
     3.614
     2.771
     2.944
     2.730
     2.884
     3.423
     2.880
     3.313
     3.209
     2.989
     3.160
     2.687
     3.153
     1.931
     2.994
     3.416
     2.536
     3.158
     2.682
     2.929
     2.883
     2.747
     2.756
     3.168
     2.407
     2.510
     2.494
     2.627
     2.738
     2.304
     2.485
     1.512
     2.556
     3.322
     2.903
     2.575
     2.404
     2.824
     3.249
     2.414
     2.682
     3.730
     2.518
     2.937
     2.381
     2.486
     3.325
     3.372
     2.408
     2.806
     2.533
     2.783
     2.632
     2.276
     2.575
     2.781
     3.151
     2.644
     2.539
     2.936
     3.251
     2.621
     2.718
     2.624
     2.586
     2.604
     2.354
     1.790
     3.005
     3.023
     1.950
     2.812
     2.715
     2.829
     2.983
     2.364
     2.618
     0.908
     2.619
     2.655
     3.490
     3.284
     2.454
     2.670
     3.136
     3.301
     2.541
     2.823
     2.705
     1.797
     2.435
     2.958
     2.604
     2.948
     2.725
     2.580
     2.752
     2.825
     3.210
     3.018
     2.541
     2.542
     3.523
     2.466
     2.602
     3.436
     1.230
     2.654
     2.695
     2.677
     2.624
     2.319
     2.554
     2.347
     2.633
     3.135
     3.199
     2.643
     1.099
     2.510
     3.024
     2.977
     2.726
     3.049
     2.442
     3.190
     1.774
     2.859
     1.856
     3.488
     2.747
     3.157
     2.390
     3.201
     2.539
     3.300
     2.726
     3.161
     2.635
     2.784
     3.131
     2.838
     2.635
     2.639
     2.771
     3.532
     2.829
     2.873
     0.891
     2.714
     1.309
     2.655
     2.570
     2.942
     3.451
     3.287
     1.937
     2.628
     2.180
     2.779
     2.593
     2.987
     2.416
     2.603
     2.514
     3.304
     3.395
     2.157
     2.351
     2.537
     2.561
     1.202
     2.093
     2.635
     2.782
     2.483
     2.819
     2.635
     2.410
     2.596
     2.666
     2.485
     2.753
     2.360
     2.524
     3.223
     2.869
     2.405
     2.774
     2.518
     2.888
     3.541
     3.239
     2.855
     2.613
     2.852
     2.831
     2.560
     2.378
     3.271
     2.747
     2.415
     2.521
     2.522
     2.394
     2.449
     2.873
     2.499
     2.546
     2.793
     2.702
     2.412
     2.611
     0.861
     2.536
     2.626
     1.727
     2.590
     2.363
     2.980
     2.330
     2.498
     2.605
     2.492
     3.096
     2.269
     2.616
     2.853
     3.656
     2.516
     2.528
     2.066
     2.443
     3.186
     2.616
     2.352
     2.810
     2.386
     2.554
     1.881
     3.351
     2.483
     3.141
     2.269
     2.282
     2.998
     3.136
     2.280
     3.092
     2.627
     3.127
     3.118
     2.695
     2.664
     2.401
     3.399
     3.408
     2.572
     2.555
     2.731
     2.501
     2.610
     1.584
     3.240
     2.875
     2.028
     2.655
     2.994
     2.443
     2.751
     3.224
     3.089
     2.589
     2.975
     1.635
     3.017
     2.885
     2.512
     2.114
     2.550
     2.932
     1.652
     2.750
     0.959
     2.668
     1.512
     2.548
     2.574
     1.083
     2.539
     2.488
     1.341
     2.401
     2.774
     3.504
     2.771
     2.397
     3.077
     2.766
     3.094
     2.731
     3.215
     2.679
     2.663
     2.629
     2.946
     1.759
     3.055
     2.673
     2.308
     3.199
     3.358
     3.160
     2.587
     2.473
     2.842
     3.097
     2.881
     3.046
     3.093
     2.534
     3.193
     2.643
     1.021
     3.469
     2.713
     2.720
     3.236
     2.500
     2.860
     2.398
     2.664
     2.362
     3.315
     2.592
     2.482
     2.459
     2.532
     3.390
     2.835
     2.611
     2.112
     2.640
     2.707
     2.445
     3.206
     2.424
     3.590
     2.116
     2.447
     2.836
     2.476
     2.543
     3.187
     2.524
     2.828
     2.536
     2.809
     2.493
     2.524
     2.334
     2.748
     2.810
     2.932
     2.760
     2.744
     2.591
     2.780
     2.244
     2.916
     3.028
     2.378
     2.524
     3.089
     2.450
     2.942
     2.606
     2.945
     3.434
     2.320
     2.912
     1.764
     2.632
     2.383
     2.810
     3.093
     2.012
     2.326
     1.443
     3.300
     3.481
     2.887
     2.609
     2.309
     3.559
     2.748
     3.329
     1.942
     3.130
     2.126
     2.580
     1.248
     2.137
     2.501
     2.751
     2.664
     2.479
     3.206
     2.921
     2.665
     2.592
     2.571
     2.371
     2.862
     2.899
     2.267
     2.878
     2.869
     2.526
     3.152
     2.656
     2.643
     2.913
     2.860
     3.035
     3.045
     2.890
     2.569
     2.037
     2.931
     1.308
     2.160
     2.758
     3.236
     2.358
     2.726
     2.571
     2.767
     2.505
     2.547
     2.618
     3.323
     1.724
     2.589
     2.724
     2.873
     2.586
     2.484
     1.013
     2.577
     2.717
     2.605
     2.394
     3.009
     2.865
     2.450
     3.434
     3.158
     3.008
     2.966
     2.624
     2.503
     2.684
     2.590
     2.805
     2.980
     3.006
     2.732
     1.448
     2.386
     3.083
     2.485
     2.499
     3.290
     3.032
     2.002
     2.866
     3.069
     3.163
     2.985
     2.880
     2.104
     2.403
     2.641
     1.126
     2.989
     2.958
     2.628
     2.589
     2.949
     2.459
     2.456
     2.609
     2.697
     2.789
     2.572
     1.606
     2.631
     2.884
     2.803
     2.902
     2.350
     2.964
     3.408
     2.573
     3.008
     2.105
     3.112
     1.783
     2.456
     2.863
     2.604
     3.057
     3.167
     3.183
     2.534
     1.909
     2.508
     2.687
     3.227
     2.939
     2.394
     3.375
     1.675
     2.558
     2.859
     3.295
     3.300
     2.667
     3.179
     2.580
     3.439
     2.583
     2.698
     2.743
     2.251
     2.371
     2.443
     2.270
     2.731
     2.381
     2.634
     2.495
     2.747
     2.770
     2.652
     2.775
     3.137
     3.398
     2.568
     3.014
     3.724
     2.469
     3.061
     2.877
     3.460
     2.619
     2.616
     2.743
     3.085
     2.656
     1.985
     2.545
     2.605
     1.746
     2.474
     2.458
     2.785
     3.053
     1.378
     2.476
     2.844
     2.279
     2.678
     2.866
     2.713
     3.253
     2.865
     2.406
     2.444
     2.920
     2.679
     2.761
     2.570
     2.530
     2.715
     2.674
     2.452
     3.564
     2.526
     3.489
     3.163
     3.097
     2.901
     2.503
     3.136
     2.371
     2.497
     2.618
     2.918
     3.643
     2.942
     2.370
     0.979
     2.945
     2.642
     2.716
     2.432
     2.682
     2.351
     2.282
     2.558
     2.563
     2.393
     2.605
     2.508
     2.634
     3.608
     2.609
     2.512
     2.531
     2.717
     2.588
     2.464
     2.608
     1.978
     2.060
     2.883
     2.535
     1.694
     2.996
     2.418
     2.635
     2.629
     2.641
     2.259
     2.396
     2.760
     2.687
     2.671
     2.839
     2.560
     1.565
     2.685
     2.763
     1.961
     2.620
     2.548
     2.609
     2.657
     3.199
     2.738
     2.390
     3.413
     2.712
     3.187
     3.407
     2.568
     3.239
     2.633
     2.859
     2.054
     2.722
     3.057
     2.535
     3.076
     3.257
     2.496
     2.398
     3.140
     1.962
     2.822
     2.343
     2.293
     2.863
     3.258
     3.176
     2.454
     2.584
     3.138
     2.536
     3.110
     2.602
     2.979
     2.749
     2.853
     3.190
     3.392
     3.505
     2.111
     2.602
     2.544
     2.536
     2.638
     3.543
     2.604
     2.111
     2.525
     2.705
     2.936
     2.918
     2.316
     2.759
     2.663
     1.551
     2.650
     2.505
     2.184
     3.204
     3.133
     3.219
     3.028
     2.737
     2.174
     2.909
     3.134
     3.396
     3.064
     2.237
     1.486
     2.215
     2.023
     2.903
     2.673
     3.611
     3.245
     2.645
     2.499
     2.921
     2.275
     2.950
     2.743
     1.623
     2.430
     2.358
     2.575
     1.881
     3.103
     3.288
     2.949
     2.383
     2.523
     3.144
     2.975
     2.581
     2.633
     2.600
     1.953
     1.391
     2.556
     2.850
     3.119
     1.889
     3.276
     2.597
     3.333
     1.961
     2.650
     2.584
     2.533
     2.948
     2.760
     2.767
     2.633
     2.641
     2.539
     2.699
     2.552
     2.422
     3.241
     2.698
     2.339
     2.651
     1.790
     2.839
     2.643
     2.331
     2.775
     2.484
     2.267
     2.440
     2.796
     2.592
     3.149
     2.762
     2.484
     3.163
     2.348
     2.684
     2.741
     2.491
     2.668
     2.689
     2.393
     2.577
     2.070
     2.816
     2.723
     2.611
     2.686
     2.735
     2.207
     3.080
     2.715
     2.842
     3.360
     1.974
     2.539
     2.719
     2.640
     2.503
     2.496
     2.570
     3.666
     2.839
     2.698
     2.702
     2.532
     2.560
     2.073
     2.988
     2.724
     2.775
     2.703
     3.031
     3.493
     2.595
     2.517
     2.944
     2.105
     2.643
     2.587
     3.122
     0.944
     2.537
     3.212
     3.296
     2.563
     3.197
     2.301
     2.316
     2.292
     2.283
     3.424
     2.847
     3.156
     2.603
     2.633
     2.953
     3.077
     2.212
     2.536
     2.643
     2.673
     2.836
     2.835
     2.641
     2.840
     1.650
     2.796
     2.668
     1.238
     1.155
     2.333
     2.617
     2.631
     2.337
     2.286
     2.447
     2.842
     2.581
     3.117
     2.951
     2.876
     3.117
     2.956
     2.716
     2.306
     3.012
     2.362
     1.713
     2.799
     2.684
     2.583
     2.561
     2.651
     2.673
     1.669
     2.555
     2.596
     2.795
     2.430
     2.616
     3.360
     2.505
     2.620
     3.088
     3.382
     2.532
     2.630
     1.289
     2.030
     2.511
     3.442
     2.931
     2.591
     2.545
     3.252
     2.545
     2.748
     2.648
     2.441
     1.759
     2.427
     3.185
     2.907
     2.629
     3.012
     3.758
     3.312
     2.644
     1.816
     3.288
     2.782
     1.219
     2.586
     2.427
     3.207
     2.819
     2.890
     2.927
     2.585
     3.344
     2.538
     2.395
     2.652
     3.108
     2.502
     2.626
     2.955
     1.924
     2.442
     3.543
     3.212
     3.168
     3.329
     2.339
     2.494
     3.085
     2.561
     3.673
     3.190
     2.584
     3.102
     1.889
     2.047
     2.394
     2.417
     3.171
     2.731
     2.639
     2.685
     3.173
     2.677
     2.377
     2.476
     2.889
     2.665
     2.718
     2.896
     2.547
     2.520
     2.557
     2.926
     2.581
     2.555
     2.389
     3.030
     3.213
     2.545
     3.169
     1.495
     3.031
     3.030
     2.582
     2.874
     2.674
     2.641
     2.611
     2.168
     2.774
     3.080
     3.128
     2.988
     1.651
     2.892
     1.778
     2.773
     2.594
     2.931
     2.543
     2.502
     3.378
     3.162
     2.619
     1.948
     2.859
     2.650
     3.659
     2.450
     3.105
     2.908
     2.742
     3.205
     2.684
     2.913
     3.213
     2.566
     2.860
     3.195
     2.526
     3.442
     2.832
     3.109
     2.636
     3.349
     2.572
     2.823
     3.078
     2.763
     2.526
     2.401
     2.577
     2.500
     2.501
     3.298
     2.465
     2.644
     1.040
     3.307
     2.916
     2.604
     1.506
     2.648
     3.079
     2.566
     1.561
     3.495
     2.713
     3.673
     2.563
     3.707
     1.931
     2.253
     3.002
     2.168
     3.325
     3.160
     2.995
     3.326
     2.628
     3.275
     2.496
     2.576
     2.806
     2.635
     2.162
     2.641
     2.486
     2.987
     2.380
     3.711
     2.750
     2.632
     2.468
     2.292
     1.414
     3.719
     2.285
     2.926
     3.116
     2.462
     2.822
     3.563
     2.759
     2.920
     2.630
     2.043
     3.460
     2.226
     3.137
     2.465
     2.584
     2.277
     2.632
     2.610
     2.335
     2.427
     2.756
     3.257
     1.356
     2.725
     2.527
     2.668
     2.494
     2.740
     2.637
     3.165
     2.595
     3.477
     2.731
     3.184
     2.467
     3.040
     2.108
     2.491
     2.536
     2.681
     2.519
     2.850
     3.404
     3.083
     2.543
     2.997
     3.060
     2.549
     2.424
     3.166
     2.424
     2.645
     2.501
     3.145
     3.149
     2.353
     3.143
     2.673
     0.874
     2.622
     2.360
     3.171
     2.728
     3.095
     2.905
     2.841
     2.879
     3.343
     2.633
     2.081
     1.935
     2.241
     2.485
     3.087
     2.610
     2.506
     2.508
     2.674
     2.559
     3.182
     2.743
     2.733
     2.917
     2.373
     3.192
     2.552
     2.767
     2.795
     2.676
     2.606
     2.613
     2.768
     2.656
     2.772
     2.498
     2.300
     2.111
     2.391
     2.453
     2.545
     2.464
     3.427
     2.640
     2.944
     2.163
     2.671
     3.431
     2.550
     2.950
     3.186
     3.665
     2.484
     1.932
     2.641
     2.666
     2.605
     3.017
     2.615
     3.117
     2.511
     2.836
     1.396
     2.554
     3.102
     2.571
     2.947
     2.633
     2.901
     2.659
     2.638
     3.326
     3.437
     2.520
     2.644
     3.389
     3.620
     1.650
     2.803
     3.007
     2.628
     2.714
     2.694
     2.566
     2.498
     2.543
     2.481
     1.396
     2.812
     2.439
     3.394
     2.634
     3.329
     3.613
     2.947
     2.467
     2.727
     2.802
     1.302
     2.522
     3.232
     3.405
     2.527
     2.777
     2.935
     3.167
     3.046
     2.519
     2.317
     2.870
     2.531
     3.053
     2.584
     3.221
     2.354
     0.947
     2.567
     2.753
     2.128
     2.991
     2.523
     2.544
     2.592
     3.022
     3.008
     2.996
     2.801
     2.677
     2.959
     2.343
     2.030
     2.888
     2.752
     3.484
     2.073
     2.048
     2.955
     3.052
     2.599
     2.448
     3.117
     1.793
     2.793
     2.737
     2.566
     2.618
     3.189
     3.327
     3.040
     3.008
     2.717
     3.147
     2.924
     2.551
     2.320
     2.581
     2.475
     2.548
     2.906
     0.725
     2.717
     3.115
     2.694
     2.929
     2.763
     2.736
     3.326
     3.321
     2.667
     2.680
     2.320
     1.528
     2.989
     2.258
     2.530
     2.392
     3.147
     3.468
     2.886
     2.631
     2.425
     1.890
     2.946
     2.591
     3.108
     2.379
     2.496
     2.338
     1.117
     2.382
     2.745
     2.564
     2.681
     3.258
     3.297
     3.007
     2.699
     2.367
     2.523
     2.562
     3.574
     2.515
     2.512
     2.657
     2.666
     2.685
     3.273
     3.260
     2.659
     2.658
     2.583
     2.376
     1.800
     2.513
     2.506
     2.950
     3.185
     2.422
     2.900
     3.223
     3.028
     1.717
     3.053
     1.248
     0.937
     2.488
     1.481
     2.381
     2.719
     3.008
     2.796
     1.625
     2.582
     2.773
     2.270
     2.673
     2.485
     2.618
     2.032
     2.896
     2.822
     2.844
     2.983
     2.875
     3.009
     2.691
     2.435
     3.292
     2.213
     2.910
     2.648
     2.441
     2.950
     2.523
     3.010
     2.973
     2.630
     2.595
     2.535
     2.725
     2.666
     2.554
     3.378
     3.554
     2.114
     2.599
     3.710
     2.558
     2.588
     1.922
     1.384
     2.457
     2.792
     2.521
     2.527
     2.299
     2.890
     2.101
     2.407
     3.250
     2.865
     2.548
     2.671
     2.510
     2.565
     2.621
     2.512
     2.053
     3.186
     3.221
     2.866
     3.298
     3.531
     2.615
     2.547
     2.602
     2.153
     3.067
     3.133
     2.254
     3.244
     2.321
     2.551
     2.241
     2.914
     2.676
     3.538
     2.606
     3.233
     2.956
     2.598
     2.573
     2.999
     2.590
     2.959
     2.763
     3.731
     2.547
     2.440
     2.630
     2.831
     3.269
     1.678
     2.920
     2.963
     2.641
     2.593
     1.085
     2.881
     3.064
     3.686
     2.807
     2.633
     2.988
     2.603
     2.495
     2.557
     2.569
     2.487
     2.616
     2.499
     3.406
     2.518
     2.672
     3.218
     2.658
     2.856
     2.802
     3.129
     3.185
     3.339
     2.436
     3.036
     2.657
     2.564
     2.546
     2.622
     2.503
     3.266
     2.520
     2.697
     1.392
     3.235
     3.293
     1.720
     2.764
     2.455
     3.059
     2.908
     3.012
     2.899
     2.638
     3.280
     2.575
     2.572
     2.662
     2.620
     2.549
     2.610
     2.309
     2.375
     3.309
     2.346
     2.386
     2.937
     1.514
     3.042
     2.551
     2.558
     2.866
     1.487
     3.122
     2.744
     3.119
     2.699
     2.474
     1.609
     2.578
     3.214
     2.586
     2.876
     3.058
     2.710
     2.674
     2.324
     2.684
     2.821
     2.743
     3.179
     1.859
     2.269
     2.533
     2.873
     2.861
     2.791
     2.736
     2.680
     2.614
     2.716
     2.632
     3.219
     2.830
     2.641
     1.117
     2.173
     2.661
     2.755
     2.703
     2.375
     2.770
     2.456
     1.517
     1.944
     3.137
     2.704
     2.871
     2.877
     1.322
     2.569
     2.960
     3.098
     1.719
     2.795
     2.598
     2.926
     2.881
     2.576
     3.609
     2.939
     2.572
     3.351
     2.590
     2.668
     2.380
     2.432
     1.285
     2.439
     3.407
     2.598
     3.231
     2.586
     2.091
     2.835
     2.519
     2.609
     2.701
     3.606
     2.991
     3.217
     2.642
     2.585
     2.694
     2.588
     2.068
     1.190
     3.472
     2.343
     2.204
     2.610
     2.805
     2.479
     2.542
     2.232
     2.600
     3.422
     2.965
     2.766
     2.608
     2.508
     3.305
     1.790
     2.309
     2.490
     3.090
     3.152
     2.854
     1.133
     2.843
     2.594
     2.158
     2.573
     2.683
     2.543
     2.651
     2.817
     2.682
     3.088
     3.016
     2.688
     2.832
     3.295
     2.720
     2.790
     3.515
     2.130
     2.989
     1.818
     3.163
     0.962
     2.573
     2.713
     2.460
     2.540
     2.517
     2.717
     2.925
     2.581
     2.581
     2.955
     2.769
     2.515
     2.657
     2.137
     3.115
     2.611
     2.828
     2.699
     2.666
     2.683
     2.609
     2.631
     3.187
     3.205
     3.485
     3.015
     2.620
     2.897
     2.878
     2.485
     2.427
     3.072
     2.717
     3.023
     2.920
     3.076
     1.922
     2.865
     3.485
     1.574
     3.407
     3.311
     3.219
     2.656
     3.773
     2.496
     2.598
     2.844
     2.516
     2.871
     2.898
     2.413
     2.956
     3.585
     2.728
     3.061
     2.667
     3.183
     2.662
     2.166
     2.614
     2.448
     2.377
     2.703
     2.622
     3.022
     2.880
     3.755
     2.762
     3.055
     2.398
     2.062
     1.595
     3.253
     2.603
     2.773
     1.656
     3.081
     3.027
     2.591
     2.328
     2.634
     2.615
     3.002
     2.512
     2.566
     2.572
     2.662
     2.746
     2.536
     3.244
     2.241
     3.135
     3.262
     2.912
     2.845
     3.091
     3.050
     2.369
     2.625
     2.512
     2.321
     1.836
     3.024
     2.902
     2.546
     2.765
     3.035
     2.259
     3.184
     2.354
     3.218
     2.250
     2.495
     2.706
     3.529
     2.334
     3.071
     3.315
     3.165
     2.610
     2.631
     2.775
     2.248
     2.651
     2.086
     2.834
     3.306
     3.030
     2.464
     2.714
     2.919
     2.632
     2.501
     2.818
     3.094
     3.174
     2.224
     2.755
     3.000
     2.882
     2.847
     2.678
     2.688
     2.486
     1.548
     2.543
     3.012
     1.249
     3.308
     2.354
     3.053
     2.765
     2.605
     2.720
     2.874
     2.688
     2.719
     2.582
     2.602
     2.694
     2.078
     1.491
     2.561
     2.014
     2.908
     2.645
     2.815
     1.895
     2.623
     2.655
     2.548
     3.101
     2.551
     2.646
     3.512
     3.251
     2.632
     2.561
     2.561
     1.016
     3.462
     2.913
     3.372
     3.350
     2.770
     2.686
     2.601
     2.774
     2.676
     2.749
     2.312
     2.526
     2.350
     2.841
     1.135
     3.755
     2.768
     2.779
     2.682
     2.732
     3.078
     2.590
     2.579
     2.225
     2.584
     2.503
     2.593
     3.042
     3.724
     2.746
     2.432
     2.773
     2.563
     2.674
     2.543
     2.895
     1.969
     2.643
     3.074
     3.156
     1.851
     1.603
     2.833
     2.776
     1.865
     2.970
     3.346
     3.066
     2.525
     3.028
     2.501
     3.066
     3.215
     2.794
     2.233
     2.922
     2.746
     3.319
     1.460
     2.783
     2.441
     2.593
     2.393
     2.562
     1.611
     3.008
     2.197
     2.901
     2.501
     2.287
     2.533
     2.597
     2.631
     1.576
     3.646
     2.744
     2.842
     2.454
     2.611
     3.023
     2.763
     2.772
     2.073
     2.838
     2.347
     2.352
     3.040
     2.181
     2.076
     3.299
     2.536
     2.925
     2.822
     2.160
     3.092
     2.585
     2.329
     2.644
     2.645
     2.586
     2.754
     2.408
     2.637
     3.000
     2.446
     2.714
     2.555
     3.064
     3.129
     2.573
     3.133
     3.007
     3.046
     2.638
     1.947
     2.859
     2.486
     2.579
     2.592
     1.821
     3.632
     2.266
     2.707
     2.981
     2.559
     2.078
     2.592
     3.032
     2.889
     2.572
     2.010
     2.985
     3.579
     2.564
     2.614
     2.705
     3.136
     2.544
     1.402
     3.102
     2.382
     2.067
     3.439
     1.954
     3.045
     2.331
     3.195
     1.585
     3.083
     2.407
     2.587
     2.612
     3.771
     3.229
     2.711
     2.570
     2.851
     3.137
     2.618
     2.675
     2.868
     2.526
     1.275
     2.935
     2.558
     2.643
     3.164
     3.697
     2.537
     2.963
     2.598
     1.618
     2.572
     2.306
     3.092
     2.209
     2.421
     2.219
     2.769
     2.617
     3.251
     2.695
     2.650
     3.057
     2.729
     2.581
     2.979
     2.546
     3.273
     2.554
     3.458
     1.687
     2.192
     2.482
     2.495
     2.648
     2.630
     1.493
     3.190
     2.549
     2.500
     2.672
     2.737
     2.604
     2.542
     1.958
     2.960
     2.503
     3.178
     2.542
     2.709
     2.424
     2.913
     0.891
     2.955
     2.518
     2.875
     2.939
     2.732
     2.170
     2.792
     3.724
     3.238
     2.412
     1.424
     2.916
     2.626
     2.623
     2.929
     3.574
     2.565
     2.808
     2.108
     2.545
     3.602
     2.978
     3.094
     2.756
     2.517
     2.616
     3.670
     2.911
     3.009
     3.080
     3.054
     3.120
     2.713
     2.296
     3.330
     2.701
     3.123
     1.099
     2.451
     2.892
     2.668
     2.552
     2.763
     2.208
     2.963
     3.155
     2.651
     2.664
     2.497
     3.126
     2.826
     3.009
     2.531
     2.750
     3.423
     2.578
     3.188
     3.041
     2.553
     2.240
     3.470
     2.690
     2.584
     2.847
     2.516
     2.552
     1.514
     2.646
     3.219
     2.386
     2.924
     2.741
     2.519
     3.256
     2.541
     2.621
     3.132
     2.829
     1.909
     3.346
     2.556
     2.114
     2.595
     2.451
     3.603
     3.056
     2.774
     2.732
     2.335
     2.562
     2.636
     3.239
     2.967
     2.658
     2.680
     2.906
     2.659
     2.440
     2.562
     3.247
     2.625
     2.653
     3.147
     2.618
     2.612
     3.710
     3.150
     2.475
     2.720
     2.534
     2.906
     2.538
     2.431
     2.660
     3.343
     2.860
     2.836
     2.756
     2.582
     2.575
     3.092
     2.871
     3.019
     2.534
     1.301
     3.769
     1.838
     1.114
     2.782
     2.206
     3.492
     2.382
     3.205
     2.159
     2.825
     2.620
     2.081
     2.774
     2.600
     2.838
     2.660
     2.941
     2.976
     3.486
     2.537
     3.567
     3.117
     2.807
     3.262
     3.259
     2.665
     2.099
     2.100
     2.843
     2.603
     2.660
     2.360
     1.175
     2.569
     2.779
     2.954
     2.683
     2.670
     2.417
     1.673
     2.663
     2.697
     1.626
     1.845
     3.191
     3.006
     2.562
     2.668
     2.507
     2.826
     1.395
     1.868
     2.379
     3.115
     2.598
     1.063
     2.553
     2.983
     3.107
     2.632
     2.533
     2.447
     3.265
     2.647
     3.441
     2.910
     3.188
     3.193
     2.489
     2.592
     2.189
     2.513
     3.274
     2.636
     2.713
     2.844
     3.488
     2.714
     2.980
     3.260
     2.703
     2.493
     2.508
     2.877
     3.215
     2.656
     2.668
     1.815
     3.046
     3.028
     2.713
     2.579
     2.524
     3.187
     3.347
     2.634
     3.143
     2.773
     2.262
     2.361
     2.647
     2.370
     3.123
     2.593
     3.082
     3.128
     2.368
     1.741
     2.531
     2.707
     2.579
     2.597
     2.941
     2.615
     2.501
     2.288
     2.724
     2.661
     2.371
     2.897
     2.760
     1.980
     2.791
     2.511
     2.638
     2.972
     2.560
     2.613
     3.082
     2.526
     3.310
     2.503
     2.764
     3.355
     3.480
     2.651
     2.578
     3.044
     2.504
     2.876
     2.865
     2.562
     2.187
     2.140
     3.006
     3.287
     2.657
     2.977
     2.572
     2.560
     2.529
     2.649
     2.745
     2.673
     3.297
     1.742
     3.065
     2.901
     2.059
     2.511
     2.752
     2.520
     2.551
     2.723
     2.471
     2.966
     2.814
     2.704
     1.723
     2.624
     2.551
     2.285
     2.269
     2.665
     3.057
     2.463
     2.482
     3.118
     2.553
     2.411
     3.345
     3.129
     3.362
     2.547
     2.362
     3.110
     2.266
     2.608
     3.246
     2.708
     3.222
     3.136
     2.721
     3.465
     1.434
     2.965
     2.705
     2.615
     3.208
     2.659
     2.695
     0.740
     1.903
     3.024
     2.826
     2.121
     3.035
     2.515
     2.597
     2.838
     2.865
     2.585
     2.496
     3.026
     3.085
     2.845
     0.975
     2.659
     2.052
     3.685
     2.710
     2.523
     2.609
     2.758
     1.588
     2.654
     2.596
     1.827
     2.820
     2.679
     2.702
     2.722
     2.392
     2.749
     2.323
     2.557
     2.530
     2.779
     2.463
     2.541
     3.164
     1.721
     3.091
     3.030
     2.806
     2.646
     2.603
     2.536
     1.970
     2.917
     3.364
     2.802
     3.553
     3.443
     2.657
     2.450
     2.967
     1.089
     2.472
     2.203
     2.564
     2.808
     2.857
     2.227
     2.543
     3.164
     2.704
     2.380
     3.264
     2.323
     1.986
     2.586
     3.072
     2.624
     2.636
     2.764
     2.690
     2.582
     2.951
     2.227
     3.128
     1.728
     3.087
     2.962
     2.762
     2.354
     2.991
     2.834
     2.559
     2.378
     2.884
     2.851
     3.323
     2.499
     1.069
     2.678
     3.236
     3.620
     2.510
     2.922
     2.672
     2.806
     2.580
     1.970
     3.231
     2.660
     3.108
     2.781
     3.169
     2.110
     3.026
     2.658
     2.877
     2.493
     2.766
     3.456
     2.885
     3.040
     2.745
     1.594
     2.741
     2.958
     2.778
     2.793
     2.848
     2.991
     2.411
     2.556
     2.633
     2.212
     1.149
     2.465
     2.704
     2.152
     2.905
     2.859
     2.749
     2.963
     2.659
     2.953
     1.650
     3.029
     2.903
     2.594
     2.805
     2.825
     2.690
     3.454
     2.900
     2.572
     2.175
     1.874
     2.739
     3.373
     2.570
     2.301
     2.319
     2.450
     2.980
     2.893
     3.218
     1.465
     3.031
     2.876
     2.688
     2.610
     1.569
     0.991
     2.684
     3.197
     2.773
     2.458
     3.416
     2.576
     3.018
     1.836
     2.599
     3.069
     2.520
     2.233
     2.482
     2.577
     2.947
     1.476
     3.347
     2.862
     2.810
     2.001
     2.173
     3.160
     2.684
     2.402
     2.435
     2.968
     2.987
     2.878
     2.551
     3.631
     3.083
     2.730
     2.657
     1.477
     3.086
     2.917
     2.683
     2.275
     3.436
     2.541
     2.354
     1.667
     2.579
     2.490
     3.138
     3.054
     2.688
     2.712
     2.645
     2.973
     1.379
     2.540
     1.977
     2.949
     2.773
     3.204
     2.585
     0.970
     2.010
     1.271
     2.612
     2.584
     2.628
     2.728
     2.126
     2.070
     2.090
     3.151
     2.731
     3.261
     2.781
     1.141
     2.832
     2.878
     2.550
     2.610
     2.781
     3.167
     2.632
     2.890
     2.496
     3.013
     1.697
     2.167
     3.163
     3.225
     2.513
     2.478
     3.131
     2.948
     2.901
     2.984
     3.029
     2.151
     2.496
     2.691
     2.486
     2.521
     2.343
     3.367
     3.539
     2.981
     2.464
     2.651
     2.521
     2.562
     2.547
     2.977
     2.517
     3.127
     2.257
     1.051
     2.889
     2.754
     2.405
     2.249
     2.902
     2.495
     2.667
     2.184
     2.627
     2.456
     2.332
     2.513
     2.548
     3.229
     2.435
     2.770
     3.496
     3.414
     3.578
     3.257
     2.551
     2.835
     2.671
     2.551
     2.755
     2.546
     2.395
     2.837
     2.435
     2.516
     3.263
     2.679
     2.513
     2.626
     1.841
     2.637
     2.664
     2.705
     2.570
     2.556
     2.523
     3.230
     3.321
     2.779
     2.675
     2.100
     2.825
     1.820
     2.719
     2.839
     3.174
     3.395
     2.745
     2.467
     2.173
     3.289
     2.801
     3.211
     3.514
     2.672
     2.749
     3.018
     2.743
     2.274
     2.822
     2.028
     2.470
     2.889
     2.635
     2.408
     3.115
     2.598
     3.119
     2.770
     2.651
     2.819
     3.151
     3.113
     2.729
     2.633
     2.502
     2.594
     2.330
     3.085
     2.484
     2.972
     2.711
     3.001
     2.944
     2.921
     3.073
     2.621
     2.893
     2.118
     3.398
     1.888
     2.662
     3.015
     2.703
     3.237
     2.080
     2.602
     3.215
     3.266
     3.060
     2.307
     3.122
     2.572
     2.355
     1.493
     3.158
     3.179
     3.163
     2.418
     2.530
     3.259
     3.419
     3.116
     1.674
     2.840
     2.800
     2.795
     3.622
     2.673
     2.129
     2.827
     2.622
     2.403
     2.801
     1.075
     3.373
     2.627
     1.263
     3.339
     2.667
     2.880
     2.715
     2.870
     2.906
     2.608
     2.282
     3.087
     1.646
     2.732
     3.222
     2.461
     3.124
     2.630
     1.326
     2.787
     2.917
     2.595
     2.646
     2.482
     3.203
     3.027
     2.898
     2.627
     3.539
     2.693
     2.861
     1.090
     2.276
     3.601
     1.376
     2.808
     2.629
     2.889
     2.838
     3.124
     1.401
     3.412
     3.297
     2.586
     3.133
     2.606
     2.920
     2.973
     2.892
     3.776
     2.410
     2.826
     2.646
     2.371
     2.874
     2.564
     3.114
     2.644
     2.500
     2.787
     2.586
     2.159
     2.616
     2.554
     2.397
     2.583
     3.010
     2.154
     2.944
     3.242
     2.601
     1.451
     1.755
     2.977
     2.229
     3.617
     2.814
     2.316
     2.598
     2.832
     3.195
     2.586
     2.884
     3.302
     2.407
     3.190
     2.521
     2.528
     3.223
     2.371
     2.141
     2.689
     3.422
     1.183
     2.531
     1.953
     3.093
     2.286
     2.582
     2.491
     2.951
     3.773
     2.164
     2.316
     3.123
     1.569
     3.642
     2.582
     2.989
     2.906
     3.157
     3.119
     2.726
     2.733
     3.261
     3.421
     2.727
     3.017
     2.412
     3.092
     2.553
     2.733
     2.769
     2.959
     1.481
     3.213
     2.588
     2.566
     3.000
     2.939
     2.894
     3.192
     2.602
     1.699
     2.666
     2.561
     3.143
     2.554
     2.501
     2.502
     2.760
     3.264
     3.041
     2.148
     2.543
     2.635
     1.699
     2.802
     2.582
     2.898
     2.575
     1.900
     2.746
     2.168
     2.561
     2.683
     2.721
     2.701
     2.670
     2.613
     3.170
     2.520
     2.563
     2.605
     2.535
     2.707
     2.525
     2.924
     1.633
     3.203
     2.597
     3.094
     3.174
     1.863
     2.069
     3.134
     2.630
     2.274
     2.689
     2.593
     2.695
     2.219
     1.651
     3.080
     2.571
     2.606
     2.988
     2.560
     2.906
     2.895
     3.002
     1.161
     2.543
     2.898
     2.605
     1.497
     0.879
     1.689
     2.938
     2.527
     2.910
     2.625
     3.291
     2.558
     2.688
     3.375
     2.734
     3.002
     2.683
     3.347
     2.517
     2.891
     3.038
     3.383
     3.581
     2.759
     2.783
     2.701
     2.577
     2.460
     2.971
     2.503
     2.904
     2.669
     2.442
     2.647
     2.554
     3.164
     2.965
     2.655
     2.554
     3.322
     1.892
     3.084
     2.485
     2.197
     2.708
     2.613
     2.211
     3.239
     2.560
     3.158
     2.831
     3.585
     2.487
     3.091
     2.827
     3.138
     3.071
     2.886
     2.613
     2.693
     2.916
     2.319
     2.823
     2.845
     2.913
     2.802
     3.215
     2.925
     3.015
     2.439
     2.571
     3.047
     2.586
     2.471
     2.814
     2.796
     3.111
     3.068
     3.092
     2.520
     3.418
     3.064
     2.509
     3.336
     2.753
     2.905
     3.215
     2.950
     2.523
     1.699
     2.901
     1.516
     3.135
     3.172
     2.706
     2.042
     1.964
     2.532
     3.250
     2.768
     3.014
     2.897
     3.195
     2.505
     2.868
     1.873
     3.281
     2.566
     2.595
     2.637
     2.780
     2.385
     2.828
     2.708
     2.352
     2.807
     2.589
     3.093
     2.582
     3.262
     2.397
     2.798
     3.208
     2.368
     2.819
     3.543
     2.292
     2.248
     2.978
     2.449
     3.279
     2.689
     2.898
     2.645
     2.562
     2.866
     2.649
     2.631
     2.699
     2.805
     3.605
     3.141
     1.348
     3.091
     3.462
     2.679
     2.658
     3.112
     3.107
     2.536
     2.652
     3.062
     2.960
     2.558
     2.479
     2.627
     2.887
     2.870
     3.002
     2.043
     2.660
     2.894
     2.667
     1.433
     2.478
     2.899
     2.398
     3.003
     2.636
     2.702
     2.004
     2.290
     3.347
     2.788
     2.329
     2.571
     1.684
     2.072
     2.608
     2.468
     2.568
     2.785
     3.022
     3.083
     2.473
     2.521
     1.865
     2.625
     2.509
     3.682
     3.638
     2.644
     2.534
     2.951
     2.257
     1.284
     2.880
     2.951
     3.211
     1.187
     1.512
     2.641
     2.615
     3.101
     2.833
     1.472
     2.289
     2.568
     2.788
     3.108
     2.395
     1.397
     3.068
     2.315
     2.857
     2.770
     2.364
     2.853
     2.684
     2.647
     2.872
     1.757
     2.591
     2.362
     3.045
     1.672
     3.101
     1.554
     2.358
     1.516
     2.567
     3.140
     2.865
     2.284
     2.518
     3.090
     2.554
     2.448
     2.868
     2.437
     1.561
     1.648
     2.549
     3.148
     1.840
     2.406
     2.328
     3.096
     3.327
     2.607
     2.496
     2.144
     2.517
     3.171
     2.716
     2.962
     2.576
     3.004
     2.990
     2.981
     1.578
     2.333
     3.383
     2.355
     2.827
     2.256
     2.531
     2.851
     2.277
     2.628
     2.563
     3.071
     2.593
     1.368
     3.108
     2.139
     1.772
     2.511
     3.526
     2.422
     2.530
     2.594
     2.839
     1.840
     3.002
     3.129
     3.162
     2.541
     2.576
     2.618
     0.994
     2.529
     3.206
     2.427
     2.601
     1.647
     2.562
     2.603
     2.636
     2.742
     2.588
     2.695
     3.154
     2.728
     2.733
     2.558
     3.110
     3.353
     3.323
     3.170
     2.651
     2.419
     2.571
     2.163
     3.443
     3.087
     2.413
     3.127
     2.841
     2.914
     2.618
     3.782
     3.413
     2.739
     2.879
     2.493
     2.874
     2.987
     2.865
     2.449
     3.117
     3.224
     2.893
     2.369
     3.162
     2.132
     1.467
     2.620
     3.073
     2.799
     3.248
     2.620
     3.047
     2.958
     3.190
     2.651
     2.286
     2.316
     3.238
     3.141
     2.817
     3.041
     2.751
     2.694
     1.730
     2.567
     2.514
     2.821
     3.510
     3.119
     2.917
     2.923
     2.166
     2.550
     2.198
     2.868
     3.358
     1.607
     2.861
     2.991
     2.864
     3.050
     2.631
     2.995
     3.082
     3.280
     3.034
     2.742
     2.746
     2.628
     2.813
     2.574
     2.815
     2.476
     2.814
     2.793
     1.842
     2.409
     2.602
     2.206
     3.588
     1.840
     2.587
     2.527
     2.856
     2.734
     2.527
     2.599
     3.074
     2.246
     2.888
     2.851
     2.630
     3.304
     3.326
     1.869
     2.038
     3.013
     3.015
     3.096
     2.718
     2.663
     3.184
     3.231
     2.843
     2.653
     3.068
     2.576
     2.513
     3.098
     2.938
     2.962
     3.067
     2.627
     0.911
     3.252
     2.806
     2.423
     2.522
     2.764
     1.025
     3.234
     2.694
     1.328
     2.348
     2.598
     2.436
     2.896
     2.591
     3.571
     2.495
     2.844
     2.596
     2.561
     3.350
     0.818
     2.259
     2.838
     2.917
     2.899
     2.964
     2.658
     2.687
     2.488
     2.387
     3.403
     2.741
     2.462
     2.560
     2.463
     2.790
     2.712
     2.420
     2.945
     2.525
     2.619
     3.117
     2.384
     2.514
     3.384
     3.093
     2.883
     2.562
     2.805
     2.912
     2.594
     3.033
     2.808
     2.512
     3.265
     2.679
     2.568
     3.169
     3.066
     3.001
     2.791
     2.539
     2.445
     2.381
     2.857
     2.586
     2.554
     3.496
     3.242
     2.762
     2.670
     3.085
     2.389
     2.377
     2.375
     1.754
     2.070
     3.316
     3.309
     3.309
     3.466
     1.901
     1.183
     3.225
     2.744
     2.541
     2.700
     2.650
     3.004
     2.970
     2.491
     1.763
     2.455
     2.905
     1.806
     2.554
     2.791
     2.617
     2.529
     3.217
     2.633
     3.435
     3.120
     1.998
     3.017
     2.845
     2.999
     1.722
     3.136
     2.592
     3.107
     2.506
     2.194
     2.503
     2.524
     2.233
     3.100
     3.230
     3.115
     1.823
     2.432
     2.652
     2.513
     2.583
     0.928
     3.182
     2.355
     2.650
     3.094
     3.647
     2.605
     3.134
     2.707
     1.830
     2.731
     2.777
     2.759
     2.702
     2.590
     2.616
     2.591
     2.578
     2.300
     2.349
     3.156
     2.580
     2.583
     3.082
     1.537
     2.512
     2.805
     2.792
     3.195
     2.931
     3.123
     2.903
     3.314
     2.300
     2.724
     2.507
     3.043
     2.612
     2.336
     2.480
     3.039
     2.720
     2.756
     1.740
     2.613
     3.682
     3.185
     2.334
     2.939
     2.937
     3.129
     2.438
     3.549
     2.601
     1.948
     2.646
     3.050
     2.375
     1.502
     3.129
     1.616
     2.642
     2.643
     2.556
     0.988
     3.241
     2.633
     2.534
     2.680
     3.040
     2.297
     2.520
     2.641
     3.170
     2.664
     2.705
     2.543
     1.538
     2.699
     2.528
     2.949
     2.463
     2.663
     2.588
     2.927
     2.954
     2.010
     3.105
     2.985
     2.587
     2.967
     2.709
     3.146
     3.072
     2.562
     2.579
     2.847
     2.567
     2.608
     2.334
     2.669
     2.652
     2.175
     2.565
     3.256
     2.930
     2.402
     2.635
     3.276
     2.873
     2.642
     1.894
     3.159
     2.664
     2.047
     2.518
     3.020
     2.625
     2.890
     2.827
     3.164
     2.988
     2.951
     2.389
     3.436
     2.617
     2.514
     3.199
     3.123
     3.077
     3.130
     3.237
     2.733
     2.580
     2.982
     1.451
     2.875
     3.126
     3.176
     3.564
     2.054
     3.208
     2.575
     2.598
     3.073
     1.557
     2.476
     3.184
     2.608
     3.015
     2.633
     2.691
     3.018
     3.164
     2.711
     2.269
     3.046
     2.775
     2.547
     2.821
     1.165
     2.532
     2.914
     2.801
     3.256
     2.661
     2.440
     2.708
     2.705
     2.762
     2.617
     2.452
     3.298
     2.660
     2.517
     2.523
     2.595
     3.058
     2.603
     2.464
     2.690
     2.373
     2.594
     3.541
     3.203
     2.542
     2.280
     2.983
     3.015
     3.296
     3.199
     0.986
     1.635
     2.747
     2.746
     2.619
     1.333
     2.294
     3.060
     3.040
     2.671
     2.890
     1.743
     3.051
     2.256
     3.023
     2.856
     2.648
     2.673
     2.618
     2.640
     2.757
     2.879
     3.131
     2.657
     2.590
     3.308
     1.711
     3.339
     2.989
     2.433
     2.571
     2.492
     3.058
     2.640
     2.464
     2.554
     2.478
     2.653
     2.751
     3.486
     3.321
     2.456
     1.488
     2.614
     3.143
     2.708
     2.941
     2.638
     3.075
     2.843
     2.697
     2.676
     3.230
     2.966
     3.025
     3.140
     2.596
     2.761
     2.795
     3.317
     3.217
     3.153
     2.577
     2.916
     2.171
     2.656
     1.230
     2.927
     2.986
     2.655
     2.494
     2.490
     2.624
     3.613
     2.594
     2.918
     2.771
     2.848
     1.390
     2.596
     3.602
     2.620
     3.189
     2.991
     3.480
     2.879
     3.464
     3.045
     1.574
     1.437
     2.514
     2.669
     3.171
     3.160
     2.461
     2.643
     2.709
     2.551
     3.096
     3.125
     2.264
     3.022
     2.740
     2.845
     3.225
     2.340
     2.428
     3.039
     3.237
     1.578
     2.598
     2.525
     2.894
     2.918
     0.741
     1.826
     3.167
     2.477
     2.613
     2.574
     2.977
     2.870
     2.671
     2.472
     3.290
     3.015
     2.432
     2.413
     2.604
     2.586
     2.627
     3.036
     3.219
     2.870
     3.114
     3.590
     2.580
     2.587
     2.108
     3.063
     2.805
     2.611
     3.212
     2.657
     2.789
     2.111
     2.333
     2.605
     2.610
     2.223
     2.707
     2.988
     2.548
     1.178
     2.595
     2.918
     2.208
     2.558
     2.525
     2.528
     3.006
     2.651
     3.477
     2.866
     2.977
     1.422
     3.104
     3.016
     2.450
     2.888
     2.671
     3.011
     2.462
     3.069
     2.376
     2.807
     3.037
     2.465
     3.101
     2.728
     2.620
     2.645
     3.296
     3.312
     3.147
     2.703
     2.177
     2.671
     2.999
     3.114
     2.493
     2.641
     2.576
     3.177
     2.595
     2.756
     2.941
     3.257
     2.822
     3.164
     2.948
     2.809
     2.631
     2.613
     2.695
     2.548
     2.664
     2.651
     2.782
     2.348
     3.595
     1.269
     3.220
     2.832
     1.233
     2.467
     2.992
     3.211
     3.112
     3.047
     2.682
     2.823
     2.876
     3.079
     3.240
     3.005
     2.852
     2.936
     2.308
     2.748
     2.847
     3.077
     2.645
     3.054
     2.507
     2.891
     2.567
     1.688
     2.824
     2.832
     2.609
     1.332
     2.526
     2.584
     2.562
     2.626
     2.477
     2.652
     2.600
     2.582
     3.174
     3.003
     2.606
     2.139
     1.671
     2.553
     2.569
     3.193
     2.619
     2.327
     3.111
     2.621
     2.312
     2.448
     3.104
     2.655
     2.720
     2.556
     2.563
     2.645
     3.095
     2.990
     3.218
     2.010
     3.242
     3.117
     2.629
     3.021
     2.949
     2.619
     2.606
     2.539
     3.024
     3.049
     2.478
     2.999
     1.529
     1.192
     2.933
     2.608
     2.601
     2.489
     2.599
     2.676
     2.975
     2.611
     1.442
     3.727
     2.793
     2.729
     2.725
     2.076
     3.484
     2.417
     2.733
     3.017
     2.557
     2.686
     2.951
     3.139
     3.339
     2.557
     2.588
     2.735
     2.480
     1.894
     2.437
     3.146
     2.679
     2.664
     2.638
     2.590
     2.538
     2.221
     2.434
     2.403
     2.768
     3.147
     2.619
     2.917
     2.728
     3.241
     3.276
     2.587
     3.013
     3.105
     2.747
     2.659
     2.784
     2.154
     2.192
     2.924
     3.083
     2.709
     2.614
     2.456
     3.051
     2.897
     2.454
     2.493
     2.276
     2.493
     2.624
     1.341
     2.789
     2.221
     3.037
     3.243
     2.442
     2.244
     2.594
     3.087
     3.541
     3.208
     2.864
     2.234
     2.054
     3.074
     3.004
     3.006
     2.723
     2.910
     2.666
     2.192
     2.840
     2.763
     2.835
     2.989
     2.515
     2.671
     2.524
     2.916
     3.129
     2.314
     1.535
     3.007
     2.424
     2.485
     2.610
     2.661
     2.601
     2.708
     3.031
     2.944
     3.144
     3.013
     3.131
     2.568
     2.404
     0.734
     2.581
     1.510
     2.678
     2.378
     2.319
     2.978
     2.443
     3.062
     3.002
     3.632
     2.541
     3.180
     2.543
     2.748
     2.555
     0.687
     2.454
     2.843
     2.961
     1.994
     2.591
     3.353
     2.489
     2.503
     2.704
     2.903
     2.795
     2.589
     3.406
     3.452
     2.381
     2.763
     3.017
     3.624
     2.472
     2.704
     2.532
     2.536
     2.522
     2.637
     2.774
     2.666
     2.083
     2.576
     2.933
     2.579
     1.478
     2.464
     3.040
     2.293
     2.636
     3.070
     2.569
     2.624
     3.226
     3.226
     2.566
     2.894
     2.891
     3.109
     2.387
     3.181
     2.425
     2.640
     2.318
     2.690
     2.633
     3.075
     2.602
     2.957
     2.867
     2.733
     2.833
     2.769
     2.997
     2.599
     2.715
     2.202
     3.346
     2.682
     2.417
     2.902
     2.838
     2.926
     2.829
     3.153
     2.498
     1.439
     2.637
     2.716
     2.669
     2.699
     2.687
     2.683
     2.976
     1.709
     0.976
     3.263
     2.367
     3.016
     2.898
     2.572
     2.744
     2.318
     2.535
     2.463
     2.919
     3.450
     2.200
     2.826
     2.659
     1.590
     3.026
     2.373
     2.853
     3.546
     3.164
     2.727
     2.454
     3.057
     2.213
     2.606
     3.208
     3.489
     3.219
     2.638
     2.509
     3.147
     2.648
     2.144
     2.793
     3.317
     2.520
     2.656
     3.090
     2.026
     2.576
     2.767
     2.640
     3.720
     1.313
     2.535
     2.740
     2.907
     2.724
     2.965
     1.917
     2.740
     2.260
     1.942
     2.826
     2.445
     3.123
     3.297
     3.549
     2.945
     1.253
     2.439
     2.504
     2.636
     3.335
     3.126
     3.276
     2.138
     3.420
     2.376
     3.144
     2.557
     3.055
     3.139
     2.035
     3.156
     2.562
     2.927
     2.817
     1.905
     3.407
     2.892
     2.337
     2.485
     2.629
     2.341
     3.461
     2.212
     3.033
     2.585
     2.454
     2.371
     3.267
     2.510
     2.604
     3.668
     2.102
     2.519
     3.078
     2.778
     2.557
     2.361
     1.552
     1.479
     2.351
     3.097
     3.066
     2.442
     2.564
     3.345
     2.681
     2.515
     2.759
     2.532
     1.480
     2.585
     1.030
     2.663
     3.130
     2.531
     2.862
     2.436
     2.611
     1.363
     2.479
     3.213
     2.511
     2.432
     3.278
     2.836
     2.737
     2.868
     3.409
     2.332
     3.030
     2.625
     2.671
     3.255
     2.611
     2.018
     2.330
     2.434
     2.803
     2.961
     2.618
     1.547
     2.366
     3.186
     2.432
     3.398
     2.428
     2.570
     2.720
     2.726
     2.956
     2.575
     3.161
     2.722
     3.163
     2.503
     2.767
     2.898
     2.933
     2.289
     3.201
     2.924
     1.666
     3.557
     3.643
     2.697
     2.220
     2.980
     2.948
     2.146
     2.603
     2.936
     2.742
     2.130
     2.907
     2.605
     2.695
     2.909
     2.869
     2.534
     2.555
     2.602
     2.911
     2.636
     3.061
     2.270
     2.395
     2.937
     2.314
     2.438
     2.530
     2.473
     3.276
     2.708
     2.931
     2.519
     2.534
     2.684
     3.040
     2.696
     2.580
     1.991
     2.722
     2.500
     3.081
     2.398
     2.136
     2.780
     2.680
     3.141
     2.454
     2.912
     3.036
     3.076
     1.805
     2.663
     2.898
     2.733
     2.826
     0.990
     2.974
     1.081
     2.687
     2.591
     2.029
     2.629
     2.804
     2.933
     2.546
     2.460
     3.079
     2.772
     1.729
     2.625
     0.914
     3.140
     2.653
     3.017
     2.564
     2.288
     2.424
     3.194
     3.148
     3.153
     2.563
     3.534
     3.190
     2.444
     2.527
     3.296
     3.585
     2.491
     3.268
     1.885
     2.788
     2.517
     1.510
     2.425
     2.905
     2.803
     2.420
     2.941
     3.274
     3.109
     3.283
     3.105
     2.071
     2.485
     1.492
     2.852
     2.864
     2.606
     2.759
     2.470
     2.923
     2.818
     3.063
     2.734
     2.112
     2.715
     2.624
     2.937
     2.908
     2.329
     2.295
     3.222
     2.536
     3.062
     2.616
     2.604
     2.624
     3.227
     1.770
     2.591
     2.702
     2.631
     2.598
     3.166
     2.561
     2.664
     3.035
     2.529
     2.523
     2.587
     2.803
     2.588
     1.726
     2.643
     2.273
     3.108
     2.094
     2.370
     1.799
     2.060
     2.561
     2.076
     2.896
     2.619
     3.118
     3.102
     3.530
     2.490
     2.451
     2.828
     2.330
     2.614
     2.359
     2.726
     3.210
     1.887
     2.556
     2.382
     3.385
     3.404
     2.677
     2.518
     2.514
     2.504
     2.409
     2.609
     2.949
     3.064
     3.021
     2.758
     2.555
     3.338
     2.739
     2.860
     2.397
     2.860
     2.567
     2.510
     2.587
     2.915
     2.784
     2.581
     2.595
     2.483
     2.792
     2.763
     1.900
     2.880
     3.295
     2.780
     2.296
     2.612
     2.614
     3.452
     2.552
     2.650
     2.692
     3.303
     3.048
     2.605
     2.499
     2.550
     2.624
     3.686
     3.038
     2.353
     2.481
     2.191
     2.951
     2.967
     3.343
     2.585
     2.542
     2.846
     2.530
     3.146
     2.853
     2.816
     2.376
     2.519
     3.274
     3.492
     2.356
     2.299
     2.528
     2.242
     2.668
     3.101
     3.652
     3.595
     2.505
     2.694
     2.659
     2.542
     2.605
     1.662
     2.351
     3.189
     2.731
     3.121
     2.361
     2.599
     2.603
     2.632
     1.756
     2.546
     1.788
     3.138
     1.826
     2.827
     2.847
     2.582
     3.059
     2.614
     2.899
     2.853
     2.573
     2.670
     3.087
     2.767
     2.426
     2.258
     2.469
     2.495
     2.870
     2.441
     1.728
     3.054
     2.743
     2.789
     2.325
     3.303
     2.519
     2.669
     2.703
     2.599
     3.333
     2.706
     1.838
     2.651
     1.051
     2.100
     2.546
     3.217
     2.522
     2.607
     2.493
     3.044
     2.894
     2.530
     2.386
     3.134
     2.587
     2.621
     2.714
     2.919
     1.783
     2.637
     2.610
     2.698
     2.616
     2.015
     2.722
     3.306
     3.105
     2.414
     2.467
     3.148
     2.980
     2.488
     2.803
     2.921
     2.585
     3.424
     1.301
     2.386
     3.020
     2.518
     2.547
     2.918
     2.624
     3.022
     2.612
     2.508
     3.158
     2.555
     2.644
     2.586
     2.672
     2.703
     2.831
     2.490
     3.259
     2.548
     1.605
     2.585
     1.084
     2.852
     2.778
     3.033
     2.877
     2.650
     2.571
     2.308
     2.482
     2.565
     2.568
     2.566
     3.164
     2.892
     2.608
     2.880
     3.138
     2.440
     2.685
     2.496
     2.332
     2.680
     2.667
     3.353
     3.146
     3.132
     2.221
     2.564
     2.940
     2.664
     2.913
     2.518
     2.754
     2.682
     2.520
     1.975
     3.197
     2.609
     3.112
     2.746
     2.560
     2.108
     2.523
     2.805
     2.834
     2.492
     2.600
     2.424
     3.052
     2.582
     3.293
     2.575
     3.166
     3.103
     2.504
     2.537
     3.005
     1.054
     3.082
     2.555
     2.968
     2.922
     2.059
     2.565
     2.501
     2.560
     2.596
     3.046
     1.988
     3.093
     2.773
     2.481
     3.068
     2.267
     2.898
     2.721
     3.207
     3.283
     3.228
     3.118
     2.487
     3.435
     2.623
     2.587
     2.804
     2.889
     2.728
     2.698
     2.772
     2.622
     2.491
     2.686
     3.137
     2.623
     2.835
     2.803
     2.592
     2.116
     3.086
     3.202
     2.894
     2.956
     3.707
     3.536
     2.909
     2.648
     2.485
     3.638
     1.730
     3.146
     2.494
     2.635
     2.591
     2.895
     2.565
     3.104
     2.651
     2.887
     2.049
     2.647
     2.668
     2.341
     3.178
     3.077
     0.958
     2.603
     2.519
     3.548
     3.528
     2.630
     3.275
     2.895
     2.676
     2.421
     3.070
     3.123
     2.662
     3.573
     2.763
     2.993
     3.083
     3.172
     2.929
     1.621
     2.486
     2.630
     2.632
     1.837
     2.490
     2.669
     2.662
     2.894
     2.592
     2.414
     2.603
     3.043
     3.352
     2.603
     1.480
     2.791
     2.577
     3.206
     3.198
     2.553
     1.137
     2.556
     2.808
     3.043
     3.374
     2.895
     1.110
     3.199
     3.452
     3.282
     2.955
     2.611
     2.793
     3.178
     2.743
     2.576
     2.645
     2.670
     3.191
     3.639
     2.195
     2.560
     2.384
     2.416
