     1.836
     1.544
     1.843
     1.847
     1.846
     1.843
     1.813
     1.787
     1.786
     1.782
     1.768
     1.783
     1.814
     1.824
     1.822
     1.818
     1.809
     1.801
     1.795
     1.790
     1.786
     1.792
     1.795
     1.786
     1.768
     1.753
     1.747
     1.755
     1.771
     1.780
     1.791
     1.788
     1.781
     1.759
     1.758
     1.746
     1.741
     1.726
     1.736
     1.758
     1.844
     1.888
     1.920
     1.962
     1.993
     2.064
     2.123
     2.162
     2.185
     2.197
     2.208
     2.215
     2.231
     2.224
     2.218
     2.202
     2.190
     2.166
     2.138
     2.115
     2.090
     2.066
     2.057
     2.056
     2.047
     2.042
     2.041
     2.043
     2.046
     2.038
     2.028
     2.023
     2.023
     2.022
     2.022
     2.041
     2.066
     2.108
     2.163
     2.207
     2.225
     2.222
     2.194
     2.144
     2.091
     2.026
     2.036
     2.044
     2.116
     2.193
     2.236
     2.278
     2.300
     2.308
     2.303
     2.306
     2.306
     2.291
     2.277
     2.262
     2.210
     2.160
     2.098
     2.059
     2.048
     2.070
     2.102
     2.162
     2.205
     2.258
     2.313
     2.347
     2.368
     2.378
     2.381
     2.385
     2.372
     2.367
     2.343
     2.337
     2.322
     2.302
     2.285
     2.256
     2.220
     2.152
     2.047
     1.918
     1.768
     1.650
     1.668
     1.789
     1.796
     1.779
     1.735
     1.659
     1.583
     1.540
     1.602
     1.641
     1.646
     1.671
     1.761
     1.841
     1.890
     1.921
     1.926
     1.903
     1.863
     1.836
     1.809
     1.768
     1.714
     1.637
     1.577
     1.588
     1.614
     1.645
     1.695
     1.732
     1.727
     1.675
     1.599
     1.505
     1.285
     1.129
     1.026
     1.082
     1.124
     1.159
     1.190
     1.245
     1.304
     1.356
     1.419
     1.479
     1.562
     1.613
     1.656
     1.721
     1.775
     1.846
     1.917
     2.003
     2.067
     2.102
     2.112
     2.112
     2.107
     2.105
     2.092
     2.074
     2.050
     2.023
     1.998
     1.966
     1.944
     1.929
     1.915
     1.904
     1.887
     1.870
     1.850
     1.833
     1.821
     1.803
     1.772
     1.725
     1.656
     1.658
     1.634
     1.594
     1.561
     1.553
     1.590
     1.645
     1.692
     1.736
     1.759
     1.776
     1.781
     1.738
     1.704
     1.593
     1.555
     1.633
     1.670
     1.715
     1.758
     1.794
     1.820
     1.851
     1.857
     1.869
     1.877
     1.886
     1.869
     1.852
     1.827
     1.784
     1.725
     1.683
     1.708
     1.786
     1.804
     1.807
     1.807
     1.829
     1.852
     1.878
     1.907
     1.930
     1.944
     1.945
     1.930
     1.913
     1.886
     1.846
     1.806
     1.766
     1.728
     1.707
     1.694
     1.699
     1.702
     1.693
     1.687
     1.700
     1.714
     1.721
     1.764
     1.795
     1.813
     1.825
     2.124
     1.153
     1.802
     1.795
     1.894
     1.582
     2.061
     1.684
     1.364
     1.746
     1.906
     1.848
     2.112
     1.665
     1.804
     1.472
     1.753
     1.847
     1.876
     1.797
     1.021
     1.684
     1.875
     1.711
     2.090
     1.885
     2.315
     1.681
     2.273
     2.038
     2.116
     1.658
     1.762
     1.708
     1.632
     0.662
     1.692
     1.812
     1.597
     1.844
     1.811
     1.068
     1.393
     1.767
     1.911
     2.018
     1.827
     1.774
     1.806
     2.181
     2.194
     1.384
     2.013
     2.308
     1.556
     2.160
     1.730
     2.146
     1.460
     1.892
     1.902
     1.708
     1.964
     1.895
     1.958
     0.706
     1.757
     2.045
     1.816
     1.802
     2.002
     0.809
     2.014
     1.766
     1.686
     1.859
     1.664
     1.839
     2.290
     1.715
     1.793
     1.836
     0.747
     1.710
     1.946
     1.635
     1.823
     2.063
     1.682
     1.033
     1.312
     1.752
     1.589
     1.786
     1.445
     1.751
     1.707
     1.786
     2.178
     1.846
     1.715
     2.186
     1.166
     1.808
     1.796
     1.674
     1.890
     1.800
     1.769
     1.769
     1.783
     1.831
     1.323
     2.456
     2.097
     2.251
     1.696
     2.043
     1.785
     2.056
     2.086
     1.608
     1.190
     1.259
     2.245
     1.541
     1.695
     1.865
     1.803
     1.752
     2.240
     1.868
     1.709
     1.611
     2.150
     1.253
     2.277
     1.969
     1.652
     1.445
     1.622
     1.922
     1.821
     1.312
     1.698
     1.795
     1.785
     1.769
     1.746
     1.686
     2.035
     1.132
     1.299
     1.619
     1.927
     1.454
     1.449
     1.817
     1.824
     1.966
     1.675
     1.770
     1.793
     1.860
     0.860
     2.379
     1.750
     2.453
     1.521
     1.926
     2.159
     1.777
     1.839
     1.944
     1.510
     1.291
     1.664
     1.644
     1.877
     1.755
     2.169
     1.865
     1.864
     1.862
     1.976
     1.734
     1.756
     1.663
     1.409
     0.716
     1.997
     1.426
     1.626
     1.919
     1.908
     1.993
     1.745
     1.895
     1.734
     1.766
     2.083
     1.850
     1.861
     1.901
     1.777
     1.647
     1.794
     1.915
     1.822
     1.792
     2.079
     2.033
     1.643
     1.846
     1.898
     1.825
     1.819
     1.572
     2.191
     1.313
     1.806
     1.778
     1.652
     1.852
     1.861
     1.058
     1.736
     1.392
     1.277
     1.169
     1.993
     0.872
     2.205
     1.880
     2.436
     1.905
     2.021
     2.166
     1.728
     0.736
     2.001
     2.338
     1.603
     2.255
     1.648
     1.807
     1.970
     1.723
     1.641
     1.693
     1.769
     1.349
     1.771
     1.747
     1.624
     1.796
     1.507
     1.818
     1.882
     1.982
     1.983
     1.891
     1.297
     1.728
     1.694
     1.801
     1.986
     2.347
     1.317
     1.839
     1.706
     2.145
     1.770
     1.833
     1.085
     1.115
     2.093
     1.796
     2.018
     1.763
     1.953
     1.747
     1.755
     1.794
     1.487
     1.918
     2.227
     1.784
     2.013
     1.669
     1.734
     1.741
     1.736
     2.007
     1.791
     1.634
     1.645
     1.743
     1.808
     1.861
     2.029
     1.826
     1.620
     1.800
     1.926
     2.084
     2.244
     2.124
     1.677
     1.807
     1.865
     2.127
     1.804
     2.157
     1.279
     1.701
     2.071
     1.638
     2.314
     1.724
     1.777
     2.356
     1.792
     1.901
     2.072
     2.161
     0.952
     1.845
     2.414
     1.360
     2.241
     2.131
     1.971
     1.499
     1.790
     1.674
     2.127
     1.900
     2.300
     1.772
     1.823
     1.739
     1.861
     1.744
     1.843
     1.631
     1.467
     1.700
     1.656
     1.783
     1.275
     1.733
     1.878
     1.920
     1.833
     1.710
     1.792
     1.827
     1.379
     2.112
     1.522
     1.432
     1.868
     1.762
     1.599
     2.085
     1.236
     2.207
     1.848
     1.840
     1.805
     1.604
     1.715
     1.413
     1.701
     1.957
     2.035
     1.730
     0.746
     1.815
     0.795
     1.555
     1.757
     1.719
     1.816
     1.839
     1.725
     1.682
     2.060
     1.780
     1.888
     1.686
     1.689
     2.067
     1.676
     1.655
     0.845
     1.832
     2.431
     2.360
     1.807
     1.845
     1.746
     1.807
     1.765
     0.925
     1.092
     1.840
     1.800
     1.636
     1.910
     2.092
     1.659
     2.138
     2.294
     2.116
     1.974
     1.226
     1.526
     1.936
     1.875
     1.203
     1.736
     1.815
     1.620
     1.928
     1.629
     1.788
     2.019
     1.924
     1.663
     1.823
     2.110
     1.870
     1.700
     1.716
     1.660
     1.714
     1.920
     1.921
     1.805
     1.666
     1.770
     1.901
     1.719
     1.632
     1.608
     2.019
     2.453
     1.124
     2.377
     1.690
     1.754
     1.930
     2.182
     1.747
     1.750
     1.752
     1.890
     1.181
     2.297
     1.374
     1.797
     1.152
     1.062
     1.834
     1.798
     2.080
     2.124
     1.803
     1.631
     1.714
     2.193
     1.894
     2.191
     1.810
     1.823
     2.371
     1.762
     1.691
     2.136
     0.921
     2.161
     1.859
     2.077
     1.745
     1.694
     1.543
     1.812
     1.937
     2.025
     1.798
     1.834
     1.499
     1.671
     1.657
     1.433
     1.760
     1.684
     1.421
     2.421
     2.239
     2.106
     1.664
     1.913
     2.201
     2.041
     1.786
     1.837
     1.436
     1.856
     1.822
     1.265
     1.675
     0.877
     1.813
     1.945
     1.551
     1.655
     1.853
     2.151
     1.315
     2.047
     1.780
     2.059
     1.777
     2.277
     1.430
     1.207
     1.637
     1.196
     2.254
     1.636
     1.676
     1.831
     1.750
     2.025
     1.863
     1.065
     1.946
     2.037
     1.788
     1.674
     1.167
     1.689
     1.706
     1.756
     1.773
     1.693
     1.853
     1.845
     2.004
     1.758
     2.267
     1.975
     1.677
     1.878
     1.967
     1.939
     1.696
     1.802
     1.738
     1.837
     1.758
     2.131
     1.630
     1.674
     1.919
     1.749
     1.069
     2.126
     1.096
     1.258
     1.881
     2.050
     1.796
     1.335
     1.647
     1.908
     1.861
     1.498
     2.056
     1.760
     1.726
     1.964
     1.941
     1.910
     1.763
     1.994
     1.643
     1.858
     1.803
     1.808
     1.660
     1.713
     1.945
     1.533
     1.915
     1.703
     1.900
     2.182
     1.616
     1.054
     1.803
     1.798
     0.627
     1.172
     1.727
     1.098
     1.889
     1.911
     1.666
     1.922
     1.805
     1.738
     1.755
     1.797
     1.807
     1.842
     0.805
     1.861
     1.832
     1.815
     1.831
     1.197
     1.678
     1.919
     1.737
     1.967
     1.502
     2.118
     1.724
     1.773
     1.558
     1.640
     1.766
     1.814
     2.012
     2.266
     1.604
     1.681
     1.786
     1.777
     1.364
     1.103
     2.095
     1.734
     1.898
     1.673
     1.780
     1.242
     1.893
     1.753
     2.337
     2.022
     1.835
     1.740
     1.744
     0.657
     1.892
     2.084
     1.498
     2.322
     1.785
     1.753
     2.400
     1.737
     1.872
     1.800
     1.790
     1.527
     2.115
     2.025
     2.003
     0.701
     1.898
     1.783
     1.717
     0.669
     1.739
     2.046
     1.661
     2.097
     2.123
     1.567
     2.095
     1.747
     1.634
     1.767
     1.952
     1.786
     1.997
     1.335
     1.774
     1.576
     2.030
     2.208
     2.214
     1.263
     1.808
     1.896
     1.747
     1.872
     1.872
     1.897
     1.871
     1.777
     1.969
     1.821
     2.442
     0.921
     1.900
     1.867
     2.180
     1.592
     1.785
     1.876
     2.316
     1.180
     1.675
     1.662
     1.543
     1.884
     0.871
     1.642
     1.917
     1.918
     1.864
     1.803
     2.136
     2.430
     1.878
     2.115
     1.737
     2.184
     1.744
     1.815
     1.740
     2.318
     1.887
     1.762
     1.737
     1.202
     2.378
     1.593
     1.804
     1.175
     2.126
     1.856
     1.649
     1.698
     1.463
     2.049
     1.793
     1.538
     2.220
     1.788
     1.665
     1.808
     1.803
     2.007
     1.769
     1.663
     1.798
     1.926
     2.413
     1.723
     1.685
     1.806
     1.353
     2.223
     2.167
     1.934
     2.238
     2.061
     1.824
     1.707
     1.778
     1.980
     2.131
     1.606
     2.017
     2.038
     1.775
     1.830
     1.866
     1.909
     1.816
     1.617
     1.916
     1.824
     0.835
     1.845
     1.754
     1.541
     1.835
     2.027
     1.445
     1.941
     2.068
     1.962
     1.650
     1.683
     2.079
     1.815
     1.706
     1.720
     1.776
     1.818
     1.362
     1.866
     1.599
     2.010
     1.647
     0.993
     1.712
     1.775
     1.820
     1.806
     2.149
     1.727
     2.005
     1.876
     1.196
     1.733
     1.772
     1.588
     1.852
     1.683
     1.548
     2.294
     1.771
     2.166
     2.330
     1.830
     1.549
     1.822
     2.018
     1.826
     1.864
     1.889
     1.779
     2.040
     1.898
     1.210
     2.082
     1.044
     1.762
     2.034
     1.773
     2.011
     0.625
     1.682
     1.967
     2.082
     2.091
     1.870
     2.296
     2.095
     1.893
     1.734
     1.801
     1.854
     2.081
     1.627
     1.659
     1.676
     1.702
     1.733
     1.656
     0.518
     2.185
     1.675
     1.828
     2.012
     1.610
     1.792
     1.208
     2.033
     1.155
     2.207
     1.683
     1.358
     1.650
     1.860
     1.763
     1.833
     1.878
     1.363
     1.731
     1.813
     2.364
     1.902
     2.061
     1.748
     0.935
     1.910
     1.825
     1.910
     1.916
     1.646
     1.606
     1.327
     1.786
     1.901
     1.839
     1.834
     2.224
     1.476
     1.790
     2.387
     1.807
     1.860
     1.666
     1.853
     1.651
     1.331
     1.714
     1.616
     2.207
     1.840
     1.913
     2.139
     1.795
     1.692
     1.677
     2.178
     1.283
     2.166
     2.430
     2.168
     1.776
     1.844
     0.594
     1.892
     1.442
     1.820
     1.693
     1.724
     1.950
     1.777
     1.857
     1.733
     1.739
     1.679
     2.224
     1.262
     1.806
     2.133
     2.094
     1.949
     1.844
     1.852
     1.663
     1.620
     2.126
     1.174
     1.687
     1.951
     1.803
     2.199
     1.840
     0.861
     1.707
     1.782
     1.755
     0.952
     1.867
     1.846
     2.291
     2.019
     1.813
     1.789
     2.123
     1.734
     2.043
     1.241
     1.236
     1.804
     1.822
     1.788
     1.487
     1.815
     2.008
     1.814
     1.180
     2.151
     1.287
     1.907
     1.650
     1.779
     1.812
     1.432
     1.666
     1.746
     1.714
     2.463
     1.882
     1.851
     1.953
     1.788
     1.822
     2.048
     1.470
     2.123
     1.661
     2.135
     0.713
     1.971
     1.691
     1.769
     1.669
     2.349
     1.840
     1.953
     1.733
     2.266
     1.479
     1.767
     2.031
     1.769
     1.795
     1.664
     2.132
     1.781
     1.820
     1.752
     1.712
     1.852
     1.677
     1.880
     1.843
     1.845
     1.995
     2.277
     1.831
     1.993
     2.291
     1.862
     1.790
     1.531
     0.936
     1.785
     1.919
     1.736
     1.619
     1.774
     1.647
     1.758
     1.771
     1.565
     1.248
     1.805
     1.820
     0.842
     1.793
     1.897
     1.842
     1.286
     1.764
     1.417
     2.132
     1.631
     2.356
     1.714
     1.751
     1.707
     1.773
     1.877
     1.913
     2.135
     1.776
     2.300
     2.334
     1.743
     1.705
     1.625
     2.418
     1.905
     1.863
     1.646
     2.008
     1.644
     1.731
     2.083
     2.136
     1.869
     1.704
     1.848
     1.178
     1.749
     1.710
     1.901
     1.273
     1.785
     1.951
     1.701
     2.139
     1.798
     1.287
     1.994
     1.549
     2.130
     1.728
     1.649
     2.218
     1.416
     2.160
     1.890
     1.661
     1.749
     1.803
     1.767
     2.129
     1.714
     1.278
     2.145
     1.081
     0.766
     2.123
     1.708
     1.418
     1.697
     1.751
     1.693
     1.873
     1.473
     1.718
     1.612
     1.782
     1.943
     1.831
     2.403
     2.075
     1.844
     1.808
     1.783
     1.696
     1.651
     1.523
     1.826
     1.690
     1.769
     1.373
     1.597
     2.127
     2.125
     1.657
     1.725
     1.609
     2.011
     1.815
     2.211
     2.358
     1.726
     2.057
     1.762
     1.687
     2.174
     1.830
     1.317
     1.718
     1.496
     0.997
     2.127
     2.107
     1.706
     1.485
     1.897
     1.673
     1.806
     1.247
     1.751
     2.108
     1.893
     2.136
     1.849
     2.108
     1.755
     1.794
     1.982
     1.783
     1.048
     1.702
     1.795
     0.987
     1.823
     1.993
     1.708
     1.448
     2.214
     2.233
     1.843
     1.797
     1.713
     1.837
     1.712
     1.451
     2.028
     1.091
     1.814
     2.053
     2.077
     2.086
     1.882
     1.738
     1.805
     1.820
     1.753
     1.729
     1.855
     1.938
     1.783
     1.090
     1.694
     1.699
     1.883
     1.981
     1.631
     2.192
     1.815
     2.095
     2.029
     1.756
     1.814
     1.920
     1.926
     1.530
     2.403
     1.688
     2.223
     1.777
     1.767
     1.232
     1.942
     1.683
     1.783
     1.597
     1.819
     1.360
     1.776
     1.752
     1.341
     1.795
     1.788
     1.778
     1.800
     1.386
     1.791
     1.732
     1.059
     0.753
     2.375
     1.780
     1.873
     1.839
     1.769
     2.064
     1.787
     1.782
     2.175
     1.555
     1.826
     2.258
     2.241
     2.204
     2.012
     1.758
     1.990
     2.188
     1.668
     2.253
     1.592
     1.852
     1.613
     1.789
     1.715
     2.381
     1.243
     1.905
     1.752
     1.298
     1.838
     1.707
     1.826
     1.700
     2.052
     2.324
     1.533
     1.867
     1.663
     2.197
     1.861
     1.979
     1.797
     1.890
     2.306
     1.924
     1.952
     2.158
     1.949
     2.141
     1.722
     1.385
     1.908
     2.453
     0.779
     1.909
     1.752
     1.941
     2.016
     1.737
     2.018
     1.830
     2.267
     1.756
     2.321
     1.671
     1.761
     1.089
     2.101
     1.738
     1.295
     1.849
     1.722
     1.837
     1.759
     1.766
     1.659
     2.419
     1.966
     1.813
     2.287
     2.149
     1.699
     1.845
     2.052
     1.811
     1.819
     1.276
     1.883
     1.760
     1.700
     2.159
     1.901
     2.122
     2.135
     1.172
     0.561
     1.649
     1.296
     2.406
     1.734
     1.294
     1.815
     1.855
     1.628
     1.630
     1.695
     0.982
     0.696
     2.040
     1.786
     1.780
     1.745
     1.686
     2.189
     1.150
     1.209
     2.034
     1.912
     1.922
     1.533
     1.876
     1.628
     1.777
     1.669
     0.937
     1.782
     2.083
     1.751
     1.660
     1.844
     1.757
     1.755
     1.862
     1.758
     1.609
     2.290
     2.247
     2.272
     1.554
     1.735
     1.888
     1.636
     1.175
     0.985
     1.496
     1.229
     1.830
     2.179
     1.261
     1.930
     1.738
     1.839
     1.813
     2.141
     1.879
     1.596
     1.805
     1.745
     1.260
     1.858
     2.299
     1.709
     1.499
     1.965
     1.657
     1.902
     1.024
     1.995
     2.044
     1.684
     1.844
     0.950
     1.983
     1.830
     1.719
     2.112
     1.769
     1.247
     1.075
     1.171
     2.186
     1.627
     1.621
     1.764
     1.047
     1.809
     0.986
     1.787
     1.740
     1.666
     1.814
     1.742
     2.211
     1.773
     1.757
     1.535
     1.864
     1.948
     1.635
     1.836
     1.314
     1.971
     1.658
     1.790
     1.604
     1.567
     1.829
     1.791
     1.732
     1.334
     1.841
     1.571
     1.908
     1.732
     1.996
     1.722
     1.917
     1.883
     2.296
     1.399
     1.824
     1.752
     1.793
     1.635
     1.829
     2.092
     2.311
     1.712
     1.739
     1.541
     2.018
     1.982
     1.750
     1.835
     1.766
     1.747
     1.984
     1.774
     1.915
     1.872
     1.819
     1.750
     1.572
     1.769
     1.915
     1.770
     1.908
     1.943
     1.745
     1.834
     1.794
     1.001
     1.623
     1.825
     1.965
     2.012
     1.970
     2.293
     1.701
     1.768
     2.122
     1.825
     2.027
     1.839
     1.608
     2.021
     2.222
     2.447
     1.802
     1.800
     1.784
     2.265
     1.653
     1.482
     0.640
     2.028
     1.905
     1.786
     1.936
     2.046
     1.596
     2.114
     1.913
     1.622
     2.369
     1.707
     1.686
     1.707
     1.552
     1.858
     1.873
     1.331
     2.366
     1.789
     1.051
     1.624
     2.084
     1.915
     1.658
     1.715
     2.382
     1.266
     1.941
     1.806
     1.894
     1.579
     1.741
     2.200
     1.619
     2.112
     1.655
     1.651
     1.687
     1.861
     1.730
     1.666
     2.160
     2.166
     1.986
     1.821
     1.651
     1.926
     1.680
     0.964
     1.917
     1.917
     1.853
     1.150
     1.752
     1.261
     1.828
     1.005
     2.072
     1.716
     1.659
     1.502
     2.017
     1.756
     1.697
     1.491
     2.035
     1.829
     1.801
     1.786
     1.849
     1.851
     1.800
     1.769
     1.635
     1.964
     1.824
     1.591
     1.900
     1.409
     1.660
     1.680
     2.316
     1.775
     1.605
     1.146
     2.060
     2.257
     2.375
     1.918
     1.856
     1.278
     1.997
     2.226
     1.865
     2.187
     1.608
     1.954
     1.727
     1.782
     1.639
     1.776
     1.744
     1.079
     1.850
     0.994
     1.230
     1.814
     2.173
     1.765
     1.777
     1.818
     1.657
     2.105
     2.032
     1.694
     1.709
     1.711
     1.768
     1.820
     1.807
     1.735
     1.765
     1.798
     1.629
     1.788
     2.104
     1.173
     0.957
     1.953
     1.663
     1.834
     1.641
     1.914
     1.767
     1.757
     1.264
     2.413
     1.870
     1.728
     2.170
     1.918
     1.808
     1.820
     0.913
     1.719
     1.990
     1.772
     1.859
     2.036
     1.839
     1.722
     1.111
     1.590
     1.947
     1.948
     1.815
     1.699
     1.677
     2.156
     1.567
     1.812
     1.863
     2.411
     1.698
     2.134
     1.879
     1.862
     1.757
     1.652
     2.014
     1.786
     0.636
     1.850
     1.636
     1.800
     0.884
     1.282
     1.943
     1.900
     1.974
     1.657
     1.774
     1.999
     1.895
     1.149
     1.637
     2.071
     1.617
     1.729
     1.824
     1.686
     1.936
     1.917
     2.089
     1.705
     1.823
     0.939
     1.686
     0.909
     1.716
     1.192
     2.418
     1.566
     1.511
     1.925
     1.854
     2.211
     1.660
     1.279
     1.941
     1.431
     1.743
     1.185
     1.808
     1.852
     1.445
     1.260
     1.752
     1.885
     1.845
     1.896
     2.058
     2.036
     1.408
     1.716
     1.795
     1.972
     2.357
     1.514
     1.224
     1.574
     2.126
     2.073
     2.180
     1.455
     1.806
     1.843
     1.637
     1.723
     1.918
     2.081
     2.142
     1.766
     1.730
     1.657
     1.858
     1.786
     1.611
     1.714
     1.759
     1.797
     1.538
     1.430
     1.741
     2.126
     1.834
     2.231
     1.796
     1.039
     1.817
     1.810
     1.867
     2.151
     1.815
     1.841
     2.014
     1.649
     1.683
     1.908
     1.780
     1.590
     2.185
     0.737
     1.227
     2.236
     2.080
     2.048
     2.218
     1.915
     2.084
     1.937
     1.756
     1.715
     1.858
     1.843
     1.803
     1.862
     1.886
     1.741
     1.701
     1.323
     1.807
     1.653
     1.849
     1.996
     1.810
     1.771
     1.960
     1.878
     1.720
     1.916
     2.309
     1.791
     1.739
     1.770
     2.043
     2.018
     1.779
     2.251
     2.429
     1.765
     1.770
     1.761
     1.801
     1.933
     1.809
     1.643
     1.865
     2.002
     1.809
     1.904
     2.063
     2.199
     0.853
     1.680
     1.729
     2.055
     1.651
     1.790
     1.457
     1.739
     1.714
     1.706
     0.817
     1.628
     1.783
     1.716
     1.748
     1.764
     1.818
     0.977
     1.047
     1.949
     1.956
     1.971
     1.876
     1.937
     1.224
     1.569
     1.806
     1.803
     1.995
     1.628
     1.674
     1.728
     1.666
     1.459
     1.778
     2.071
     1.775
     2.159
     1.735
     1.759
     1.680
     2.257
     1.878
     1.747
     2.020
     2.079
     1.332
     1.839
     1.460
     1.066
     1.852
     1.782
     2.382
     2.346
     1.314
     1.635
     1.854
     1.855
     1.899
     1.223
     1.058
     1.757
     1.427
     1.575
     2.410
     1.811
     1.672
     2.460
     1.651
     1.225
     1.264
     1.874
     1.758
     1.948
     1.628
     1.089
     1.872
     2.192
     1.863
     1.740
     1.797
     1.301
     1.706
     2.455
     1.373
     1.994
     1.785
     2.082
     2.085
     1.805
     0.726
     2.262
     1.954
     1.683
     1.103
     1.991
     1.805
     2.126
     1.918
     1.819
     2.248
     1.637
     2.090
     1.569
     2.101
     2.063
     1.863
     1.634
     1.832
     2.417
     1.416
     1.714
     2.263
     0.749
     2.043
     2.073
     2.440
     2.116
     1.987
     1.818
     1.795
     1.719
     1.753
     2.061
     2.046
     1.707
     1.696
     1.769
     2.267
     1.863
     1.624
     0.626
     1.608
     1.816
     1.808
     2.098
     2.321
     1.894
     2.036
     1.811
     1.592
     1.836
     1.652
     2.025
     1.961
     1.815
     2.104
     2.208
     1.772
     1.809
     1.906
     2.150
     1.641
     2.001
     1.724
     1.796
     1.866
     2.164
     0.518
     0.994
     1.922
     1.824
     2.090
     1.818
     2.061
     0.847
     1.593
     1.591
     1.843
     2.175
     1.732
     1.638
     1.698
     2.397
     1.586
     1.923
     1.553
     2.354
     1.824
     1.392
     1.838
     1.847
     2.134
     1.882
     1.844
     1.902
     1.777
     1.908
     1.950
     2.070
     2.048
     1.639
     1.933
     1.912
     1.888
     0.906
     1.611
     1.875
     1.843
     1.752
     1.665
     1.871
     1.639
     2.224
     2.212
     2.035
     2.034
     1.720
     1.909
     1.718
     1.663
     1.974
     1.754
     1.974
     1.850
     2.234
     1.836
     1.771
     2.247
     1.798
     1.759
     2.069
     2.068
     1.973
     2.028
     1.722
     1.750
     1.732
     1.861
     1.880
     0.744
     1.649
     1.768
     2.319
     1.876
     1.571
     1.843
     1.846
     1.864
     1.813
     1.462
     1.933
     1.876
     1.799
     1.713
     1.606
     1.526
     1.707
     1.780
     1.739
     1.306
     2.232
     2.387
     1.659
     1.862
     2.033
     1.850
     1.658
     1.645
     1.822
     1.811
     1.445
     2.110
     1.658
     2.431
     1.733
     1.880
     2.174
     1.900
     1.953
     1.802
     1.712
     1.744
     1.645
     1.876
     1.863
     2.068
     1.699
     1.631
     1.885
     1.751
     2.040
     1.299
     1.628
     1.596
     1.836
     1.319
     1.742
     1.898
     2.431
     2.121
     1.898
     1.818
     1.789
     2.047
     1.831
     2.022
     2.156
     0.819
     1.764
     1.952
     2.000
     0.786
     1.613
     2.246
     1.977
     2.000
     1.945
     1.653
     1.859
     1.769
     1.768
     1.813
     1.469
     1.738
     1.857
     1.858
     1.975
     1.855
     2.246
     1.797
     1.920
     1.338
     1.702
     1.492
     1.878
     1.324
     1.848
     1.566
     1.859
     2.239
     1.888
     1.745
     1.660
     1.660
     1.867
     1.723
     1.905
     1.730
     1.771
     1.731
     1.555
     1.545
     1.799
     1.778
     1.815
     1.403
     1.634
     2.155
     1.816
     1.998
     1.766
     1.580
     2.121
     1.631
     1.803
     1.632
     1.820
     1.725
     1.842
     1.635
     1.678
     1.654
     1.764
     1.022
     1.429
     1.831
     1.129
     1.669
     1.858
     1.724
     1.646
     1.939
     1.760
     1.526
     1.929
     1.801
     1.831
     1.825
     1.811
     1.293
     1.850
     1.249
     1.825
     0.850
     1.856
     1.786
     1.786
     1.318
     1.760
     1.814
     1.733
     1.607
     1.533
     1.326
     1.747
     2.406
     2.038
     1.772
     1.133
     1.814
     1.776
     1.771
     1.993
     1.727
     1.762
     1.797
     1.564
     1.835
     1.715
     1.330
     1.847
     1.903
     1.601
     1.697
     1.638
     1.969
     1.586
     1.842
     1.375
     1.816
     2.167
     2.042
     2.280
     1.810
     1.863
     1.856
     2.148
     2.166
     1.748
     2.306
     1.756
     1.821
     1.711
     1.821
     2.008
     1.907
     1.741
     1.778
     1.836
     2.135
     1.408
     1.963
     0.997
     1.797
     0.711
     1.863
     1.949
     1.880
     1.671
     1.845
     1.751
     0.730
     1.707
     1.600
     1.065
     1.852
     1.751
     1.863
     1.687
     2.209
     0.861
     1.924
     1.815
     1.359
     2.132
     1.880
     1.891
     2.122
     1.806
     0.981
     1.698
     1.771
     1.940
     2.152
     1.784
     1.848
     1.752
     1.707
     1.596
     1.766
     2.230
     1.076
     2.179
     2.109
     1.894
     1.760
     2.133
     1.710
     1.892
     1.771
     1.812
     1.718
     1.776
     2.196
     1.800
     1.849
     1.843
     1.860
     1.589
     1.838
     1.631
     1.700
     1.923
     1.702
     1.669
     1.494
     1.764
     1.057
     1.733
     1.886
     1.711
     0.895
     1.841
     1.763
     1.993
     1.671
     1.620
     2.125
     1.743
     2.176
     1.805
     2.085
     1.638
     1.407
     1.843
     1.426
     2.403
     1.116
     2.006
     1.117
     1.813
     1.630
     1.627
     1.826
     1.754
     1.642
     1.973
     1.865
     1.938
     1.825
     1.845
     1.416
     1.014
     1.803
     2.049
     1.709
     1.705
     1.643
     2.042
     2.157
     1.616
     2.076
     1.800
     2.350
     1.786
     1.896
     1.734
     1.655
     1.838
     1.693
     2.053
     1.845
     1.680
     1.820
     1.816
     1.779
     1.820
     1.849
     2.215
     2.133
     2.197
     1.549
     1.695
     1.693
     2.336
     1.807
     2.039
     1.788
     1.627
     2.346
     2.177
     2.043
     0.933
     1.473
     1.881
     1.835
     1.700
     1.821
     1.700
     1.806
     2.431
     1.853
     1.768
     1.723
     1.798
     1.774
     1.719
     1.904
     1.711
     1.953
     1.832
     1.940
     1.845
     1.826
     2.039
     1.819
     1.431
     1.768
     2.113
     2.114
     1.779
     1.024
     1.273
     1.966
     1.580
     1.772
     1.903
     1.899
     1.897
     1.990
     1.923
     1.327
     1.755
     0.878
     1.937
     1.866
     1.956
     1.649
     1.589
     2.095
     2.150
     1.734
     1.332
     2.224
     1.903
     1.796
     1.887
     1.421
     2.237
     1.662
     1.795
     1.226
     1.814
     1.350
     1.613
     0.798
     1.735
     1.783
     1.895
     2.086
     2.365
     2.141
     1.890
     1.787
     1.688
     2.259
     2.244
     2.260
     2.196
     1.477
     1.897
     1.628
     1.407
     1.812
     1.434
     1.917
     1.669
     1.768
     1.857
     1.834
     1.840
     1.983
     1.799
     1.746
     1.827
     1.790
     1.676
     0.799
     1.870
     1.476
     1.917
     1.546
     0.947
     1.742
     1.293
     1.836
     1.693
     1.623
     1.881
     1.793
     1.740
     2.017
     1.827
     1.812
     1.789
     1.824
     1.637
     1.512
     1.627
     2.156
     1.925
     1.882
     1.789
     1.809
     1.853
     1.663
     1.774
     1.822
     1.910
     2.125
     1.792
     1.685
     1.377
     1.173
     1.904
     1.736
     1.649
     2.002
     1.665
     1.772
     1.917
     1.910
     2.215
     1.747
     1.362
     1.952
     1.681
     1.963
     1.435
     1.622
     1.635
     1.768
     2.233
     2.074
     1.688
     2.178
     1.260
     1.775
     1.434
     2.333
     1.693
     1.921
     1.869
     1.970
     1.781
     1.720
     1.979
     1.817
     1.812
     2.361
     1.846
     2.013
     1.259
     1.917
     2.308
     1.774
     1.919
     1.981
     1.811
     1.850
     1.740
     1.279
     1.980
     0.878
     1.740
     1.921
     1.925
     1.740
     1.841
     2.029
     1.859
     1.700
     1.488
     1.753
     2.080
     2.070
     1.681
     2.282
     1.861
     0.885
     0.625
     1.879
     2.052
     1.731
     1.756
     1.780
     2.124
     1.705
     1.656
     1.780
     1.510
     1.793
     0.776
     1.838
     1.496
     1.761
     1.796
     1.700
     2.457
     1.254
     1.244
     2.116
     1.800
     1.807
     1.802
     1.976
     1.866
     1.632
     1.776
     1.860
     2.024
     2.326
     1.989
     1.833
     1.657
     1.854
     0.935
     1.932
     1.728
     2.011
     1.775
     2.099
     2.211
     1.837
     1.645
     1.497
     1.415
     1.756
     2.029
     2.146
     1.711
     1.755
     1.969
     1.714
     1.781
     1.733
     1.752
     1.753
     2.070
     1.719
     1.376
     1.822
     1.915
     2.049
     1.900
     1.516
     1.669
     1.999
     2.154
     2.180
     1.645
     2.023
     1.770
     1.749
     1.283
     1.841
     1.253
     1.685
     1.920
     1.919
     1.555
     1.771
     1.799
     1.910
     1.257
     1.352
     1.844
     2.434
     0.698
     1.765
     1.349
     1.145
     2.317
     2.105
     2.165
     2.090
     1.697
     1.648
     1.097
     1.892
     2.353
     2.066
     2.067
     2.030
     1.687
     1.850
     1.614
     1.712
     2.292
     0.817
     1.240
     2.082
     1.903
     2.260
     1.857
     1.657
     1.763
     1.685
     1.849
     1.477
     1.024
     1.672
     2.178
     1.514
     1.731
     2.107
     2.077
     2.045
     2.394
     1.781
     2.231
     1.817
     1.759
     1.697
     1.472
     1.834
     1.991
     2.029
     1.403
     1.839
     1.669
     2.154
     2.139
     1.688
     1.749
     2.406
     2.039
     1.748
     1.763
     1.784
     2.171
     1.676
     1.666
     1.787
     1.520
     1.829
     2.048
     2.096
     2.360
     1.581
     2.178
     2.380
     1.394
     1.851
     1.786
     1.644
     2.128
     2.082
     1.960
     1.743
     1.653
     1.831
     1.833
     1.631
     1.662
     2.234
     1.189
     1.811
     1.319
     2.428
     2.285
     1.803
     1.851
     2.166
     1.694
     1.447
     1.791
     2.135
     1.993
     1.959
     1.746
     2.119
     1.814
     1.776
     1.911
     1.713
     1.824
     1.825
     2.215
     1.765
     1.775
     2.320
     1.932
     1.928
     1.258
     2.150
     1.910
     1.791
     1.890
     1.774
     1.829
     1.578
     2.123
     1.639
     1.770
     1.498
     1.614
     1.803
     1.775
     1.297
     1.813
     1.571
     1.884
     1.764
     1.396
     1.511
     2.011
     2.464
     1.804
     2.395
     2.136
     1.617
     1.266
     1.757
     2.128
     1.929
     1.854
     1.916
     1.906
     1.767
     1.768
     1.938
     1.863
     1.979
     1.701
     1.244
     1.450
     0.827
     1.015
     1.769
     1.930
     1.626
     2.127
     1.228
     2.085
     1.610
     1.998
     2.102
     1.718
     2.340
     1.678
     1.836
     1.875
     2.252
     2.264
     1.741
     1.992
     1.446
     2.117
     1.995
     1.677
     1.990
     1.772
     1.973
     1.791
     1.866
     1.696
     2.054
     1.676
     1.130
     0.697
     1.129
     1.827
     2.268
     2.166
     2.179
     2.221
     1.892
     1.802
     1.810
     1.856
     1.802
     1.822
     2.061
     1.679
     1.713
     0.854
     1.810
     1.744
     2.103
     1.732
     1.188
     1.937
     1.545
     2.415
     1.685
     1.919
     1.741
     1.888
     2.247
     1.928
     2.310
     2.203
     2.019
     2.076
     1.765
     1.964
     0.989
     1.870
     2.154
     1.627
     2.156
     1.807
     1.897
     1.944
     1.817
     1.809
     2.127
     1.675
     1.712
     1.709
     1.814
     1.757
     1.579
     1.698
     0.999
     1.731
     2.186
     1.784
     1.718
     1.709
     1.866
     2.249
     1.588
     1.776
     2.413
     1.668
     1.852
     1.648
     1.721
     2.086
     2.109
     1.321
     1.821
     1.748
     1.853
     1.647
     1.364
     1.645
     1.865
     2.153
     1.866
     1.617
     1.677
     2.127
     1.779
     1.816
     1.841
     1.839
     1.814
     1.616
     1.066
     2.001
     2.042
     1.122
     1.746
     1.818
     1.914
     1.876
     1.674
     1.772
     0.658
     1.856
     1.835
     2.111
     2.258
     1.627
     1.818
     2.167
     2.137
     1.876
     1.801
     1.823
     1.302
     1.644
     1.862
     1.856
     2.002
     1.859
     1.677
     1.926
     1.942
     2.180
     1.798
     1.566
     1.687
     2.313
     1.619
     1.800
     2.080
     0.942
     1.728
     1.815
     1.785
     1.826
     1.527
     1.750
     1.483
     1.801
     2.109
     2.091
     1.819
     1.082
     1.632
     2.038
     1.845
     1.831
     2.032
     1.543
     1.989
     0.813
     1.820
     1.170
     2.338
     1.849
     2.216
     1.664
     2.182
     1.666
     2.183
     1.809
     2.285
     1.820
     1.635
     2.071
     1.918
     1.784
     1.774
     1.740
     2.362
     1.848
     1.869
     0.635
     1.817
     1.163
     1.827
     1.656
     1.922
     2.332
     2.146
     1.470
     1.826
     1.341
     1.891
     1.815
     1.779
     1.696
     1.774
     1.725
     2.199
     2.286
     1.334
     1.518
     1.759
     1.771
     0.802
     1.343
     1.757
     1.829
     1.809
     1.868
     1.731
     1.493
     1.805
     1.808
     1.664
     1.781
     1.657
     1.726
     2.092
     1.878
     1.670
     1.858
     1.722
     2.092
     2.350
     2.295
     2.050
     1.831
     1.859
     1.834
     1.749
     1.344
     1.975
     1.823
     1.668
     1.703
     1.677
     1.699
     1.661
     1.873
     1.676
     1.750
     1.691
     1.856
     1.685
     1.799
     0.857
     1.782
     1.705
     1.081
     1.817
     1.617
     1.831
     1.799
     1.791
     1.804
     1.715
     1.899
     1.315
     1.857
     1.837
     2.368
     1.712
     1.655
     1.320
     1.698
     2.092
     1.811
     1.433
     1.777
     1.654
     1.840
     1.421
     2.176
     1.608
     2.142
     1.643
     1.663
     1.929
     1.996
     1.552
     2.137
     1.833
     2.099
     2.142
     1.830
     1.773
     1.602
     2.165
     2.273
     1.750
     1.623
     1.866
     1.771
     1.683
     1.051
     2.131
     1.845
     1.223
     1.576
     1.975
     1.684
     1.805
     1.926
     1.981
     1.724
     1.989
     1.110
     2.134
     1.962
     1.716
     1.295
     1.781
     2.106
     1.249
     1.896
     0.779
     1.817
     1.271
     1.723
     1.659
     0.699
     1.757
     1.771
     0.674
     1.681
     1.811
     2.352
     1.918
     1.697
     1.864
     1.796
     2.107
     1.673
     2.208
     1.731
     1.865
     1.814
     2.038
     1.062
     2.057
     1.769
     1.680
     2.142
     2.162
     2.274
     1.760
     1.663
     1.854
     1.850
     1.806
     2.157
     2.063
     1.584
     2.012
     1.857
     0.611
     2.206
     1.813
     1.891
     2.265
     1.743
     1.951
     1.675
     1.733
     1.449
     2.019
     1.831
     1.711
     1.698
     1.771
     2.300
     1.879
     1.792
     1.598
     1.756
     1.620
     1.637
     2.163
     1.659
     2.410
     1.312
     1.648
     1.873
     1.811
     1.770
     2.183
     1.691
     1.817
     1.740
     1.847
     1.634
     1.454
     1.337
     1.831
     1.836
     1.953
     1.782
     1.909
     1.787
     2.019
     1.519
     1.985
     1.950
     1.804
     1.749
     2.020
     1.685
     1.948
     1.779
     2.061
     2.183
     1.724
     1.957
     1.400
     1.748
     1.699
     1.904
     1.964
     1.388
     1.601
     1.120
     2.188
     2.136
     1.824
     1.782
     1.444
     2.368
     1.783
     2.139
     1.273
     2.018
     1.162
     1.758
     1.073
     1.166
     1.716
     1.717
     1.532
     1.758
     2.132
     1.794
     1.856
     1.768
     1.797
     1.708
     1.951
     2.065
     1.546
     1.892
     1.824
     1.732
     2.033
     1.864
     1.707
     1.881
     1.809
     2.044
     2.124
     2.098
     1.718
     1.251
     1.754
     0.823
     1.336
     1.711
     2.023
     1.644
     1.838
     1.692
     1.803
     1.702
     1.740
     1.820
     2.177
     0.788
     1.810
     1.824
     1.916
     1.827
     1.708
     0.597
     1.729
     1.817
     1.812
     1.632
     1.857
     1.897
     1.705
     2.254
     1.995
     1.987
     2.022
     1.787
     1.706
     1.815
     1.842
     1.847
     2.062
     1.851
     1.814
     0.947
     1.667
     2.064
     1.757
     1.689
     2.278
     1.878
     1.277
     1.910
     1.927
     2.021
     2.033
     1.966
     1.430
     1.671
     1.798
     0.951
     1.841
     1.698
     1.831
     1.774
     1.867
     1.777
     1.768
     1.871
     1.764
     1.704
     1.768
     1.256
     1.794
     1.881
     1.865
     1.873
     1.627
     1.876
     2.255
     1.804
     1.820
     1.303
     2.120
     1.046
     1.745
     1.805
     1.955
     1.958
     2.042
     2.087
     1.791
     1.347
     1.764
     1.794
     2.224
     1.795
     1.741
     2.230
     1.190
     1.687
     2.027
     2.155
     2.274
     1.901
     2.219
     1.705
     2.314
     1.764
     1.824
     1.828
     1.423
     1.639
     1.670
     1.537
     1.878
     1.590
     1.787
     1.681
     1.794
     1.850
     1.815
     1.732
     2.053
     2.124
     1.685
     1.874
     2.435
     1.708
     2.040
     2.031
     2.330
     1.748
     1.735
     1.730
     2.108
     1.746
     1.292
     1.758
     1.804
     1.034
     1.762
     1.468
     1.969
     1.991
     1.085
     1.677
     1.892
     1.445
     1.778
     1.803
     1.825
     2.269
     1.778
     1.400
     1.738
     1.984
     1.594
     1.914
     1.776
     1.721
     1.815
     1.796
     1.600
     2.414
     1.824
     2.119
     2.007
     2.161
     1.913
     1.630
     2.079
     1.674
     1.723
     1.843
     2.066
     2.420
     1.912
     1.702
     0.743
     1.844
     1.801
     1.775
     1.546
     1.849
     1.456
     1.595
     1.763
     1.623
     1.681
     1.801
     1.761
     1.828
     2.378
     1.866
     1.614
     1.631
     1.743
     1.748
     1.710
     1.630
     1.282
     1.223
     1.856
     1.768
     1.337
     1.946
     1.413
     1.764
     1.720
     1.772
     1.427
     1.655
     1.789
     1.777
     1.801
     1.913
     1.783
     0.826
     1.859
     1.717
     1.028
     1.842
     1.761
     1.833
     1.756
     2.133
     1.779
     1.671
     2.265
     1.913
     2.120
     2.102
     1.723
     2.291
     1.622
     1.980
     1.327
     1.832
     2.108
     1.729
     1.901
     2.095
     1.736
     1.417
     2.108
     0.984
     1.763
     1.536
     1.552
     1.812
     2.338
     2.151
     1.594
     1.786
     2.166
     1.729
     1.862
     1.793
     1.851
     1.671
     2.023
     1.936
     2.041
     2.363
     1.582
     1.847
     1.764
     1.778
     1.831
     2.380
     1.802
     1.291
     1.727
     1.694
     2.057
     1.916
     1.331
     1.919
     1.756
     1.189
     1.790
     1.720
     1.524
     2.058
     2.133
     2.256
     1.921
     1.753
     1.347
     1.901
     1.969
     2.269
     2.108
     1.163
     0.736
     1.422
     1.544
     1.872
     1.821
     2.405
     2.252
     1.905
     1.704
     1.983
     1.415
     1.838
     1.758
     0.972
     1.458
     1.635
     1.779
     1.181
     2.158
     2.240
     2.007
     1.337
     1.799
     2.091
     1.852
     1.843
     1.795
     1.811
     1.173
     0.808
     1.737
     1.906
     2.149
     1.195
     2.180
     1.747
     2.207
     1.006
     1.827
     1.840
     1.646
     1.848
     1.695
     1.673
     1.759
     1.775
     1.746
     1.815
     1.611
     1.509
     2.250
     1.829
     1.683
     1.770
     1.193
     1.711
     1.869
     1.362
     1.841
     1.710
     1.178
     1.720
     2.048
     1.794
     1.899
     1.817
     1.761
     1.975
     1.469
     1.654
     1.822
     1.599
     1.861
     1.853
     1.590
     1.686
     1.579
     1.884
     1.790
     1.782
     1.890
     1.856
     1.411
     1.993
     1.767
     1.863
     2.168
     1.213
     1.804
     1.798
     1.800
     1.696
     1.675
     1.761
     2.448
     1.945
     1.714
     1.712
     1.779
     1.747
     1.376
     1.963
     1.786
     1.839
     1.649
     1.905
     2.308
     1.735
     1.779
     2.025
     1.348
     1.796
     1.791
     1.842
     0.698
     1.752
     2.026
     2.171
     1.759
     2.018
     1.409
     1.602
     1.477
     1.252
     2.338
     1.900
     2.055
     1.587
     1.865
     2.015
     1.976
     1.217
     1.788
     1.870
     1.560
     1.933
     1.903
     1.736
     1.778
     1.073
     1.894
     1.807
     1.056
     0.956
     1.631
     1.821
     1.808
     1.693
     1.277
     1.723
     1.872
     1.828
     2.240
     1.984
     1.954
     2.036
     1.869
     1.894
     1.643
     1.924
     1.662
     1.135
     1.845
     1.688
     1.827
     1.788
     1.796
     1.824
     1.051
     1.680
     1.697
     1.908
     1.668
     1.701
     2.148
     1.602
     1.790
     1.962
     2.076
     1.787
     1.847
     0.966
     1.291
     1.742
     2.258
     1.816
     1.710
     1.757
     2.321
     1.732
     1.815
     1.609
     1.713
     1.531
     1.548
     1.910
     1.881
     1.828
     2.057
     2.454
     2.297
     1.723
     1.377
     2.166
     1.815
     0.696
     1.795
     1.622
     2.205
     1.763
     1.918
     1.905
     1.818
     2.196
     1.733
     1.735
     1.824
     1.970
     1.727
     1.664
     2.033
     1.310
     1.688
     2.383
     2.017
     2.043
     2.226
     1.456
     1.378
     2.040
     1.818
     2.443
     2.114
     1.655
     2.047
     1.175
     1.320
     1.469
     1.704
     2.080
     1.711
     1.804
     1.805
     2.008
     1.806
     1.725
     1.597
     1.812
     1.637
     1.830
     1.955
     1.809
     1.741
     1.765
     1.910
     1.734
     1.771
     1.716
     2.020
     2.216
     1.789
     2.218
     1.018
     2.078
     1.955
     1.806
     1.893
     1.827
     1.841
     1.810
     1.275
     1.935
     2.079
     2.076
     1.948
     1.152
     1.853
     1.121
     1.683
     1.855
     2.051
     1.657
     1.712
     2.055
     2.053
     1.870
     1.415
     1.969
     1.815
     2.443
     1.691
     2.076
     1.727
     1.783
     2.065
     1.862
     1.971
     2.019
     1.800
     1.813
     2.166
     1.751
     2.258
     1.738
     2.101
     1.789
     2.206
     1.704
     1.898
     2.066
     1.788
     1.691
     1.788
     1.814
     1.708
     1.675
     2.020
     1.736
     1.808
     0.666
     2.196
     1.880
     1.725
     1.072
     1.788
     2.034
     1.698
     1.054
     2.115
     1.744
     2.409
     1.735
     2.435
     1.249
     1.617
     2.085
     1.249
     2.236
     2.246
     2.017
     2.156
     1.841
     2.198
     1.669
     1.815
     1.827
     1.840
     1.588
     1.758
     1.740
     1.995
     1.642
     2.460
     1.880
     1.792
     1.702
     1.709
     0.859
     2.448
     1.581
     1.918
     2.098
     1.687
     1.777
     2.321
     1.863
     1.846
     1.815
     1.474
     2.293
     1.358
     2.033
     1.700
     1.782
     1.511
     1.852
     1.830
     1.588
     1.723
     1.858
     2.223
     1.208
     1.817
     1.614
     1.627
     1.661
     1.999
     1.786
     2.129
     1.863
     2.347
     1.834
     2.032
     1.640
     2.052
     1.313
     1.737
     1.769
     1.677
     1.723
     1.658
     2.268
     1.900
     1.654
     2.020
     2.069
     1.745
     1.678
     1.884
     1.399
     1.869
     1.721
     2.118
     2.202
     1.630
     2.092
     1.801
     0.879
     1.774
     1.639
     2.031
     1.786
     2.076
     1.959
     1.918
     1.900
     2.355
     1.725
     1.390
     1.132
     1.666
     1.656
     1.914
     1.671
     1.733
     1.810
     1.727
     1.607
     2.195
     1.937
     1.831
     1.777
     1.654
     2.107
     1.756
     1.918
     1.871
     1.776
     1.848
     1.737
     1.786
     1.904
     1.831
     1.721
     1.661
     1.280
     1.422
     1.461
     1.817
     1.712
     2.237
     1.747
     1.767
     1.362
     1.799
     2.298
     1.765
     1.918
     2.164
     2.391
     1.787
     1.236
     1.818
     1.814
     1.703
     1.881
     1.772
     2.125
     1.752
     1.898
     0.991
     1.781
     1.853
     1.838
     2.051
     1.804
     1.955
     1.743
     1.755
     2.183
     2.310
     1.617
     1.745
     2.264
     2.329
     1.075
     1.927
     2.056
     1.779
     1.810
     1.679
     1.784
     1.638
     1.768
     1.711
     1.003
     1.714
     1.382
     2.172
     1.800
     2.153
     2.398
     1.995
     1.631
     1.709
     1.827
     0.617
     1.732
     2.021
     2.289
     1.586
     1.832
     2.032
     1.991
     2.080
     1.727
     1.621
     1.780
     1.796
     2.042
     1.735
     2.207
     1.631
     0.885
     1.712
     1.668
     1.439
     1.758
     1.752
     1.675
     1.771
     2.061
     2.087
     1.993
     1.839
     1.764
     1.849
     1.646
     1.285
     1.744
     1.791
     2.313
     1.213
     1.265
     1.798
     1.956
     1.826
     1.577
     2.150
     0.883
     1.693
     1.895
     1.798
     1.761
     2.031
     2.137
     1.942
     1.834
     1.692
     2.206
     1.816
     1.675
     1.558
     1.729
     1.653
     1.746
     1.899
     0.808
     1.774
     1.942
     1.810
     1.927
     1.917
     1.787
     2.271
     2.305
     1.756
     1.760
     1.624
     0.981
     1.923
     1.544
     1.625
     1.663
     2.158
     2.337
     1.931
     1.772
     1.673
     1.347
     1.937
     1.790
     2.046
     1.636
     1.708
     1.607
     0.588
     1.536
     1.840
     1.804
     1.766
     2.188
     2.136
     2.008
     1.606
     1.645
     1.712
     1.747
     2.345
     1.617
     1.690
     1.825
     1.828
     1.718
     2.233
     2.196
     1.754
     1.696
     1.685
     1.537
     1.136
     1.701
     1.699
     1.877
     1.913
     1.696
     1.923
     2.149
     2.108
     1.161
     2.014
     1.022
     0.718
     1.712
     1.047
     1.665
     1.785
     2.004
     2.036
     1.148
     1.776
     1.811
     1.561
     1.919
     1.632
     1.849
     1.367
     1.863
     1.893
     1.903
     1.990
     2.024
     1.828
     1.815
     1.689
     2.145
     1.474
     1.889
     1.739
     1.663
     1.984
     1.734
     1.960
     1.812
     1.792
     1.837
     1.759
     1.872
     1.555
     1.582
     2.171
     2.339
     1.587
     1.676
     2.423
     1.794
     1.719
     1.185
     0.861
     1.573
     1.859
     1.599
     1.470
     1.330
     1.647
     1.483
     1.675
     2.261
     1.740
     1.800
     1.837
     1.669
     1.725
     1.824
     1.653
     1.338
     2.231
     2.125
     1.951
     2.045
     2.294
     1.583
     1.843
     1.746
     1.542
     2.089
     2.054
     1.669
     2.115
     1.509
     1.768
     1.404
     1.864
     1.641
     2.305
     1.861
     2.180
     2.126
     1.766
     1.794
     2.028
     1.706
     1.871
     1.802
     2.437
     1.791
     1.698
     1.832
     1.852
     2.234
     1.103
     1.856
     1.820
     1.862
     1.698
     0.914
     1.886
     1.980
     2.398
     1.829
     1.853
     2.156
     1.824
     1.678
     1.750
     1.772
     1.680
     1.741
     1.441
     2.234
     1.615
     1.748
     2.144
     1.731
     1.888
     1.696
     2.155
     2.167
     2.170
     1.723
     1.904
     1.678
     1.734
     1.728
     1.848
     1.677
     2.137
     1.670
     1.836
     0.850
     2.074
     1.959
     1.118
     2.015
     1.697
     1.991
     1.892
     2.178
     1.882
     1.823
     2.181
     1.754
     1.771
     1.772
     1.758
     1.766
     1.784
     1.381
     1.654
     2.361
     1.474
     1.729
     1.991
     1.064
     1.838
     1.730
     1.723
     1.900
     1.118
     1.964
     1.601
     2.137
     1.791
     1.688
     0.980
     1.788
     2.214
     1.800
     1.910
     1.988
     1.754
     1.655
     1.709
     1.822
     1.734
     1.667
     1.990
     1.243
     1.224
     1.800
     1.810
     1.860
     1.929
     1.918
     1.819
     1.688
     1.768
     1.785
     2.204
     1.861
     1.545
     0.637
     1.261
     1.747
     1.822
     1.616
     1.603
     1.752
     1.736
     1.141
     1.163
     2.027
     1.704
     1.974
     1.944
     0.908
     1.785
     1.964
     2.068
     1.125
     1.863
     1.842
     1.772
     1.945
     1.829
     2.404
     2.097
     1.805
     2.248
     1.745
     1.766
     1.615
     1.638
     0.912
     1.672
     2.164
     1.786
     2.272
     1.752
     1.235
     1.754
     1.746
     1.773
     1.766
     2.404
     1.946
     1.968
     1.680
     1.785
     1.712
     1.809
     1.327
     0.947
     2.314
     1.486
     1.558
     1.853
     1.823
     1.709
     1.679
     1.401
     1.810
     2.178
     2.013
     1.774
     1.849
     1.706
     2.223
     1.224
     1.629
     1.797
     2.101
     2.100
     1.977
     0.705
     1.904
     1.689
     1.160
     1.771
     1.770
     1.643
     1.862
     1.869
     1.797
     2.006
     1.929
     1.800
     1.817
     2.273
     1.840
     1.808
     2.348
     1.525
     1.809
     1.372
     2.118
     0.860
     1.679
     1.697
     1.513
     1.724
     1.737
     1.911
     1.983
     1.579
     1.767
     1.842
     1.867
     1.842
     1.813
     1.590
     1.949
     1.769
     1.923
     1.813
     1.769
     1.786
     1.737
     1.756
     2.276
     1.961
     2.376
     1.861
     1.816
     1.895
     1.994
     1.710
     1.643
     1.909
     1.829
     1.985
     1.902
     2.061
     1.114
     1.905
     2.134
     1.096
     2.177
     2.128
     2.170
     1.834
     2.447
     1.802
     1.792
     1.850
     1.785
     1.903
     1.836
     1.683
     2.016
     2.344
     1.879
     2.031
     1.804
     2.191
     1.725
     1.376
     1.729
     1.686
     1.691
     1.805
     1.721
     2.122
     1.791
     2.461
     1.882
     2.048
     1.688
     1.292
     1.119
     2.237
     1.784
     1.874
     0.996
     1.988
     1.827
     1.809
     1.636
     1.736
     1.727
     1.968
     1.604
     1.692
     1.648
     1.748
     1.808
     1.782
     2.154
     1.557
     2.054
     2.344
     1.757
     1.886
     1.978
     1.953
     1.635
     1.853
     1.741
     1.562
     1.177
     1.818
     1.892
     1.753
     1.876
     1.939
     1.619
     2.181
     1.691
     2.316
     1.661
     1.768
     1.802
     2.357
     1.294
     2.061
     2.325
     2.153
     1.867
     1.783
     1.765
     1.388
     1.857
     1.290
     1.808
     2.176
     2.102
     1.714
     1.764
     1.905
     1.784
     1.665
     1.719
     1.958
     2.151
     1.357
     1.838
     1.799
     2.062
     1.841
     1.807
     1.668
     1.733
     1.261
     1.723
     1.956
     0.974
     2.296
     1.653
     2.133
     1.807
     1.771
     1.706
     1.877
     1.791
     1.803
     1.755
     1.763
     1.849
     1.240
     1.037
     1.603
     1.185
     1.799
     1.830
     1.846
     1.021
     1.692
     1.794
     1.732
     1.948
     1.682
     1.697
     2.378
     2.229
     1.834
     1.661
     1.716
     0.935
     2.302
     1.912
     2.164
     2.156
     1.936
     1.801
     1.823
     2.010
     1.716
     1.818
     1.476
     1.769
     1.650
     1.855
     0.747
     2.452
     1.902
     1.795
     1.771
     1.924
     1.963
     1.803
     1.757
     1.273
     1.827
     1.705
     1.646
     1.988
     2.463
     1.911
     1.573
     1.948
     1.843
     1.859
     1.778
     1.862
     1.461
     1.776
     1.951
     2.138
     0.859
     1.058
     1.790
     1.930
     1.403
     1.976
     2.251
     2.080
     1.679
     2.037
     1.794
     1.941
     2.077
     1.844
     1.355
     1.958
     1.773
     2.249
     1.026
     1.790
     1.519
     1.748
     1.667
     1.748
     0.924
     1.983
     1.650
     1.923
     1.516
     1.374
     1.613
     1.738
     1.830
     1.021
     2.443
     1.739
     2.080
     1.505
     1.784
     2.090
     1.778
     1.777
     1.542
     1.857
     1.857
     1.627
     1.958
     1.340
     1.413
     2.283
     1.698
     1.818
     1.660
     1.401
     1.877
     1.748
     1.620
     1.582
     1.678
     1.712
     1.865
     1.661
     1.848
     2.050
     1.768
     1.788
     1.762
     2.141
     1.923
     1.654
     2.129
     2.095
     1.972
     1.835
     1.533
     1.752
     1.755
     1.796
     1.809
     1.215
     2.413
     1.551
     1.895
     1.931
     1.766
     1.292
     1.766
     1.835
     2.098
     1.728
     1.351
     1.959
     2.411
     1.695
     1.857
     1.825
     1.908
     1.736
     0.626
     2.077
     1.620
     1.288
     2.317
     1.128
     1.918
     1.671
     2.183
     1.256
     2.051
     1.695
     1.673
     1.849
     2.447
     2.229
     1.824
     1.769
     1.846
     2.001
     1.672
     1.729
     1.893
     1.747
     1.053
     2.005
     1.760
     1.836
     2.013
     2.443
     1.806
     1.852
     1.534
     0.856
     1.762
     1.630
     2.140
     1.660
     1.678
     1.482
     1.826
     1.712
     2.045
     1.814
     1.871
     2.115
     1.789
     1.772
     2.101
     1.757
     2.170
     1.839
     2.118
     1.148
     1.701
     1.518
     1.707
     1.812
     1.676
     1.122
     1.985
     1.797
     1.726
     1.837
     1.755
     1.819
     1.715
     1.448
     2.027
     1.538
     1.950
     1.734
     1.548
     1.635
     2.077
     0.829
     1.929
     1.742
     1.849
     1.945
     1.898
     1.337
     1.895
     2.456
     2.099
     1.683
     0.853
     2.043
     1.720
     1.867
     1.919
     2.389
     1.921
     1.882
     1.376
     1.475
     2.339
     2.032
     2.155
     1.866
     1.782
     1.829
     2.427
     1.819
     1.905
     2.049
     2.070
     2.126
     1.715
     1.663
     2.178
     1.809
     2.094
     0.749
     1.676
     1.889
     1.772
     1.805
     1.742
     1.405
     2.087
     2.130
     1.658
     1.805
     1.704
     1.887
     1.904
     2.168
     1.628
     1.849
     2.257
     1.806
     2.210
     1.897
     1.756
     1.592
     2.099
     1.662
     1.749
     1.859
     1.693
     1.661
     1.124
     1.873
     2.049
     1.658
     1.850
     1.820
     1.621
     2.223
     1.723
     1.793
     2.043
     1.910
     1.226
     2.132
     1.765
     1.288
     1.783
     1.686
     2.383
     2.124
     1.747
     1.741
     1.720
     1.774
     1.772
     2.215
     2.069
     1.812
     1.816
     1.787
     1.773
     1.696
     1.746
     2.332
     1.799
     1.857
     2.025
     1.864
     1.861
     2.408
     2.124
     1.770
     1.830
     1.741
     1.918
     1.783
     1.669
     1.883
     2.269
     1.858
     1.859
     1.838
     1.789
     1.778
     2.112
     1.873
     2.017
     1.779
     0.974
     2.452
     1.047
     0.821
     1.905
     1.325
     2.241
     1.332
     2.092
     1.213
     1.661
     1.804
     1.256
     1.862
     1.780
     1.800
     1.728
     1.902
     1.914
     2.109
     1.763
     2.404
     1.949
     1.642
     2.052
     2.230
     1.523
     1.591
     1.378
     1.893
     1.811
     1.874
     1.525
     0.603
     1.644
     1.768
     1.902
     1.828
     1.535
     1.597
     1.211
     1.825
     1.916
     1.375
     1.181
     2.000
     2.110
     1.794
     1.812
     1.729
     1.923
     1.069
     1.402
     1.608
     2.017
     1.865
     0.837
     1.746
     1.982
     2.101
     1.751
     1.769
     1.683
     2.261
     1.781
     2.273
     1.920
     2.271
     2.160
     1.757
     1.729
     1.508
     1.652
     2.296
     1.769
     1.720
     1.852
     2.301
     1.872
     1.767
     2.223
     1.780
     1.564
     1.727
     1.947
     2.260
     1.801
     1.752
     1.149
     1.826
     2.069
     1.911
     1.771
     1.717
     2.215
     2.225
     1.711
     1.865
     1.696
     1.466
     1.498
     1.654
     1.502
     1.895
     1.844
     2.053
     1.890
     1.685
     1.403
     1.625
     1.918
     1.735
     1.806
     1.895
     1.503
     1.732
     1.564
     1.733
     1.737
     1.416
     1.878
     1.609
     1.178
     1.824
     1.739
     1.846
     1.833
     1.692
     1.830
     1.944
     1.753
     2.152
     1.782
     1.839
     2.166
     2.297
     1.765
     1.692
     2.096
     1.644
     2.024
     1.667
     1.764
     1.404
     1.381
     2.050
     2.256
     1.824
     2.008
     1.764
     1.736
     1.709
     1.796
     1.751
     1.752
     2.346
     1.377
     1.943
     1.907
     1.276
     1.698
     1.757
     1.706
     1.728
     1.649
     1.626
     2.000
     1.815
     1.887
     0.862
     1.829
     1.637
     1.482
     1.644
     1.742
     2.046
     1.724
     1.830
     2.017
     1.610
     1.704
     2.203
     2.063
     2.131
     1.768
     1.625
     2.101
     1.709
     1.700
     2.303
     1.683
     2.186
     2.185
     1.644
     2.353
     1.117
     2.007
     1.790
     1.788
     2.162
     1.765
     1.792
     0.536
     1.138
     1.984
     1.872
     1.526
     1.842
     1.734
     1.534
     1.883
     1.890
     1.819
     1.699
     1.843
     1.957
     1.792
     0.820
     1.804
     1.313
     2.434
     1.845
     1.605
     1.666
     1.851
     0.921
     1.706
     1.859
     1.154
     1.950
     1.858
     1.890
     1.819
     1.673
     1.814
     1.485
     1.776
     1.591
     1.797
     1.742
     1.657
     1.917
     1.200
     2.135
     1.895
     1.926
     1.824
     1.828
     1.727
     1.486
     1.799
     2.244
     1.843
     2.374
     2.143
     1.933
     1.421
     1.915
     0.877
     1.711
     1.267
     1.757
     1.834
     1.821
     1.388
     1.791
     1.983
     1.658
     1.668
     2.116
     1.640
     1.038
     1.698
     2.103
     1.794
     1.762
     1.662
     1.761
     1.812
     1.842
     1.233
     1.953
     1.185
     1.858
     1.918
     1.820
     1.638
     1.971
     1.778
     1.737
     1.639
     1.884
     1.839
     2.185
     1.760
     0.912
     1.713
     2.231
     2.428
     1.762
     1.826
     1.860
     1.856
     1.857
     1.246
     2.225
     1.748
     2.078
     1.868
     2.001
     1.271
     1.985
     1.768
     1.895
     1.708
     1.807
     2.088
     1.948
     1.839
     1.735
     0.930
     1.834
     2.145
     1.840
     1.629
     1.833
     1.953
     1.711
     1.730
     1.858
     1.327
     0.675
     1.762
     1.703
     1.573
     1.991
     1.831
     1.848
     1.849
     1.805
     1.753
     1.069
     1.891
     1.914
     1.791
     1.899
     1.829
     1.817
     2.137
     1.886
     1.814
     1.497
     1.170
     1.842
     2.306
     1.686
     1.591
     1.492
     1.632
     2.020
     2.021
     2.231
     0.957
     2.037
     1.695
     1.802
     1.676
     1.166
     0.766
     1.774
     2.222
     1.700
     1.748
     2.144
     1.826
     1.917
     1.283
     1.695
     2.038
     1.715
     1.250
     1.633
     1.805
     2.099
     1.022
     2.184
     1.964
     1.834
     1.272
     1.563
     1.923
     1.867
     1.845
     1.643
     1.916
     1.902
     1.815
     1.709
     2.411
     2.183
     1.938
     1.620
     0.873
     1.962
     1.856
     1.824
     1.594
     2.306
     1.728
     1.647
     0.992
     1.785
     1.635
     2.155
     2.064
     1.959
     1.800
     1.784
     2.063
     1.116
     1.684
     1.380
     1.879
     1.947
     2.200
     1.597
     0.861
     1.038
     0.738
     1.661
     1.696
     1.755
     1.817
     1.376
     1.265
     1.267
     1.903
     1.911
     2.175
     1.902
     1.069
     1.851
     1.872
     1.641
     1.778
     2.011
     1.958
     1.781
     1.755
     1.729
     1.799
     1.496
     1.419
     2.046
     2.027
     1.771
     1.744
     1.956
     1.922
     1.697
     1.870
     2.047
     1.280
     1.690
     1.854
     1.593
     1.815
     1.620
     2.256
     2.348
     1.926
     1.613
     1.834
     1.736
     1.759
     1.790
     1.737
     1.813
     1.987
     1.470
     0.635
     1.830
     1.769
     1.682
     1.538
     1.874
     1.721
     1.972
     1.449
     1.870
     1.718
     1.676
     1.663
     1.473
     2.222
     1.694
     1.726
     2.343
     2.307
     2.393
     2.148
     1.762
     2.002
     1.772
     1.754
     1.732
     1.735
     1.663
     1.925
     1.604
     1.708
     2.241
     1.737
     1.721
     1.629
     1.407
     1.783
     1.805
     1.794
     1.666
     1.749
     1.706
     2.032
     2.010
     1.754
     1.814
     1.267
     1.787
     1.038
     1.664
     1.839
     2.129
     2.197
     1.851
     1.655
     1.619
     2.278
     1.883
     2.033
     2.340
     1.826
     1.677
     1.928
     1.898
     1.619
     1.851
     1.488
     1.358
     1.851
     1.815
     1.590
     1.978
     1.804
     1.978
     1.876
     1.801
     1.821
     1.881
     1.886
     1.830
     1.754
     1.683
     1.826
     1.655
     2.090
     1.707
     1.839
     1.660
     2.075
     1.900
     1.905
     1.834
     1.846
     1.897
     1.300
     2.290
     0.934
     1.862
     2.093
     1.786
     2.050
     1.339
     1.768
     2.220
     2.279
     2.097
     1.614
     1.958
     1.509
     1.758
     1.119
     2.040
     1.954
     1.963
     1.675
     1.770
     2.302
     2.075
     2.078
     0.997
     1.862
     1.834
     1.808
     2.412
     1.645
     1.373
     1.892
     1.639
     1.666
     1.886
     0.952
     2.213
     1.804
     0.859
     2.185
     1.652
     1.966
     1.694
     2.074
     1.900
     1.817
     1.464
     2.075
     1.294
     1.853
     2.135
     1.746
     1.883
     1.794
     1.028
     1.792
     1.745
     1.748
     1.767
     1.430
     2.115
     1.898
     1.956
     1.696
     2.354
     1.653
     1.746
     0.714
     1.631
     2.400
     0.657
     1.830
     1.619
     1.937
     1.770
     1.983
     1.005
     2.192
     2.214
     1.757
     2.135
     1.723
     1.765
     1.797
     1.831
     2.455
     1.701
     1.786
     1.583
     1.480
     1.915
     1.777
     2.096
     1.814
     1.381
     1.741
     1.553
     1.355
     1.749
     1.662
     1.712
     1.751
     2.034
     1.427
     1.980
     2.117
     1.835
     0.650
     1.187
     1.807
     1.405
     2.344
     1.826
     1.507
     1.745
     1.767
     2.062
     1.785
     1.892
     2.183
     1.727
     2.274
     1.744
     1.697
     2.151
     1.512
     1.322
     1.796
     2.149
     0.659
     1.761
     1.069
     1.983
     1.576
     1.724
     1.722
     1.979
     2.442
     1.369
     1.538
     2.102
     1.076
     2.389
     1.758
     1.790
     1.711
     1.969
     1.970
     1.769
     1.788
     2.344
     2.084
     1.660
     2.017
     1.664
     1.997
     1.594
     1.827
     1.938
     1.976
     0.957
     2.052
     1.835
     1.649
     1.821
     1.793
     1.886
     2.046
     1.768
     1.459
     1.669
     1.732
     1.933
     1.743
     1.771
     1.711
     1.965
     2.177
     1.986
     1.310
     1.739
     1.727
     1.152
     1.814
     1.500
     1.905
     1.783
     1.344
     1.859
     1.411
     1.725
     1.853
     1.778
     1.797
     1.840
     1.704
     2.029
     1.940
     1.772
     1.827
     1.638
     1.778
     1.789
     1.874
     1.153
     2.192
     1.859
     2.106
     2.057
     1.113
     1.165
     1.954
     1.776
     1.413
     1.810
     1.569
     1.780
     1.386
     0.782
     2.051
     1.795
     1.676
     2.026
     1.769
     1.827
     1.917
     2.158
     0.817
     1.473
     1.982
     1.844
     1.188
     0.652
     1.214
     1.994
     1.804
     1.898
     1.820
     2.140
     1.529
     1.809
     2.225
     1.650
     1.785
     1.811
     2.173
     1.462
     1.693
     1.864
     2.092
     2.357
     1.684
     1.850
     1.746
     1.775
     1.449
     1.823
     1.727
     1.895
     1.799
     1.811
     1.763
     1.768
     1.972
     1.934
     1.793
     1.759
     2.144
     1.245
     1.831
     1.765
     1.426
     1.736
     1.755
     1.441
     2.122
     1.626
     1.933
     1.865
     2.398
     1.767
     1.908
     1.719
     1.925
     1.939
     2.046
     1.754
     1.791
     1.849
     1.619
     1.935
     1.842
     1.860
     1.876
     2.017
     1.977
     1.903
     1.758
     1.440
     1.797
     1.826
     1.657
     1.867
     1.698
     1.990
     2.019
     2.015
     1.683
     2.234
     1.948
     1.670
     2.232
     1.809
     1.855
     1.958
     1.770
     1.799
     1.120
     1.914
     0.985
     2.157
     2.171
     1.806
     1.343
     1.068
     1.672
     2.220
     1.847
     2.014
     1.928
     2.035
     1.753
     1.947
     1.216
     2.124
     1.790
     1.889
     1.799
     1.772
     1.296
     1.714
     1.821
     1.553
     1.635
     1.815
     1.888
     1.658
     2.169
     1.670
     1.858
     2.083
     1.361
     1.653
     2.373
     1.551
     1.558
     1.903
     1.742
     1.995
     1.600
     1.889
     1.742
     1.723
     1.849
     1.651
     1.729
     1.724
     1.884
     2.383
     2.176
     0.972
     1.878
     2.101
     1.709
     1.811
     1.898
     1.996
     1.592
     1.839
     2.072
     1.818
     1.676
     1.433
     1.824
     1.842
     1.870
     2.035
     1.271
     1.826
     1.876
     1.776
     0.819
     1.748
     1.874
     1.726
     1.847
     1.857
     1.820
     1.258
     1.554
     2.086
     1.930
     1.416
     1.805
     1.264
     1.301
     1.813
     1.639
     1.831
     1.816
     2.040
     1.940
     1.685
     1.653
     1.284
     1.826
     1.662
     2.385
     2.338
     1.826
     1.438
     1.832
     1.529
     0.799
     1.741
     2.018
     2.187
     0.920
     1.012
     1.748
     1.760
     2.110
     1.869
     0.838
     1.495
     1.784
     1.884
     2.092
     1.673
     0.695
     1.969
     1.385
     2.033
     1.788
     1.629
     1.918
     1.765
     1.729
     1.897
     1.091
     1.682
     1.484
     1.914
     1.241
     2.079
     0.964
     1.638
     0.977
     1.793
     2.159
     1.789
     1.414
     1.613
     1.970
     1.742
     1.589
     1.936
     1.475
     0.932
     1.022
     1.737
     1.956
     0.982
     1.884
     1.574
     2.065
     2.162
     1.852
     1.698
     1.356
     1.769
     1.912
     1.828
     1.748
     1.799
     1.828
     1.967
     1.857
     1.071
     1.698
     2.148
     1.656
     1.911
     1.622
     1.766
     1.767
     1.449
     1.750
     1.715
     1.859
     1.710
     0.838
     2.171
     1.342
     0.896
     1.633
     2.334
     1.467
     1.733
     1.809
     1.664
     1.149
     1.833
     2.130
     1.931
     1.727
     1.617
     1.784
     0.699
     1.744
     1.999
     1.697
     1.773
     0.914
     1.753
     1.783
     1.862
     1.778
     1.615
     1.825
     1.973
     1.586
     1.830
     1.795
     2.233
     2.224
     2.238
     2.003
     1.777
     1.673
     1.738
     1.503
     2.246
     2.061
     1.719
     1.891
     1.915
     1.920
     1.737
     2.448
     2.168
     1.870
     1.926
     1.561
     1.938
     1.718
     1.861
     1.696
     1.885
     2.060
     1.855
     1.698
     2.150
     1.147
     0.978
     1.511
     2.084
     1.673
     2.022
     1.783
     1.903
     1.740
     2.231
     1.778
     1.492
     1.521
     2.144
     2.020
     1.703
     2.131
     1.926
     1.859
     1.223
     1.650
     1.733
     1.803
     2.390
     2.091
     1.979
     1.982
     1.389
     1.789
     1.263
     1.939
     2.285
     1.136
     1.858
     1.945
     1.854
     2.077
     1.856
     1.924
     1.868
     2.166
     1.847
     1.836
     1.836
     1.828
     2.022
     1.812
     1.912
     1.707
     1.852
     1.777
     1.309
     1.662
     1.820
     1.389
     2.394
     1.192
     1.808
     1.405
     1.860
     1.824
     1.585
     1.848
     2.003
     1.541
     1.881
     1.891
     1.815
     2.100
     2.371
     1.358
     1.349
     1.905
     2.118
     1.873
     1.815
     1.877
     2.185
     2.247
     1.770
     1.636
     2.042
     1.804
     1.728
     2.119
     1.834
     1.848
     1.951
     1.867
     0.626
     2.336
     1.845
     1.687
     1.762
     1.634
     0.626
     2.170
     1.941
     0.677
     1.627
     1.775
     1.702
     1.900
     1.785
     2.384
     1.675
     2.001
     1.793
     1.748
     2.186
     0.595
     1.540
     1.844
     1.859
     1.966
     2.007
     1.858
     1.969
     1.680
     1.644
     2.222
     1.851
     1.735
     1.526
     1.695
     1.831
     1.848
     1.580
     1.922
     1.604
     1.826
     2.108
     1.516
     1.400
     2.178
     2.080
     1.824
     1.621
     1.795
     1.898
     1.812
     1.899
     1.873
     1.685
     2.299
     1.830
     1.757
     2.028
     1.838
     2.041
     1.686
     1.718
     1.716
     1.588
     1.683
     1.790
     1.686
     2.340
     2.115
     1.868
     1.803
     2.208
     1.647
     1.650
     1.366
     1.206
     1.249
     2.334
     2.330
     2.343
     2.276
     1.235
     1.039
     2.224
     1.838
     1.759
     1.767
     1.841
     1.916
     2.132
     1.616
     1.145
     1.666
     1.915
     1.350
     1.818
     1.916
     1.795
     1.729
     2.216
     1.668
     2.166
     2.036
     1.294
     1.777
     1.905
     2.073
     1.130
     2.120
     1.806
     1.875
     1.646
     1.522
     1.668
     1.677
     1.500
     1.906
     2.111
     2.100
     1.123
     1.732
     1.824
     1.607
     1.931
     0.676
     1.900
     1.638
     1.741
     2.110
     2.406
     1.807
     2.140
     1.683
     1.388
     1.958
     1.908
     1.865
     1.590
     1.673
     1.800
     1.864
     1.722
     1.429
     1.547
     2.125
     1.803
     1.842
     2.028
     0.992
     1.714
     1.909
     1.804
     2.001
     1.840
     2.168
     1.860
     2.138
     1.541
     1.712
     1.603
     2.070
     1.551
     1.599
     1.692
     1.977
     1.662
     1.843
     1.003
     1.825
     2.430
     2.158
     1.692
     2.014
     1.979
     2.130
     1.709
     2.403
     1.831
     1.396
     1.727
     1.939
     1.559
     1.176
     1.996
     0.967
     1.849
     1.812
     1.663
     0.702
     2.098
     1.865
     1.764
     1.800
     1.823
     1.583
     1.740
     1.558
     2.016
     1.804
     1.670
     1.716
     1.064
     1.785
     1.747
     1.834
     1.666
     1.857
     1.823
     1.887
     2.019
     1.285
     2.044
     1.760
     1.774
     1.876
     1.821
     1.970
     1.935
     1.732
     1.725
     1.953
     1.619
     1.765
     1.649
     1.801
     1.837
     1.354
     1.674
     2.256
     2.089
     1.656
     1.861
     2.262
     1.686
     1.851
     1.124
     1.974
     1.888
     1.344
     1.800
     1.842
     1.702
     1.845
     1.863
     2.133
     1.816
     1.768
     1.602
     2.187
     1.821
     1.805
     2.004
     1.896
     2.225
     1.999
     2.101
     1.798
     1.846
     1.898
     0.931
     1.891
     1.896
     1.943
     2.387
     1.261
     1.906
     1.671
     1.798
     2.076
     1.064
     1.694
     2.048
     1.798
     1.924
     1.859
     1.742
     1.886
     2.153
     1.821
     1.447
     1.817
     1.893
     1.763
     1.835
     0.996
     1.650
     1.798
     1.641
     2.045
     1.802
     1.748
     1.764
     1.789
     1.820
     1.788
     1.489
     2.186
     1.640
     1.791
     1.799
     1.695
     2.040
     1.817
     1.635
     1.782
     1.646
     1.765
     2.375
     2.110
     1.660
     1.379
     1.780
     2.075
     2.358
     2.054
     0.773
     1.117
     1.901
     1.780
     1.844
     0.804
     1.512
     2.077
     2.203
     1.836
     1.894
     1.421
     1.910
     1.538
     1.884
     1.944
     1.835
     1.805
     1.726
     1.676
     1.809
     1.901
     2.121
     1.990
     1.740
     2.282
     1.180
     2.186
     2.073
     1.678
     1.796
     1.372
     2.014
     1.734
     1.726
     1.735
     1.686
     1.784
     1.761
     2.110
     2.205
     1.731
     0.841
     1.757
     1.906
     1.848
     1.771
     1.767
     1.850
     1.855
     1.763
     1.847
     2.236
     1.769
     1.990
     2.059
     1.801
     1.938
     1.857
     2.307
     2.141
     1.966
     1.773
     1.778
     1.371
     1.755
     1.020
     2.031
     1.778
     1.532
     1.774
     1.719
     1.846
     2.430
     1.849
     1.789
     1.859
     1.918
     0.842
     1.783
     2.402
     1.751
     2.111
     1.949
     2.111
     1.972
     2.273
     1.902
     0.944
     0.982
     1.645
     1.693
     2.168
     2.034
     1.631
     1.856
     1.656
     1.529
     2.012
     2.115
     1.448
     1.912
     1.697
     1.837
     2.223
     1.664
     1.654
     2.127
     2.153
     1.318
     1.755
     1.603
     1.881
     1.916
     0.810
     1.080
     2.135
     1.661
     1.676
     1.811
     1.783
     1.867
     1.644
     1.692
     2.295
     2.093
     1.679
     1.665
     1.817
     1.808
     1.598
     2.041
     2.046
     1.843
     2.105
     2.384
     1.799
     1.564
     1.176
     1.909
     1.936
     1.787
     2.105
     1.814
     1.851
     1.332
     1.479
     1.808
     1.812
     1.386
     1.823
     1.918
     1.776
     0.780
     1.743
     1.792
     1.457
     1.714
     1.651
     1.606
     2.034
     1.795
     2.120
     1.914
     1.833
     1.066
     2.001
     1.840
     1.643
     1.831
     1.792
     1.908
     1.689
     2.054
     1.664
     1.943
     1.951
     1.741
     1.940
     1.577
     1.713
     1.767
     2.178
     2.330
     2.062
     1.659
     1.350
     1.828
     2.061
     2.111
     1.538
     1.809
     1.768
     2.219
     1.783
     1.854
     1.837
     2.157
     1.852
     2.061
     1.963
     1.789
     1.755
     1.914
     1.892
     1.676
     1.728
     1.659
     1.820
     1.703
     2.423
     0.942
     2.120
     1.816
     0.849
     1.630
     2.044
     2.238
     1.939
     1.877
     1.790
     1.795
     1.804
     1.968
     2.196
     1.933
     1.709
     1.978
     1.623
     1.823
     1.884
     1.866
     1.813
     1.868
     1.731
     1.801
     1.786
     1.384
     1.938
     1.938
     1.782
     0.905
     1.709
     1.538
     1.911
     1.870
     1.775
     1.792
     1.865
     1.726
     2.126
     1.866
     1.779
     1.300
     1.275
     1.646
     1.778
     2.191
     1.779
     1.636
     1.960
     1.786
     1.531
     1.763
     2.136
     1.654
     1.919
     1.750
     1.676
     1.642
     1.878
     1.914
     2.198
     1.285
     2.020
     2.080
     1.848
     2.098
     2.029
     1.839
     1.833
     1.791
     1.807
     1.888
     1.709
     2.063
     1.032
     0.999
     1.952
     1.815
     1.741
     1.642
     1.733
     1.791
     1.886
     1.804
     0.957
     2.445
     2.042
     1.814
     1.648
     1.528
     2.250
     1.675
     1.810
     1.968
     1.818
     1.709
     2.040
     2.049
     2.031
     1.773
     1.783
     1.662
     1.725
     1.307
     1.657
     2.121
     1.626
     1.862
     1.826
     1.820
     1.760
     1.352
     1.563
     1.549
     1.860
     1.869
     1.853
     1.958
     1.585
     2.135
     2.145
     1.805
     1.881
     2.014
     1.846
     1.756
     1.911
     1.301
     1.461
     1.965
     2.057
     1.816
     1.795
     1.699
     2.132
     1.801
     1.613
     1.672
     1.560
     1.719
     1.498
     1.009
     1.862
     1.277
     1.886
     2.241
     1.462
     1.628
     1.749
     2.113
     2.375
     2.302
     1.869
     1.611
     1.266
     1.873
     2.000
     1.948
     1.912
     1.940
     1.832
     1.372
     1.759
     1.852
     1.866
     2.039
     1.649
     1.684
     1.834
     1.907
     2.170
     1.427
     1.240
     1.901
     1.589
     1.757
     1.829
     1.849
     1.853
     1.810
     2.085
     1.812
     2.061
     2.026
     1.891
     1.847
     1.582
     0.761
     1.617
     0.703
     1.762
     1.650
     1.587
     2.077
     1.567
     2.171
     1.844
     2.432
     1.751
     2.060
     1.527
     1.807
     1.832
     0.706
     1.621
     1.914
     2.067
     1.514
     1.809
     2.186
     1.718
     1.672
     1.814
     1.901
     1.855
     1.819
     2.170
     2.307
     1.656
     1.778
     2.006
     2.405
     1.707
     1.861
     1.790
     1.843
     1.709
     1.707
     1.599
     1.906
     1.359
     1.635
     1.810
     1.747
     0.857
     1.715
     1.916
     1.492
     1.841
     2.170
     1.796
     1.704
     2.242
     2.241
     1.817
     1.904
     1.915
     1.931
     1.579
     1.994
     1.772
     1.729
     1.586
     1.770
     1.511
     1.947
     1.826
     2.030
     2.045
     1.665
     1.892
     1.870
     1.831
     1.814
     1.837
     1.643
     2.121
     1.760
     1.633
     1.799
     1.785
     1.921
     1.960
     2.162
     1.737
     1.008
     1.835
     1.823
     1.863
     1.988
     1.699
     1.875
     1.866
     1.075
     0.621
     2.200
     1.719
     2.034
     1.946
     1.773
     1.738
     1.523
     1.757
     1.730
     1.932
     2.118
     1.450
     1.887
     1.769
     1.230
     2.061
     1.796
     1.870
     2.360
     2.159
     1.875
     1.677
     2.083
     1.319
     1.795
     2.003
     2.126
     2.228
     1.778
     1.723
     1.898
     1.838
     1.313
     1.925
     2.218
     1.619
     1.741
     1.867
     1.432
     1.667
     1.711
     1.810
     2.423
     0.773
     1.788
     1.850
     1.829
     1.669
     1.976
     1.198
     1.771
     1.326
     1.555
     2.044
     1.605
     1.925
     2.220
     2.332
     2.057
     0.764
     1.386
     1.708
     1.876
     2.365
     2.122
     2.171
     1.333
     2.213
     1.348
     1.996
     1.740
     2.068
     1.894
     1.454
     1.903
     1.764
     1.842
     1.985
     1.485
     2.231
     1.832
     1.688
     1.720
     1.736
     1.645
     2.324
     1.378
     1.885
     1.724
     1.698
     1.639
     2.152
     1.671
     1.677
     2.408
     1.298
     1.641
     2.126
     1.840
     1.702
     1.518
     1.269
     0.933
     1.636
     2.104
     2.084
     1.574
     1.692
     2.252
     1.800
     1.717
     1.857
     1.763
     1.081
     1.773
     0.706
     1.729
     1.880
     1.636
     1.890
     1.713
     1.773
     0.731
     1.667
     2.132
     1.736
     1.669
     2.139
     1.854
     1.846
     1.892
     2.321
     1.634
     1.898
     1.845
     1.759
     2.133
     1.819
     1.508
     1.678
     1.488
     1.806
     2.092
     1.859
     1.040
     1.621
     2.068
     1.619
     2.151
     1.690
     1.856
     1.826
     1.823
     1.799
     1.759
     2.006
     1.806
     2.080
     1.624
     1.672
     1.920
     1.835
     1.661
     2.088
     1.923
     0.983
     2.356
     2.401
     1.820
     1.567
     1.704
     1.725
     1.274
     1.757
     1.976
     1.823
     1.296
     2.031
     1.822
     1.772
     1.833
     1.934
     1.743
     1.746
     1.833
     1.829
     1.809
     2.100
     1.565
     1.610
     1.853
     1.336
     1.658
     1.736
     1.637
     2.203
     1.756
     1.917
     1.755
     1.735
     1.793
     1.957
     1.807
     1.596
     0.944
     1.835
     1.683
     1.895
     1.726
     1.118
     1.930
     1.793
     2.086
     1.505
     1.921
     2.094
     2.047
     0.859
     1.780
     1.936
     1.913
     1.868
     0.923
     1.888
     0.969
     1.812
     1.829
     1.349
     1.728
     1.910
     1.855
     1.614
     1.708
     1.867
     1.751
     1.110
     1.767
     0.814
     1.983
     1.763
     2.019
     1.872
     1.635
     1.683
     2.199
     1.999
     2.178
     1.799
     2.357
     2.152
     1.579
     1.759
     2.222
     2.393
     1.829
     2.150
     1.333
     1.623
     1.772
     0.941
     1.686
     1.968
     1.826
     1.511
     1.840
     2.246
     2.019
     2.259
     1.920
     1.386
     1.698
     1.235
     1.791
     1.786
     1.839
     1.917
     1.667
     1.923
     1.857
     1.820
     1.598
     1.238
     1.811
     1.762
     2.005
     1.857
     1.586
     1.568
     2.217
     1.724
     1.857
     1.783
     1.774
     1.818
     2.227
     1.118
     1.766
     1.791
     1.791
     1.748
     2.129
     1.667
     1.838
     1.929
     1.769
     1.747
     1.738
     1.656
     1.806
     1.092
     1.805
     1.655
     2.062
     1.472
     1.595
     1.417
     1.566
     1.768
     1.302
     1.848
     1.865
     1.843
     1.833
     2.399
     1.870
     1.681
     1.766
     1.492
     1.758
     1.638
     1.874
     2.188
     1.388
     1.776
     1.656
     2.257
     2.327
     1.890
     1.718
     1.716
     1.639
     1.644
     1.750
     1.916
     2.158
     1.972
     1.843
     1.455
     2.103
     1.878
     1.988
     1.716
     1.764
     1.652
     1.643
     1.591
     1.659
     1.724
     1.716
     1.817
     1.705
     1.848
     1.846
     1.405
     1.946
     2.277
     1.792
     1.275
     1.631
     1.834
     2.271
     1.783
     1.808
     1.773
     2.285
     2.054
     1.846
     1.762
     1.767
     1.827
     2.434
     2.104
     1.755
     1.671
     1.455
     1.738
     2.004
     2.175
     1.766
     1.719
     1.693
     1.720
     1.914
     1.681
     1.800
     1.694
     1.771
     2.357
     2.134
     1.654
     1.564
     1.745
     1.394
     1.813
     2.039
     2.426
     2.418
     1.689
     1.593
     1.798
     1.580
     1.849
     1.013
     1.617
     2.046
     1.827
     2.084
     1.711
     1.760
     1.735
     1.627
     1.176
     1.795
     1.194
     2.020
     1.300
     1.960
     1.697
     1.696
     2.057
     1.843
     1.897
     1.863
     1.781
     1.798
     2.105
     1.739
     1.686
     1.486
     1.680
     1.687
     1.779
     1.713
     1.095
     2.113
     1.778
     1.836
     1.647
     2.025
     1.848
     1.864
     1.761
     1.767
     2.327
     1.658
     0.921
     1.817
     0.753
     1.333
     1.692
     2.134
     1.736
     1.772
     1.714
     2.041
     1.800
     1.693
     1.669
     2.035
     1.474
     1.721
     1.854
     2.031
     1.386
     1.823
     1.807
     1.781
     1.846
     1.402
     1.832
     2.210
     1.889
     1.663
     1.662
     1.955
     1.850
     1.722
     1.773
     1.823
     1.788
     2.056
     0.710
     1.504
     1.829
     1.645
     1.724
     1.913
     1.527
     2.031
     1.860
     1.757
     1.989
     1.759
     1.705
     1.757
     1.764
     1.723
     1.783
     1.638
     2.043
     1.687
     1.166
     1.772
     0.819
     1.889
     1.898
     2.118
     1.883
     1.863
     1.650
     1.575
     1.736
     1.780
     1.646
     1.778
     2.141
     1.850
     1.775
     1.817
     2.063
     1.743
     1.820
     1.725
     1.664
     1.811
     1.812
     2.227
     2.263
     2.085
     1.469
     1.846
     2.126
     1.771
     1.995
     1.647
     1.896
     1.765
     1.594
     1.214
     2.149
     1.845
     2.118
     1.745
     1.806
     1.277
     1.626
     1.609
     1.815
     1.660
     1.801
     1.610
     2.039
     1.774
     2.152
     1.807
     1.881
     2.135
     1.705
     1.678
     1.917
     0.676
     1.973
     1.592
     1.854
     1.820
     1.291
     1.771
     1.623
     1.751
     1.734
     1.919
     1.497
     2.080
     1.870
     1.697
     2.213
     1.438
     1.824
     1.934
     2.196
     2.248
     2.025
     1.966
     1.713
     2.125
     1.736
     1.822
     1.872
     1.958
     1.665
     1.769
     1.857
     1.779
     1.679
     1.681
     2.136
     1.773
     1.879
     1.730
     1.806
     1.325
     1.887
     1.988
     1.844
     1.986
     2.388
     2.386
     1.960
     1.718
     1.656
     2.404
     1.120
     1.948
     1.672
     1.777
     1.753
     1.918
     1.803
     2.009
     1.623
     1.919
     1.079
     1.785
     1.790
     1.323
     2.112
     2.049
     0.654
     1.686
     1.643
     2.402
     2.394
     1.784
     2.200
     1.761
     1.813
     1.609
     1.984
     2.014
     1.796
     2.337
     1.822
     1.949
     2.074
     2.192
     1.853
     1.239
     1.622
     1.524
     1.762
     1.391
     1.881
     1.770
     1.817
     1.884
     1.741
     1.616
     1.778
     1.842
     2.238
     1.821
     0.678
     1.975
     1.836
     2.000
     2.108
     1.759
     0.607
     1.676
     1.905
     1.946
     2.163
     1.878
     1.060
     1.999
     2.302
     2.270
     2.100
     1.696
     1.627
     1.908
     1.628
     1.811
     1.809
     1.770
     2.085
     2.432
     1.360
     1.729
     1.551
     1.658
