     3.243
     3.251
     3.220
     3.177
     3.116
     3.024
     2.867
     2.734
     2.677
     2.650
     2.627
     2.653
     2.706
     2.726
     2.755
     2.808
     2.864
     2.927
     2.985
     3.032
     3.057
     3.062
     3.054
     3.035
     3.023
     3.018
     3.026
     3.061
     3.111
     3.147
     3.208
     3.255
     3.276
     3.268
     3.294
     3.294
     3.286
     3.275
     3.287
     3.311
     3.444
     3.509
     3.580
     3.650
     3.705
     3.788
     3.829
     3.852
     3.852
     3.821
     3.765
     3.699
     3.662
     3.606
     3.571
     3.525
     3.484
     3.441
     3.392
     3.352
     3.306
     3.272
     3.287
     3.328
     3.348
     3.375
     3.406
     3.430
     3.442
     3.435
     3.425
     3.425
     3.436
     3.442
     3.445
     3.477
     3.507
     3.537
     3.592
     3.642
     3.692
     3.717
     3.706
     3.712
     3.714
     3.693
     3.764
     3.841
     3.996
     4.118
     4.177
     4.177
     4.150
     4.096
     4.015
     3.953
     3.884
     3.816
     3.721
     3.601
     3.316
     3.074
     2.804
     2.691
     2.657
     2.684
     2.754
     2.934
     3.035
     3.158
     3.282
     3.417
     3.471
     3.459
     3.454
     3.475
     3.448
     3.457
     3.383
     3.375
     3.344
     3.318
     3.305
     3.278
     3.246
     3.156
     3.044
     2.927
     2.798
     2.713
     2.787
     2.979
     3.080
     3.110
     3.146
     3.153
     3.150
     3.186
     3.308
     3.341
     3.329
     3.311
     3.366
     3.431
     3.500
     3.577
     3.652
     3.685
     3.686
     3.674
     3.656
     3.601
     3.557
     3.480
     3.416
     3.409
     3.440
     3.470
     3.529
     3.574
     3.579
     3.519
     3.415
     3.288
     3.047
     2.887
     2.741
     2.725
     2.732
     2.756
     2.760
     2.797
     2.840
     2.892
     2.959
     3.022
     3.142
     3.171
     3.183
     3.248
     3.300
     3.392
     3.455
     3.545
     3.630
     3.665
     3.673
     3.677
     3.682
     3.704
     3.692
     3.672
     3.637
     3.598
     3.565
     3.518
     3.497
     3.480
     3.473
     3.451
     3.399
     3.351
     3.302
     3.270
     3.267
     3.237
     3.166
     3.041
     3.048
     3.244
     3.413
     3.513
     3.585
     3.662
     3.781
     3.894
     3.937
     3.945
     3.915
     3.871
     3.791
     3.610
     3.401
     3.053
     2.913
     3.177
     3.338
     3.520
     3.663
     3.778
     3.871
     3.952
     3.968
     3.971
     3.962
     3.941
     3.864
     3.788
     3.691
     3.516
     3.298
     3.131
     3.242
     3.488
     3.568
     3.575
     3.550
     3.550
     3.557
     3.575
     3.609
     3.634
     3.640
     3.623
     3.581
     3.545
     3.490
     3.397
     3.285
     3.193
     3.119
     3.096
     3.090
     3.076
     3.077
     3.077
     3.104
     3.151
     3.182
     3.185
     3.226
     3.254
     3.265
     3.262
     4.157
     3.131
     3.408
     3.570
     3.847
     3.577
     3.622
     3.198
     2.917
     3.602
     3.678
     4.034
     4.020
     3.411
     3.529
     3.668
     3.818
     3.626
     3.334
     3.221
     2.890
     3.431
     3.969
     3.234
     3.572
     3.735
     3.754
     3.122
     3.771
     3.623
     3.873
     3.780
     2.894
     3.087
     3.321
     2.769
     3.186
     3.206
     3.184
     3.600
     3.095
     2.544
     2.966
     3.269
     3.785
     3.689
     3.804
     3.486
     3.544
     3.819
     3.433
     3.286
     3.685
     3.830
     3.590
     3.671
     3.702
     4.213
     3.528
     3.293
     3.522
     3.573
     3.921
     3.874
     3.951
     2.579
     3.730
     4.088
     3.719
     3.113
     3.838
     2.309
     3.531
     3.178
     3.352
     3.619
     3.290
     3.636
     3.104
     3.605
     2.911
     3.189
     2.950
     3.444
     3.934
     3.064
     3.196
     4.188
     3.923
     2.709
     2.791
     3.658
     2.884
     3.202
     3.376
     3.401
     3.083
     2.867
     3.673
     3.609
     3.494
     3.504
     2.604
     3.687
     3.197
     3.279
     3.671
     3.431
     3.250
     3.431
     3.433
     3.703
     3.010
     3.726
     3.543
     4.123
     3.097
     3.313
     3.598
     3.842
     3.841
     3.228
     3.521
     3.588
     3.440
     2.955
     3.659
     3.589
     3.359
     3.344
     3.719
     3.976
     3.620
     3.430
     3.609
     2.873
     4.128
     3.804
     3.397
     3.437
     3.064
     3.933
     3.865
     2.952
     3.382
     3.920
     3.501
     2.979
     3.224
     3.010
     3.556
     3.079
     2.757
     3.493
     3.917
     3.149
     3.450
     3.183
     3.590
     3.594
     3.392
     3.561
     3.284
     3.223
     3.098
     3.896
     3.390
     3.381
     3.198
     3.792
     3.838
     3.520
     3.269
     3.615
     3.385
     2.871
     3.472
     3.128
     3.253
     3.012
     4.194
     3.287
     3.444
     3.942
     3.694
     3.249
     3.089
     3.296
     3.065
     3.082
     3.968
     3.106
     3.692
     3.814
     3.611
     3.470
     3.533
     3.721
     3.254
     3.940
     4.086
     3.579
     3.612
     3.654
     3.207
     3.220
     3.381
     3.955
     3.713
     3.785
     3.511
     4.084
     3.659
     3.689
     3.762
     3.006
     3.279
     3.527
     3.605
     2.809
     3.649
     3.073
     3.132
     3.666
     3.965
     3.191
     3.392
     3.582
     2.876
     2.579
     3.710
     2.641
     3.320
     3.551
     3.736
     3.752
     3.261
     3.702
     2.332
     2.898
     3.939
     3.863
     3.202
     4.195
     3.330
     2.836
     3.879
     3.356
     3.559
     3.565
     3.098
     3.615
     3.236
     3.471
     3.282
     3.867
     3.035
     3.446
     3.101
     3.722
     3.999
     3.319
     2.805
     3.797
     3.674
     2.977
     3.757
     3.741
     3.117
     3.154
     3.768
     3.684
     3.451
     3.821
     3.141
     2.716
     4.057
     3.786
     3.516
     3.681
     4.027
     3.032
     3.682
     3.200
     2.861
     3.719
     4.057
     3.329
     3.529
     3.518
     3.661
     3.559
     3.245
     3.944
     3.433
     3.345
     3.452
     3.517
     3.728
     3.722
     4.177
     3.304
     3.246
     3.821
     3.524
     3.488
     3.994
     4.048
     3.229
     3.499
     3.340
     4.193
     3.202
     3.472
     2.981
     3.334
     3.387
     3.657
     3.608
     3.015
     3.505
     3.688
     3.019
     3.476
     4.160
     3.481
     2.757
     3.272
     3.484
     3.099
     3.356
     3.426
     3.895
     3.353
     2.971
     3.098
     3.670
     3.500
     3.444
     3.424
     2.959
     3.007
     3.261
     3.407
     3.700
     3.680
     3.241
     3.101
     3.251
     3.038
     3.574
     3.886
     3.636
     3.703
     3.556
     3.401
     3.570
     3.395
     2.793
     3.733
     3.117
     3.070
     3.758
     3.143
     3.274
     3.730
     2.774
     3.929
     3.268
     3.686
     3.492
     3.299
     3.205
     3.090
     3.503
     3.631
     3.554
     3.230
     2.778
     3.924
     3.198
     3.184
     2.987
     3.662
     3.917
     3.627
     3.440
     3.665
     3.604
     3.431
     3.729
     3.517
     3.711
     3.758
     3.575
     3.735
     2.281
     3.699
     3.368
     4.096
     2.802
     3.875
     3.144
     3.324
     3.846
     3.282
     2.581
     3.205
     3.274
     3.059
     3.764
     3.478
     3.390
     3.600
     3.541
     4.239
     3.430
     2.644
     2.801
     3.928
     3.598
     3.424
     3.346
     3.538
     3.163
     3.492
     3.575
     3.454
     4.023
     3.682
     3.642
     3.195
     3.619
     3.925
     3.356
     3.243
     3.102
     3.550
     3.781
     3.951
     3.275
     3.591
     3.721
     3.680
     3.256
     3.156
     3.490
     3.267
     3.575
     3.288
     2.969
     3.111
     3.653
     3.170
     3.524
     3.537
     3.168
     3.657
     3.932
     3.275
     4.205
     2.907
     3.074
     3.359
     3.120
     3.369
     3.652
     3.771
     3.661
     3.677
     3.372
     3.036
     4.127
     3.662
     3.648
     3.174
     3.748
     3.764
     2.909
     3.140
     3.922
     2.617
     3.721
     3.844
     3.554
     3.007
     3.239
     3.630
     3.257
     3.607
     3.841
     3.790
     3.479
     3.369
     3.833
     3.250
     2.903
     3.037
     3.234
     3.580
     3.789
     3.827
     3.561
     3.289
     3.884
     4.196
     3.805
     3.644
     3.288
     3.309
     3.692
     3.514
     2.771
     3.262
     1.992
     3.678
     3.500
     3.769
     3.126
     3.134
     3.374
     3.056
     3.093
     3.526
     4.084
     3.034
     4.121
     3.093
     2.961
     3.410
     2.895
     3.613
     3.282
     3.293
     3.779
     3.394
     3.817
     3.571
     3.071
     3.983
     4.093
     3.604
     3.650
     2.707
     3.125
     3.089
     3.420
     3.362
     3.367
     3.296
     3.178
     4.009
     3.320
     3.546
     3.952
     3.308
     3.170
     3.982
     3.526
     3.190
     3.152
     3.415
     3.139
     3.767
     3.726
     3.497
     3.534
     3.889
     3.549
     2.394
     3.673
     2.606
     2.777
     3.693
     4.123
     3.221
     2.800
     3.280
     3.519
     3.700
     3.145
     3.849
     3.011
     3.388
     3.882
     3.855
     3.570
     3.163
     3.939
     3.343
     3.696
     2.950
     3.351
     3.101
     3.247
     4.060
     3.347
     3.395
     3.433
     3.893
     4.081
     3.264
     3.124
     3.908
     3.205
     2.815
     3.499
     3.467
     3.232
     3.388
     3.407
     3.118
     3.797
     3.608
     3.585
     3.299
     3.065
     3.422
     3.858
     3.194
     3.569
     3.699
     3.700
     2.742
     2.776
     3.848
     3.782
     3.046
     3.452
     3.143
     3.571
     3.128
     3.763
     3.633
     3.377
     3.092
     2.921
     3.997
     3.418
     3.654
     3.987
     3.906
     2.916
     2.909
     3.334
     4.070
     3.473
     3.590
     3.458
     3.844
     3.357
     3.861
     3.728
     4.056
     3.475
     3.618
     3.568
     3.548
     2.350
     3.641
     3.460
     3.300
     3.708
     3.714
     3.469
     3.774
     3.294
     3.272
     3.210
     3.641
     3.192
     3.590
     3.617
     3.652
     2.662
     3.907
     3.512
     3.474
     2.716
     3.624
     3.560
     3.422
     4.192
     3.714
     3.727
     3.630
     3.203
     2.775
     2.945
     3.793
     3.520
     3.699
     2.867
     3.767
     3.273
     4.029
     3.803
     4.000
     3.077
     3.323
     3.969
     3.393
     3.834
     3.646
     3.536
     3.899
     3.573
     3.870
     3.127
     3.591
     3.017
     3.772
     3.745
     3.649
     3.503
     3.607
     3.543
     3.706
     3.049
     3.230
     3.503
     3.555
     3.596
     3.153
     3.145
     3.802
     3.757
     3.595
     3.301
     4.154
     3.200
     3.826
     4.014
     3.123
     3.604
     3.546
     3.962
     3.634
     2.991
     3.639
     3.076
     3.292
     2.729
     3.813
     3.151
     3.188
     2.705
     3.519
     3.255
     3.271
     3.584
     3.595
     4.069
     3.665
     3.273
     4.207
     3.809
     3.628
     3.536
     3.284
     3.701
     3.192
     3.718
     3.369
     3.949
     3.643
     3.651
     3.524
     3.864
     2.921
     3.472
     3.679
     3.942
     3.418
     3.261
     3.112
     3.373
     3.248
     3.881
     3.721
     2.327
     3.733
     3.766
     3.028
     3.923
     3.724
     3.619
     3.867
     2.971
     3.634
     3.210
     2.697
     3.684
     2.838
     3.296
     3.605
     3.298
     3.062
     3.955
     4.135
     3.474
     3.178
     3.207
     3.589
     3.657
     3.291
     3.630
     3.022
     3.267
     3.043
     3.645
     3.390
     3.623
     3.443
     2.409
     3.428
     3.316
     3.377
     3.420
     3.980
     3.950
     4.107
     3.766
     2.487
     3.217
     3.351
     3.638
     3.761
     3.442
     3.265
     3.990
     3.066
     4.151
     3.560
     3.653
     3.072
     3.234
     4.031
     2.902
     3.612
     3.716
     3.249
     3.443
     3.740
     3.530
     4.210
     3.390
     3.095
     2.711
     3.578
     3.893
     2.706
     3.390
     3.648
     3.434
     3.598
     3.384
     4.011
     3.765
     3.551
     3.216
     2.936
     3.314
     3.757
     3.427
     3.192
     3.157
     3.174
     3.506
     3.611
     2.868
     3.838
     3.799
     3.308
     3.865
     3.425
     3.230
     3.567
     3.674
     3.465
     3.663
     3.272
     3.500
     3.203
     3.874
     3.814
     3.512
     3.018
     3.036
     3.240
     3.545
     3.922
     3.512
     3.614
     3.626
     3.140
     3.672
     3.311
     3.844
     3.393
     3.220
     3.612
     3.093
     2.879
     3.752
     3.696
     3.623
     3.510
     3.081
     3.033
     3.992
     3.838
     3.557
     3.192
     3.325
     3.098
     2.957
     3.179
     3.707
     3.399
     3.708
     3.695
     4.152
     3.289
     3.137
     3.327
     3.338
     2.766
     3.634
     3.601
     3.683
     3.723
     3.268
     2.960
     3.033
     3.535
     3.578
     3.372
     3.470
     3.768
     3.364
     3.277
     3.281
     3.695
     3.119
     4.097
     3.335
     2.792
     3.743
     3.808
     4.033
     3.347
     3.180
     3.332
     3.289
     3.494
     2.646
     3.773
     4.005
     3.238
     3.282
     3.650
     2.684
     3.614
     3.943
     3.200
     2.493
     3.704
     3.237
     3.749
     3.630
     3.373
     3.633
     3.485
     3.470
     4.049
     2.701
     3.116
     3.464
     3.972
     3.490
     3.088
     3.792
     3.499
     3.217
     2.522
     4.052
     2.938
     3.629
     3.116
     3.564
     3.972
     3.037
     3.692
     2.954
     3.617
     3.731
     3.858
     3.802
     3.938
     3.150
     2.806
     3.367
     3.186
     3.744
     3.351
     3.590
     2.528
     3.322
     3.421
     3.491
     3.650
     3.443
     3.131
     3.998
     3.470
     4.216
     3.730
     3.643
     3.475
     3.768
     3.155
     3.089
     4.203
     3.046
     3.472
     3.716
     3.445
     3.949
     3.487
     3.846
     3.937
     3.850
     4.007
     3.708
     3.447
     3.741
     3.525
     3.570
     3.325
     3.064
     2.869
     3.547
     3.769
     3.036
     3.316
     2.937
     3.685
     3.469
     3.524
     3.209
     2.792
     3.497
     3.298
     3.045
     3.866
     3.518
     3.624
     2.893
     3.206
     3.150
     3.622
     3.642
     3.304
     3.632
     3.477
     3.073
     3.666
     3.635
     3.849
     3.654
     3.093
     3.776
     4.195
     3.067
     3.612
     3.032
     3.803
     3.726
     3.669
     3.675
     3.719
     3.359
     3.805
     3.581
     3.506
     3.462
     3.082
     3.272
     2.546
     3.620
     3.051
     3.550
     3.101
     3.132
     3.885
     3.379
     3.471
     3.065
     3.354
     4.005
     3.703
     4.119
     2.304
     3.574
     4.096
     3.469
     4.069
     3.875
     3.386
     3.626
     3.344
     3.393
     3.348
     3.361
     2.811
     3.686
     2.448
     2.929
     3.443
     3.004
     2.988
     3.432
     3.082
     3.242
     3.639
     3.118
     3.069
     3.398
     3.155
     3.521
     2.980
     3.379
     3.710
     3.788
     3.014
     3.022
     3.189
     3.313
     3.132
     3.483
     3.391
     3.436
     3.287
     3.106
     3.615
     3.737
     3.108
     3.280
     3.634
     3.358
     3.158
     3.853
     3.764
     3.424
     3.603
     3.416
     3.331
     3.817
     3.248
     2.976
     3.155
     3.294
     2.400
     4.231
     4.221
     3.277
     3.149
     3.798
     3.557
     3.086
     3.259
     3.044
     4.131
     3.201
     4.171
     3.266
     3.394
     3.230
     3.658
     4.068
     3.725
     2.726
     3.174
     3.017
     2.912
     3.657
     4.085
     3.576
     3.039
     3.385
     3.425
     3.259
     3.648
     3.154
     3.297
     3.697
     3.114
     3.873
     2.850
     3.282
     3.962
     3.973
     3.667
     3.594
     3.378
     3.454
     3.884
     3.233
     3.660
     3.640
     3.830
     3.539
     3.409
     3.124
     3.450
     3.755
     3.513
     3.600
     4.104
     3.514
     3.683
     3.434
     3.984
     3.392
     3.577
     3.945
     3.791
     3.361
     3.117
     3.514
     2.942
     3.566
     2.938
     3.566
     3.309
     3.717
     3.503
     3.634
     3.409
     3.452
     3.418
     2.678
     2.888
     2.964
     2.970
     3.570
     2.915
     3.437
     3.281
     3.245
     2.351
     3.604
     3.692
     3.717
     3.016
     3.037
     4.119
     3.483
     3.646
     3.659
     3.312
     3.130
     3.337
     2.688
     3.377
     4.159
     3.553
     3.549
     3.958
     3.049
     3.534
     3.557
     3.771
     3.695
     3.182
     3.491
     3.592
     2.835
     3.706
     3.371
     2.836
     3.880
     3.313
     3.634
     3.169
     3.691
     4.172
     3.311
     3.277
     3.582
     3.466
     3.243
     3.995
     3.630
     3.619
     3.673
     3.944
     3.899
     4.243
     3.702
     3.704
     3.451
     2.822
     3.785
     3.573
     2.174
     3.626
     3.220
     3.763
     3.881
     3.249
     3.199
     3.236
     4.068
     3.204
     4.107
     3.252
     3.434
     3.261
     3.806
     3.427
     2.066
     3.295
     3.280
     3.260
     3.428
     3.544
     3.232
     3.254
     3.617
     3.221
     3.837
     3.677
     3.691
     3.174
     3.565
     3.537
     3.153
     2.861
     3.651
     2.900
     3.129
     3.690
     3.580
     3.755
     3.208
     2.999
     2.585
     3.191
     3.527
     3.703
     3.373
     3.210
     3.753
     3.197
     2.917
     3.305
     3.029
     3.000
     3.006
     3.775
     3.822
     3.064
     3.349
     3.492
     3.787
     3.542
     2.636
     3.458
     3.674
     3.599
     3.231
     3.750
     3.123
     2.639
     3.670
     3.175
     3.238
     4.083
     3.473
     3.356
     3.976
     3.126
     3.654
     3.701
     3.876
     3.530
     3.666
     3.659
     3.439
     3.401
     3.366
     3.879
     3.328
     2.680
     3.158
     3.363
     2.757
     3.924
     3.775
     2.843
     3.639
     3.235
     3.600
     3.342
     3.604
     3.339
     3.805
     3.102
     3.116
     2.815
     3.174
     3.826
     3.344
     3.223
     3.871
     3.255
     3.753
     3.371
     3.867
     3.483
     3.640
     3.719
     3.036
     3.611
     3.462
     3.039
     3.741
     3.912
     2.746
     2.507
     2.752
     3.630
     3.551
     3.428
     2.952
     2.357
     3.846
     2.868
     3.634
     3.307
     3.275
     3.995
     3.270
     4.015
     3.267
     3.497
     3.146
     3.525
     3.409
     3.263
     3.774
     2.892
     3.975
     3.448
     3.280
     3.641
     3.127
     3.410
     3.861
     3.186
     2.956
     3.632
     3.473
     3.462
     3.544
     4.036
     3.416
     3.174
     3.702
     3.620
     3.654
     3.253
     3.464
     3.440
     3.175
     3.233
     3.523
     3.082
     3.303
     3.663
     3.469
     3.473
     3.535
     3.745
     3.932
     2.962
     3.036
     3.533
     3.377
     3.615
     3.710
     3.119
     3.922
     3.466
     3.233
     2.940
     3.004
     3.749
     3.388
     3.901
     3.258
     3.626
     2.622
     3.650
     3.894
     3.678
     3.746
     3.079
     3.865
     3.331
     3.161
     3.470
     3.572
     3.724
     3.304
     3.531
     3.811
     4.157
     3.414
     3.588
     3.616
     3.821
     3.802
     3.410
     3.059
     3.038
     4.025
     3.755
     3.211
     3.825
     3.447
     3.396
     3.976
     3.770
     3.600
     4.114
     3.688
     3.517
     2.997
     3.199
     3.847
     3.904
     2.933
     3.605
     3.209
     2.505
     3.401
     3.593
     4.021
     3.082
     3.116
     3.824
     3.363
     3.931
     3.034
     3.722
     3.498
     3.203
     4.226
     3.686
     3.521
     3.886
     3.295
     3.231
     3.269
     3.075
     3.108
     3.638
     3.629
     3.665
     3.550
     3.202
     3.155
     3.093
     3.353
     3.415
     3.956
     3.647
     3.007
     3.707
     2.760
     3.442
     2.569
     3.674
     3.390
     3.184
     3.146
     3.419
     3.020
     3.659
     3.371
     3.879
     3.237
     3.638
     2.667
     3.277
     3.833
     3.125
     3.136
     3.196
     4.060
     3.634
     3.637
     3.955
     2.902
     3.505
     3.294
     3.065
     3.709
     3.551
     2.827
     3.544
     4.149
     4.000
     3.905
     3.763
     3.484
     3.569
     3.620
     3.333
     3.622
     3.646
     3.973
     3.694
     3.675
     3.338
     3.033
     3.304
     2.680
     3.736
     2.417
     3.163
     3.770
     3.323
     3.944
     3.561
     3.344
     3.280
     3.577
     3.563
     3.607
     3.240
     3.795
     2.988
     3.242
     3.643
     3.616
     3.355
     3.860
     3.578
     3.631
     4.237
     2.687
     2.761
     3.543
     3.549
     3.608
     3.512
     3.172
     3.528
     3.191
     3.335
     3.133
     3.696
     3.164
     3.719
     3.773
     3.887
     2.930
     3.237
     3.376
     3.886
     3.001
     3.973
     4.109
     3.173
     3.594
     2.725
     3.403
     3.944
     3.763
     3.232
     3.634
     3.095
     3.921
     3.285
     3.673
     3.289
     3.751
     3.206
     4.084
     3.434
     3.319
     3.918
     3.114
     3.975
     3.569
     2.792
     3.607
     3.279
     3.535
     3.037
     2.773
     3.840
     3.694
     3.684
     3.556
     3.284
     3.509
     3.583
     3.258
     3.213
     3.375
     3.083
     3.807
     3.296
     3.471
     3.899
     3.796
     4.038
     3.204
     3.422
     2.855
     3.209
     2.667
     3.630
     3.222
     3.482
     3.598
     3.151
     3.654
     3.576
     4.126
     3.454
     3.017
     3.878
     2.860
     2.828
     3.522
     3.503
     3.459
     3.554
     3.551
     3.539
     3.595
     3.529
     3.634
     3.796
     3.593
     3.080
     3.456
     3.215
     3.763
     3.806
     3.672
     2.727
     3.688
     4.074
     3.466
     3.737
     3.163
     3.236
     2.961
     3.094
     3.556
     3.614
     3.653
     3.679
     3.654
     3.597
     3.349
     3.710
     3.303
     3.247
     3.341
     3.315
     3.603
     3.227
     3.487
     3.223
     3.849
     3.451
     4.129
     3.600
     2.884
     3.290
     3.287
     3.607
     4.096
     3.316
     3.206
     3.808
     3.678
     3.162
     3.748
     3.744
     3.167
     3.471
     2.883
     3.417
     4.133
     3.405
     4.108
     3.586
     3.745
     3.732
     3.939
     3.338
     3.210
     3.818
     3.725
     3.683
     3.706
     3.253
     3.235
     3.277
     3.125
     2.841
     3.091
     3.605
     3.085
     3.519
     3.745
     3.858
     3.757
     3.528
     3.718
     3.456
     3.381
     3.478
     3.102
     4.171
     4.018
     3.867
     3.454
     3.746
     3.357
     3.287
     3.433
     3.528
     3.437
     3.535
     3.695
     3.245
     3.543
     3.290
     3.608
     3.625
     3.762
     2.340
     3.074
     3.344
     3.474
     3.323
     3.114
     3.134
     3.028
     3.404
     3.103
     2.793
     3.527
     3.645
     3.330
     3.292
     2.923
     3.557
     3.199
     2.593
     3.838
     3.918
     3.891
     3.762
     3.927
     3.212
     3.482
     2.823
     3.169
     3.977
     3.015
     3.083
     3.099
     3.207
     3.729
     3.545
     3.770
     3.192
     3.581
     3.157
     3.191
     3.367
     2.893
     3.713
     3.326
     3.910
     3.316
     2.961
     3.195
     2.825
     2.652
     3.289
     3.882
     3.826
     3.700
     3.591
     3.261
     3.843
     3.807
     3.559
     2.966
     3.011
     3.119
     3.091
     3.247
     3.212
     2.896
     3.464
     3.583
     3.257
     2.779
     3.356
     3.789
     3.043
     3.900
     3.472
     2.304
     3.230
     3.436
     3.639
     3.647
     3.565
     2.780
     2.898
     3.707
     3.511
     3.952
     3.764
     4.063
     3.910
     3.596
     2.688
     3.410
     3.116
     3.532
     3.273
     3.974
     3.568
     3.567
     3.847
     3.500
     3.679
     3.092
     4.076
     3.211
     3.559
     3.367
     3.557
     3.453
     3.750
     3.579
     3.112
     3.261
     3.857
     2.924
     4.020
     3.507
     3.755
     3.304
     3.071
     3.051
     2.989
     3.773
     3.218
     3.620
     3.839
     3.406
     3.899
     3.698
     4.202
     3.922
     3.029
     2.882
     3.107
     3.440
     3.422
     4.190
     3.612
     3.424
     3.755
     3.836
     3.748
     3.246
     3.486
     3.913
     3.670
     3.888
     3.656
     4.175
     3.076
     3.537
     3.536
     3.899
     3.300
     3.917
     3.531
     3.634
     3.207
     3.510
     2.670
     2.382
     3.568
     3.778
     4.140
     3.189
     3.449
     2.810
     3.243
     3.289
     3.340
     3.590
     3.244
     3.268
     3.052
     3.773
     3.514
     3.927
     3.518
     4.019
     3.607
     2.937
     3.851
     3.696
     3.638
     3.616
     3.749
     3.793
     3.011
     3.964
     3.449
     4.175
     3.775
     3.222
     4.026
     3.665
     3.679
     3.247
     3.393
     3.691
     3.463
     3.768
     3.172
     3.735
     3.694
     3.481
     4.160
     3.857
     4.046
     3.446
     3.861
     3.399
     3.385
     3.962
     3.293
     3.693
     3.583
     3.695
     3.626
     3.059
     4.009
     3.559
     3.270
     3.762
     3.530
     3.764
     3.521
     3.927
     3.025
     3.272
     3.905
     3.524
     2.866
     3.283
     3.441
     3.780
     3.880
     3.368
     3.681
     3.650
     3.670
     3.489
     3.447
     3.890
     3.904
     3.063
     3.463
     3.390
     3.766
     3.322
     3.119
     3.086
     2.915
     3.795
     3.938
     3.214
     3.591
     3.569
     3.554
     3.342
     3.157
     3.658
     3.218
     2.942
     3.821
     3.366
     3.794
     3.306
     3.654
     4.150
     3.433
     3.595
     3.511
     3.213
     3.563
     2.271
     3.809
     3.512
     3.388
     3.089
     3.287
     3.739
     3.664
     4.021
     2.913
     3.657
     3.610
     3.052
     2.888
     3.587
     3.623
     3.474
     3.748
     3.762
     3.679
     3.073
     3.478
     3.498
     3.556
     4.148
     1.988
     2.914
     4.057
     3.552
     2.682
     3.256
     3.777
     4.018
     4.047
     3.959
     3.409
     3.895
     3.066
     3.392
     3.404
     3.242
     3.401
     3.706
     3.728
     3.663
     3.144
     4.234
     3.085
     3.785
     2.893
     3.604
     3.102
     3.993
     2.899
     3.719
     3.083
     3.732
     3.802
     3.740
     3.569
     3.403
     3.225
     3.250
     3.250
     3.770
     3.186
     3.711
     3.732
     3.261
     3.376
     3.360
     2.900
     3.338
     3.053
     3.158
     3.196
     3.390
     3.671
     3.804
     3.427
     3.475
     3.558
     3.654
     3.656
     3.242
     3.271
     3.685
     3.317
     3.382
     3.469
     3.102
     2.401
     3.024
     2.762
     2.599
     3.211
     3.591
     3.591
     3.133
     3.885
     3.203
     3.246
     3.855
     2.908
     3.919
     3.650
     3.242
     2.888
     3.411
     3.125
     3.618
     2.998
     3.915
     3.576
     3.375
     2.869
     3.003
     3.469
     3.367
     3.715
     3.893
     3.398
     3.249
     3.869
     3.904
     3.864
     2.910
     3.555
     2.980
     3.346
     4.006
     3.190
     3.210
     3.314
     3.593
     3.591
     3.163
     3.266
     3.437
     3.691
     3.382
     3.326
     3.517
     3.981
     3.248
     3.185
     2.873
     3.226
     3.676
     3.828
     3.416
     2.882
     3.690
     3.222
     3.601
     3.766
     3.245
     3.989
     3.445
     3.932
     3.369
     3.175
     2.804
     2.944
     3.189
     3.504
     3.689
     3.758
     2.830
     3.485
     2.472
     3.560
     3.123
     3.849
     3.306
     3.440
     3.041
     3.717
     3.512
     2.887
     3.482
     3.259
     3.446
     3.608
     2.997
     3.521
     3.114
     3.804
     2.384
     3.920
     3.104
     3.582
     3.684
     3.612
     3.610
     3.650
     2.881
     3.116
     3.063
     3.863
     3.653
     3.709
     3.306
     3.667
     3.616
     3.334
     3.524
     2.973
     3.678
     3.248
     3.938
     4.169
     3.675
     3.786
     4.148
     3.339
     3.699
     3.419
     3.297
     3.712
     3.038
     3.826
     2.975
     3.904
     3.108
     3.560
     3.561
     3.605
     3.356
     3.614
     3.545
     3.307
     3.718
     3.735
     3.154
     3.358
     3.055
     3.959
     3.651
     2.779
     3.275
     3.959
     3.973
     3.494
     3.566
     3.229
     3.682
     3.839
     3.910
     3.959
     3.277
     2.986
     3.616
     3.519
     3.574
     2.725
     3.384
     3.270
     3.358
     3.612
     3.088
     3.762
     3.644
     3.290
     3.753
     3.952
     3.342
     3.615
     3.598
     3.053
     2.374
     2.952
     4.077
     3.682
     3.449
     3.370
     2.652
     3.510
     3.296
     4.040
     3.789
     3.764
     3.340
     3.790
     3.650
     3.413
     3.628
     3.142
     3.745
     3.789
     3.092
     3.859
     3.222
     3.796
     3.117
     3.477
     4.070
     3.519
     4.048
     3.600
     3.092
     3.394
     3.729
     3.657
     4.059
     3.206
     3.750
     3.807
     4.104
     4.078
     3.111
     2.998
     3.956
     3.257
     3.381
     3.838
     3.478
     3.487
     3.689
     3.577
     3.740
     3.601
     3.666
     3.198
     3.611
     3.625
     3.254
     3.561
     3.075
     3.578
     3.244
     2.964
     3.843
     2.787
     3.652
     3.643
     3.707
     4.189
     3.267
     3.169
     2.709
     3.957
     2.785
     3.319
     3.365
     3.607
     3.384
     3.188
     3.953
     3.225
     3.514
     2.885
     3.555
     3.558
     3.959
     3.105
     3.188
     3.327
     3.679
     3.522
     2.949
     3.806
     3.745
     3.189
     3.586
     3.569
     3.415
     3.075
     3.037
     2.661
     3.779
     2.898
     2.930
     2.999
     3.464
     3.161
     3.604
     4.103
     3.800
     3.628
     3.926
     3.855
     3.643
     3.494
     3.965
     3.304
     3.407
     3.493
     3.425
     3.146
     2.818
     3.248
     3.081
     3.823
     3.393
     2.947
     3.562
     3.854
     3.776
     3.663
     3.321
     3.557
     3.308
     3.381
     3.146
     2.966
     3.621
     3.123
     3.488
     3.543
     2.426
     3.678
     3.517
     3.847
     3.345
     3.881
     3.777
     3.650
     3.071
     3.338
     3.524
     3.861
     3.760
     3.136
     2.889
     3.108
     3.027
     3.644
     3.829
     3.788
     4.035
     3.548
     3.731
     3.521
     3.657
     2.734
     3.755
     3.599
     3.220
     3.592
     3.616
     2.318
     3.714
     2.989
     3.280
     3.572
     3.174
     3.161
     3.776
     3.760
     3.491
     3.456
     3.153
     3.867
     3.311
     3.969
     1.805
     3.692
     3.665
     2.934
     4.101
     3.572
     3.391
     3.665
     2.791
     3.476
     3.266
     3.955
     3.335
     3.063
     3.271
     4.049
     3.644
     3.525
     3.967
     3.101
     3.881
     3.804
     3.670
     3.482
     2.810
     3.763
     3.758
     3.908
     3.604
     3.537
     3.539
     3.355
     3.037
     2.762
     3.873
     3.030
     3.197
     3.824
     3.676
     3.124
     3.506
     3.467
     3.758
     3.821
     3.430
     3.262
     3.571
     4.078
     3.543
     4.186
     3.698
     2.859
     2.639
     3.250
     3.826
     3.074
     3.274
     3.076
     4.227
     3.344
     3.580
     3.011
     3.704
     3.652
     2.639
     3.281
     3.021
     2.837
     3.834
     3.266
     3.325
     3.343
     3.491
     4.171
     3.650
     2.860
     3.815
     3.323
     3.308
     3.211
     2.943
     3.309
     3.635
     3.181
     3.728
     3.791
     3.498
     3.299
     2.605
     3.977
     3.368
     3.701
     3.652
     3.711
     3.432
     3.258
     3.368
     3.178
     3.005
     3.518
     3.454
     3.691
     3.388
     3.166
     4.092
     3.298
     2.909
     3.580
     3.058
     2.995
     3.558
     3.456
     3.040
     3.951
     3.922
     4.079
     3.653
     3.175
     3.113
     3.662
     3.586
     3.570
     3.339
     3.563
     3.571
     3.371
     2.856
     3.531
     3.526
     3.205
     3.903
     3.657
     3.412
     3.486
     3.893
     3.759
     2.815
     3.503
     3.045
     3.099
     2.581
     3.377
     3.089
     2.936
     4.101
     3.410
     2.683
     4.082
     3.167
     3.672
     2.399
     3.589
     3.511
     4.163
     3.999
     3.698
     3.384
     3.335
     3.483
     3.233
     4.092
     2.877
     2.709
     3.573
     3.657
     3.615
     3.852
     3.183
     3.791
     3.536
     3.260
     3.262
     2.470
     3.236
     3.544
     3.254
     3.827
     3.593
     3.597
     3.648
     3.648
     3.147
     4.069
     3.681
     3.506
     3.598
     3.285
     3.098
     3.597
     3.910
     2.980
     3.244
     3.117
     4.189
     4.172
     3.800
     3.384
     3.655
     3.454
     3.676
     3.140
     3.078
     3.366
     3.648
     3.436
     3.643
     2.984
     3.695
     4.124
     3.599
     3.965
     3.142
     4.228
     3.354
     3.154
     3.213
     3.560
     3.488
     4.102
     3.800
     3.637
     3.070
     3.654
     3.304
     3.219
     3.022
     3.422
     3.399
     2.745
     2.848
     3.022
     3.334
     4.191
     3.575
     3.237
     3.527
     3.564
     3.131
     3.367
     3.970
     3.793
     3.683
     3.374
     3.771
     2.683
     3.489
     3.745
     3.402
     3.772
     3.225
     3.749
     3.138
     3.281
     3.647
     3.318
     3.497
     3.305
     3.423
     3.802
     3.630
     3.620
     3.414
     3.286
     3.403
     3.848
     3.178
     3.708
     3.192
     3.261
     3.323
     3.329
     2.917
     3.079
     3.445
     3.775
     2.880
     3.028
     3.388
     3.777
     3.661
     3.529
     3.182
     3.720
     3.491
     2.841
     3.209
     3.706
     3.981
     3.240
     3.771
     3.749
     3.606
     3.010
     3.642
     3.709
     4.038
     3.408
     2.762
     3.238
     3.043
     3.333
     3.168
     3.876
     3.615
     3.698
     2.745
     3.537
     3.635
     4.129
     3.466
     3.947
     3.685
     3.288
     3.526
     3.729
     3.588
     3.362
     3.013
     3.973
     2.968
     4.109
     3.923
     3.268
     3.910
     3.078
     3.565
     3.053
     3.332
     3.373
     3.570
     3.358
     2.728
     2.693
     2.997
     3.967
     3.517
     3.955
     3.665
     3.115
     3.712
     3.298
     3.267
     3.585
     3.207
     3.312
     3.759
     3.285
     3.187
     3.252
     2.975
     3.689
     3.726
     3.358
     2.607
     3.476
     2.985
     3.797
     3.631
     3.672
     3.305
     3.776
     4.212
     3.363
     3.578
     4.059
     3.741
     3.399
     3.118
     3.644
     2.818
     3.545
     3.755
     3.386
     3.254
     3.765
     3.666
     3.415
     3.635
     3.842
     3.360
     3.180
     3.163
     3.225
     3.405
     3.317
     3.484
     3.353
     2.515
     3.033
     3.649
     3.538
     3.422
     3.541
     3.718
     3.369
     3.639
     3.756
     3.257
     3.220
     3.594
     3.097
     3.131
     3.625
     3.643
     3.519
     3.568
     3.318
     3.782
     3.345
     2.902
     3.703
     3.603
     4.219
     3.402
     3.237
     3.567
     4.027
     3.736
     3.776
     3.179
     3.679
     3.369
     3.271
     3.378
     4.017
     3.659
     3.453
     3.393
     3.885
     3.629
     3.956
     3.177
     3.077
     2.911
     3.269
     3.526
     3.719
     3.433
     3.209
     3.304
     4.079
     3.576
     3.210
     3.395
     3.874
     2.375
     2.813
     3.871
     3.330
     4.031
     3.534
     3.672
     3.898
     3.797
     3.456
     3.930
     3.129
     3.460
     3.531
     3.756
     2.940
     3.747
     3.046
     3.659
     3.634
     3.046
     2.330
     3.182
     3.242
     3.254
     3.145
     3.426
     3.731
     3.292
     2.463
     3.415
     3.730
     3.633
     3.904
     3.432
     3.396
     3.906
     2.824
     3.060
     2.700
     4.169
     3.952
     3.926
     3.279
     3.359
     3.148
     3.975
     3.484
     4.060
     3.404
     3.835
     4.196
     3.954
     3.821
     3.680
     3.483
     4.056
     3.619
     3.641
     2.887
     3.377
     3.004
     3.327
     3.665
     3.862
     3.639
     3.667
     3.301
     3.214
     2.887
     3.633
     3.616
     3.970
     3.347
     3.275
     3.069
     3.610
     3.674
     2.859
     3.652
     3.605
     3.749
     2.733
     2.802
     3.025
     3.606
     3.656
     3.741
     3.644
     3.262
     3.231
     3.244
     3.215
     3.441
     3.350
     3.041
     3.856
     3.492
     3.147
     3.947
     3.085
     3.755
     3.840
     3.722
     3.592
     2.994
     3.659
     3.592
     3.682
     3.055
     3.645
     3.570
     3.658
     3.408
     3.369
     3.174
     3.359
     3.676
     3.094
     3.916
     3.382
     3.257
     3.085
     2.893
     2.628
     2.881
     3.686
     3.518
     2.968
     3.294
     3.696
     3.272
     3.632
     3.110
     3.373
     3.768
     3.091
     3.299
     3.690
     3.458
     3.271
     3.110
     3.048
     3.347
     3.830
     3.139
     3.590
     3.323
     3.103
     3.245
     3.381
     3.807
     3.666
     4.180
     3.226
     3.043
     3.759
     4.045
     3.160
     4.178
     3.118
     3.618
     3.527
     3.416
     3.524
     3.248
     3.666
     3.960
     3.248
     3.640
     3.521
     3.026
     3.288
     3.145
     3.669
     3.426
     2.937
     3.406
     3.624
     3.091
     3.649
     3.672
     3.684
     3.444
     3.459
     2.541
     3.964
     3.997
     3.042
     2.841
     2.702
     3.748
     3.232
     3.517
     2.445
     3.098
     2.730
     3.291
     3.310
     2.407
     3.202
     3.408
     3.052
     3.126
     3.730
     4.053
     3.595
     3.406
     3.693
     3.396
     4.215
     3.384
     3.354
     3.324
     3.593
     3.300
     4.139
     3.378
     4.197
     3.371
     3.248
     4.222
     3.956
     3.759
     2.998
     3.369
     3.295
     3.561
     3.827
     3.643
     3.421
     3.607
     3.541
     3.275
     2.882
     2.839
     3.826
     3.519
     3.729
     3.200
     3.269
     3.133
     3.665
     3.589
     3.582
     3.140
     3.516
     3.480
     3.670
     3.541
     3.380
     3.266
     2.855
     3.302
     3.171
     3.317
     4.205
     3.333
     3.536
     3.714
     3.644
     3.797
     3.515
     3.629
     3.721
     3.709
     3.599
     3.243
     3.498
     3.330
     3.223
     3.015
     3.739
     3.584
     3.898
     3.562
     3.151
     3.022
     3.603
     3.118
     4.050
     3.546
     3.305
     3.918
     3.584
     3.104
     3.914
     3.389
     4.082
     3.769
     3.497
     3.632
     3.171
     3.367
     3.399
     3.716
     3.608
     3.381
     3.336
     2.990
     3.594
     3.720
     3.919
     3.282
     3.484
     3.296
     3.599
     3.636
     2.903
     3.822
     3.508
     3.392
     2.302
     3.399
     3.405
     3.533
     3.362
     3.093
     3.806
     3.974
     3.205
     3.107
     3.433
     3.256
     3.963
     3.623
     3.407
     3.739
     3.698
     3.080
     3.868
     3.291
     3.191
     3.574
     3.684
     4.071
     4.007
     3.500
     3.610
     2.711
     3.975
     3.020
     3.064
     3.781
     3.637
     3.184
     3.907
     3.682
     3.509
     3.527
     3.717
     3.114
     3.722
     2.597
     2.978
     3.874
     3.987
     3.289
     3.116
     2.811
     3.706
     2.897
     2.838
     3.457
     3.555
     3.602
     3.336
     3.495
     3.667
     4.068
     4.108
     3.303
     3.077
     3.296
     3.266
     3.601
     4.128
     3.376
     3.688
     2.333
     3.203
     3.468
     3.545
     3.208
     3.473
     3.622
     2.652
     3.941
     3.764
     4.030
     3.479
     3.289
     3.439
     3.148
     3.243
     2.417
     3.843
     3.544
     2.980
     2.900
     3.653
     3.199
     3.178
     3.339
     3.130
     3.658
     3.529
     2.881
     3.269
     3.684
     3.282
     3.500
     3.210
     3.453
     3.613
     3.256
     3.756
     3.535
     4.194
     3.057
     3.187
     3.930
     3.493
     3.933
     4.007
     3.503
     3.056
     3.023
     3.123
     3.073
     3.538
     3.972
     3.430
     4.153
     3.230
     3.473
     3.487
     3.674
     3.477
     3.315
     3.266
     3.642
     3.697
     3.444
     3.585
     3.613
     3.059
     3.143
     3.342
     3.048
     3.340
     3.743
     3.251
     3.490
     3.667
     3.860
     3.466
     3.403
     3.567
     3.617
     3.215
     3.850
     3.445
     3.254
     3.724
     3.472
     4.203
     3.371
     3.641
     3.623
     3.516
     3.023
     2.911
     3.430
     3.466
     3.134
     3.112
     3.187
     3.472
     3.613
     2.377
     3.091
     3.782
     3.115
     3.515
     3.375
     3.359
     3.569
     3.848
     3.679
     3.792
     4.062
     3.343
     3.644
     3.904
     3.194
     3.653
     3.059
     3.775
     3.584
     3.552
     3.748
     3.868
     3.322
     3.765
     3.328
     4.186
     3.093
     3.035
     3.587
     3.647
     3.782
     4.129
     3.270
     2.516
     3.441
     3.274
     3.406
     3.169
     3.307
     3.104
     3.232
     3.250
     3.399
     3.371
     3.219
     3.460
     3.445
     3.443
     3.273
     3.674
     3.721
     3.231
     3.244
     3.362
     3.598
     3.062
     2.939
     3.579
     3.544
     3.187
     3.875
     3.022
     3.000
     3.217
     3.384
     3.088
     3.278
     3.530
     3.216
     3.866
     3.608
     3.106
     3.210
     3.887
     3.656
     2.652
     3.036
     3.832
     3.246
     3.683
     4.248
     3.692
     3.088
     3.797
     3.396
     3.595
     3.665
     3.062
     4.135
     3.484
     3.169
     2.796
     3.932
     3.404
     3.444
     3.963
     3.447
     3.511
     3.681
     3.413
     3.162
     3.768
     3.161
     3.543
     3.866
     3.835
     3.445
     3.655
     2.995
     4.094
     3.322
     3.867
     3.161
     3.958
     3.516
     3.555
     3.580
     3.752
     4.147
     3.529
     3.164
     3.064
     3.459
     3.364
     4.064
     3.079
     2.904
     3.637
     3.389
     3.155
     3.772
     3.285
     3.680
     3.749
     3.163
     3.434
     3.039
     3.351
     4.150
     3.321
     4.150
     3.986
     3.633
     2.879
     3.761
     3.935
     3.722
     4.110
     2.698
     3.026
     3.025
     2.357
     4.033
     3.218
     3.583
     3.372
     3.443
     3.387
     4.088
     3.103
     3.525
     3.733
     2.623
     3.654
     3.111
     3.393
     2.662
     3.437
     3.346
     3.047
     3.169
     3.177
     3.773
     3.446
     3.246
     3.248
     3.178
     2.970
     3.108
     3.555
     3.621
     3.548
     3.311
     3.860
     3.278
     3.717
     3.380
     2.780
     3.239
     3.711
     3.662
     3.400
     3.415
     3.516
     3.648
     2.825
     3.926
     3.185
     3.152
     3.393
     3.618
     3.628
     3.596
     2.765
     3.407
     3.544
     3.000
     3.613
     3.275
     2.840
     3.124
     3.736
     3.798
     3.856
     3.599
     3.609
     3.933
     3.741
     3.827
     3.218
     3.747
     3.247
     3.721
     3.598
     3.141
     3.348
     3.312
     3.504
     2.957
     3.710
     3.710
     2.980
     3.898
     3.443
     3.687
     2.641
     2.675
     3.152
     3.079
     3.422
     3.114
     3.927
     3.095
     3.607
     3.937
     3.413
     3.434
     3.542
     3.677
     3.046
     3.549
     3.526
     3.670
     3.298
     3.648
     3.799
     3.327
     3.010
     3.496
     2.939
     3.901
     3.223
     3.960
     2.341
     3.148
     3.791
     3.578
     2.966
     3.914
     2.931
     3.134
     3.055
     2.812
     3.446
     3.042
     3.291
     3.197
     3.314
     2.999
     3.475
     3.375
     3.248
     3.212
     3.305
     3.596
     3.794
     3.116
     3.814
     3.299
     3.884
     3.527
     2.311
     2.849
     3.131
     2.762
     3.541
     3.210
     2.878
     3.126
     3.710
     3.305
     3.921
     3.979
     3.649
     4.158
     3.765
     3.728
     3.082
     3.671
     3.070
     2.802
     3.316
     3.595
     3.174
     3.623
     2.985
     2.795
     2.590
     3.498
     3.530
     3.622
     3.401
     3.204
     3.699
     3.217
     3.072
     3.960
     3.651
     3.539
     3.437
     3.149
     2.892
     2.960
     4.171
     3.825
     3.165
     3.475
     3.925
     3.184
     3.248
     3.285
     3.304
     2.765
     3.204
     3.803
     3.616
     3.200
     3.496
     3.685
     3.525
     3.666
     3.196
     4.015
     3.864
     2.886
     3.128
     3.282
     3.631
     3.760
     3.564
     3.997
     2.907
     3.240
     3.568
     3.223
     3.196
     3.622
     3.316
     3.718
     4.078
     3.402
     3.389
     3.728
     3.584
     3.885
     3.751
     3.454
     3.568
     4.088
     3.237
     3.771
     3.444
     3.237
     3.813
     3.460
     2.866
     3.023
     3.305
     3.497
     3.587
     3.354
     3.288
     3.752
     3.752
     3.397
     3.627
     3.882
     3.296
     3.645
     4.065
     3.081
     3.948
     2.998
     3.769
     3.576
     3.585
     3.269
     3.423
     3.548
     3.270
     3.910
     2.456
     3.433
     3.859
     3.253
     3.639
     3.283
     3.226
     3.131
     2.812
     3.774
     4.114
     3.488
     3.766
     3.278
     3.769
     3.327
     3.604
     3.293
     3.548
     3.656
     3.159
     3.633
     3.792
     3.283
     3.474
     3.947
     3.482
     3.739
     2.991
     3.376
     3.555
     3.585
     3.819
     3.292
     3.987
     3.714
     2.819
     3.742
     3.833
     2.612
     3.113
     3.749
     3.475
     3.542
     3.785
     3.289
     3.817
     4.035
     3.680
     3.073
     3.335
     3.649
     3.130
     3.587
     3.578
     3.398
     3.236
     2.650
     4.057
     3.731
     3.086
     2.799
     3.866
     3.301
     3.106
     2.527
     3.742
     3.307
     3.805
     3.226
     3.771
     2.771
     1.994
     4.120
     2.782
     4.208
     4.127
     4.053
     3.667
     3.156
     2.876
     3.265
     3.106
     3.679
     3.539
     2.948
     3.686
     3.140
     3.860
     3.103
     3.659
     3.538
     2.991
     3.093
     3.575
     3.005
     3.498
     3.404
     3.765
     3.697
     3.124
     3.621
     3.588
     3.763
     3.594
     3.564
     3.390
     3.793
     3.051
     3.935
     3.092
     3.188
     3.173
     3.298
     3.040
     3.586
     3.425
     3.944
     3.468
     3.049
     3.645
     3.628
     3.744
     3.083
     3.469
     3.001
     4.222
     3.087
     4.160
     3.855
     3.849
     3.384
     3.741
     2.815
     3.029
     2.944
     3.618
     3.003
     3.895
     4.228
     3.617
     3.661
     4.036
     3.488
     3.100
     3.128
     3.710
     3.027
     3.228
     3.154
     4.247
     4.150
     3.301
     3.773
     3.858
     2.282
     3.691
     3.200
     3.882
     3.485
     3.610
     3.961
     3.952
     3.749
     3.769
     3.482
     3.439
     3.496
     3.421
     3.417
     3.438
     3.231
     3.297
     3.189
     3.641
     3.259
     3.778
     3.647
     3.801
     3.522
     3.123
     3.651
     3.604
     3.290
     3.889
     3.045
     3.112
     3.701
     3.446
     3.897
     3.693
     2.991
     3.203
     3.125
     2.943
     2.906
     3.665
     3.360
     4.136
     3.393
     3.604
     2.983
     3.900
     4.225
     2.870
     4.003
     3.479
     3.702
     3.167
     2.715
     2.827
     3.421
     3.186
     3.857
     2.959
     4.210
     2.928
     3.829
     2.717
     3.466
     3.906
     3.588
     3.504
     3.276
     3.816
     3.647
     3.384
     3.571
     3.746
     3.510
     3.379
     4.039
     2.991
     3.162
     3.875
     3.373
     3.830
     3.845
     3.327
     3.193
     3.325
     3.510
     3.417
     2.296
     3.403
     3.171
     4.037
     2.951
     3.829
     3.809
     3.603
     3.327
     3.446
     3.592
     3.026
     3.534
     3.725
     3.522
     3.615
     3.720
     3.660
     3.711
     4.209
     3.576
     2.958
     3.566
     3.070
     4.041
     3.624
     3.351
     3.095
     2.794
     3.520
     3.507
     3.516
     3.591
     3.179
     3.619
     3.310
     3.883
     3.962
     3.474
     3.685
     3.473
     3.550
     3.608
     3.488
     3.522
     3.494
     4.201
     3.254
     2.840
     3.924
     3.988
     3.236
     3.300
     3.464
     3.264
     3.651
     3.569
     3.262
     3.316
     3.946
     3.523
     3.956
     3.847
     3.857
     3.722
     3.884
     3.192
     3.212
     3.613
     3.255
     3.053
     3.739
     2.694
     3.551
     3.497
     3.849
     3.595
     3.812
     3.639
     3.375
     3.566
     3.039
     3.220
     3.044
     3.175
     3.679
     3.348
     3.545
     3.153
     3.608
     4.113
     3.907
     2.960
     3.097
     3.032
     3.908
     3.043
     4.002
     3.163
     3.110
     3.185
     2.715
     3.214
     3.731
     3.063
     3.566
     3.681
     3.635
     4.019
     3.814
     3.052
     3.006
     2.850
     2.950
     3.582
     3.617
     3.255
     3.228
     3.635
     4.126
     3.446
     3.936
     3.529
     3.662
     3.155
     2.519
     3.311
     3.019
     3.343
     3.742
     3.150
     3.691
     3.623
     4.134
     2.811
     3.869
     2.734
     2.648
     3.467
     2.298
     3.125
     3.482
     4.000
     3.582
     3.177
     3.167
     3.407
     3.335
     3.356
     3.524
     3.294
     3.315
     3.252
     3.927
     3.930
     3.576
     3.548
     3.588
     3.803
     3.103
     3.570
     2.938
     3.649
     3.656
     3.366
     4.128
     3.585
     3.429
     3.481
     3.754
     3.246
     3.100
     3.125
     3.824
     2.886
     3.750
     3.710
     3.439
     3.480
     3.098
     3.601
     3.143
     3.403
     2.405
     3.527
     3.724
     3.660
     2.918
     3.006
     3.536
     3.135
     3.129
     3.506
     3.541
     3.268
     3.258
     3.205
     3.319
     3.126
     3.162
     2.983
     3.583
     3.783
     3.481
     3.601
     2.741
     3.591
     3.561
     3.477
     3.632
     3.631
     3.772
     3.340
     3.991
     3.713
     3.498
     2.971
     3.641
     3.475
     3.170
     3.234
     3.468
     3.990
     3.292
     2.922
     3.466
     3.346
     3.113
     3.563
     3.301
     3.134
     3.178
     3.152
     3.775
     3.982
     2.586
     3.605
     3.378
     3.234
     3.664
     2.391
     3.735
     3.858
     3.281
     3.681
     3.275
     3.614
     3.452
     3.577
     3.651
     3.783
     3.295
     3.150
     3.189
     3.852
     3.431
     3.168
     3.633
     3.338
     3.756
     3.936
     4.083
     4.086
     3.798
     3.258
     3.739
     3.727
     3.254
     3.179
     3.091
     3.543
     3.426
     3.793
     3.412
     2.961
     3.617
     3.768
     2.957
     3.529
     3.147
     3.656
     3.708
     4.014
     3.611
     3.346
     4.211
     2.876
     3.473
     3.262
     3.574
     3.880
     3.162
     2.883
     3.238
     3.881
     3.004
     3.527
     3.159
     2.497
     3.671
     3.228
     3.256
     3.736
     2.418
     3.406
     3.514
     3.573
     3.303
     3.100
     3.316
     3.119
     3.480
     3.336
     4.001
     3.945
     3.481
     3.316
     3.447
     3.246
     3.651
     3.482
     3.606
     2.823
     3.482
     3.234
     3.419
     4.119
     3.731
     3.625
     3.236
     3.361
     3.525
     3.336
     3.500
     3.688
     3.266
     2.892
     3.564
     3.394
     3.727
     3.548
     3.279
     2.969
     3.081
     3.228
     3.302
     4.048
     3.760
     3.993
     3.760
     2.618
     2.663
     3.881
     3.464
     3.283
     3.602
     3.641
     3.733
     3.704
     3.224
     3.832
     3.579
     3.663
     3.751
     3.358
     3.073
     3.511
     3.551
     3.087
     3.305
     3.631
     3.235
     4.020
     3.352
     2.734
     3.460
     3.325
     3.911
     3.421
     3.891
     3.672
     3.593
     3.502
     2.993
     3.649
     3.484
     3.602
     2.583
     3.798
     3.206
     3.423
     3.169
     3.599
     3.065
     3.388
     3.587
     2.882
     3.729
     3.453
     3.754
     3.243
     3.323
     3.963
     2.977
     3.255
     3.328
     4.155
     4.112
     3.536
     2.867
     3.528
     3.395
     2.746
     3.235
     3.048
     3.732
     3.251
     3.753
     3.016
     3.768
     3.823
     3.697
     3.483
     3.434
     3.618
     3.538
     3.866
     3.583
     3.821
     3.309
     3.668
     2.751
     3.687
     3.689
     3.617
     3.246
     3.525
     2.976
     3.967
     3.558
     3.264
     3.630
     3.629
     3.625
     3.411
     3.402
     3.922
     2.978
     3.821
     3.287
     3.046
     3.059
     3.317
     3.356
     3.724
     3.510
     3.516
     3.522
     3.432
     3.723
     3.338
     3.074
     3.583
     3.584
     3.914
     4.091
     3.533
     3.469
     3.377
     3.797
     3.740
     3.085
     3.731
     3.726
     4.188
     3.176
     3.513
     3.827
     3.502
     3.588
     3.089
     3.640
     3.480
     3.217
     4.090
     3.684
     3.541
     3.514
     3.887
     3.576
     3.495
     2.866
     3.628
     3.223
     3.296
     3.675
     3.176
     3.595
     3.718
     3.637
     3.740
     3.806
     3.276
     2.860
     3.125
     3.374
     3.422
     3.526
     3.156
     3.179
     3.927
     2.813
     3.170
     3.462
     3.341
     3.895
     3.428
     3.385
     3.319
     3.039
     3.687
     2.848
     3.691
     3.603
     3.907
     4.083
     3.635
     3.619
     3.860
     3.616
     3.169
     3.833
     2.993
     3.524
     3.306
     3.665
     3.646
     3.218
     3.612
     3.697
     2.954
     3.403
     3.291
     4.085
     3.428
     3.054
     3.096
     3.985
     2.875
     3.463
     3.656
     3.491
     3.294
     3.757
     3.320
     2.913
     3.223
     2.823
     3.666
     3.676
     4.066
     3.475
     3.696
     3.940
     3.787
     3.101
     3.879
     3.972
     4.036
     3.022
     3.226
     3.641
     3.559
     3.516
     2.921
     3.537
     3.055
     2.725
     3.258
     3.894
     2.826
     3.615
     3.259
     4.031
     3.677
     3.193
     3.393
     3.688
     3.423
     3.572
     3.075
     3.277
     3.645
     3.104
     3.124
     3.529
     2.711
     3.955
     3.328
     3.676
     3.292
     3.342
     3.257
     3.273
     3.631
     3.149
     3.157
     3.650
     3.497
     3.270
     3.718
     3.642
     2.732
     4.196
     3.761
     3.667
     3.677
     3.697
     3.571
     2.920
     3.519
     3.300
     3.703
     3.150
     3.208
     3.034
     3.654
     2.919
     3.512
     3.861
     3.409
     3.662
     3.654
     3.531
     3.103
     2.997
     2.717
     3.366
     3.119
     3.431
     3.894
     3.730
     3.688
     3.271
     3.632
     3.616
     3.228
     3.028
     3.663
     3.193
     2.985
     3.677
     3.832
     2.627
     2.548
     3.869
     3.656
     2.907
     3.203
     4.184
     3.998
     3.623
     4.045
     3.197
     3.654
     3.782
     3.715
     2.836
     3.124
     3.304
     3.463
     2.425
     3.408
     3.031
     3.518
     3.329
     3.625
     3.205
     3.991
     3.534
     3.376
     3.012
     2.824
     3.657
     3.255
     3.599
     2.450
     3.687
     3.458
     3.814
     3.057
     3.270
     3.709
     3.421
     3.532
     3.216
     3.643
     3.276
     3.125
     3.787
     2.933
     3.202
     3.563
     3.296
     3.633
     3.449
     3.019
     3.725
     3.346
     3.072
     3.278
     3.801
     3.627
     3.660
     3.509
     3.212
     4.063
     2.483
     3.654
     2.983
     4.056
     3.792
     3.620
     4.131
     3.350
     3.963
     3.403
     3.254
     3.790
     3.225
     3.537
     3.539
     2.733
     3.431
     3.209
     3.511
     3.821
     3.010
     2.852
     3.428
     3.723
     3.581
     3.670
     3.508
     3.433
     3.543
     3.319
     3.181
     3.849
     3.772
     3.089
     3.004
     3.345
     3.325
     2.795
     4.208
     2.732
     3.500
     3.428
     4.167
     2.841
     3.453
     3.288
     3.661
     3.294
     3.453
     3.391
     3.927
     2.949
     3.610
     3.699
     3.940
     3.639
     3.945
     3.052
     2.487
     3.672
     3.328
     3.150
     3.824
     3.491
     3.663
     3.468
     3.154
     2.710
     3.912
     3.225
     3.592
     3.498
     3.378
     3.054
     3.562
     3.395
     3.788
     3.919
     3.267
     4.164
     3.666
     2.930
     3.672
     2.999
     3.660
     3.240
     3.722
     3.193
     3.170
     3.683
     3.161
     3.283
     3.256
     3.197
     3.695
     3.650
     3.468
     3.619
     3.580
     3.131
     3.390
     3.175
     4.122
     3.245
     3.502
     3.042
     3.104
     3.542
     3.600
     2.061
     3.911
     3.103
     3.671
     3.937
     3.681
     2.988
     3.476
     3.601
     3.683
     3.140
     3.006
     4.054
     3.197
     3.219
     3.779
     3.655
     3.456
     3.897
     3.028
     3.617
     3.342
     3.520
     3.484
     3.907
     3.045
     2.963
     3.334
     3.793
     3.941
     3.431
     4.148
     3.668
     3.604
     3.271
     3.761
     3.085
     3.422
     2.663
     3.111
     3.886
     3.568
     3.238
     3.493
     3.628
     3.168
     3.376
     3.284
     3.778
     3.234
     3.612
     3.252
     3.840
     3.465
     3.812
     3.736
     3.189
     3.637
     3.393
     2.882
     2.956
     3.750
     3.330
     3.381
     3.590
     3.087
     3.392
     2.490
     3.265
     3.757
     3.432
     3.887
     3.711
     3.683
     4.145
     3.246
     3.877
     3.856
     3.881
     2.783
     2.654
     3.909
     2.860
     3.206
     3.270
     3.709
     3.654
     3.433
     3.370
     3.613
     3.550
     2.975
     4.063
     3.455
     3.251
     3.537
     3.839
     3.669
     3.301
     3.017
     3.940
     2.970
     3.288
     4.017
     3.183
     3.186
     3.549
     3.374
     3.267
     3.902
     3.560
     3.780
     3.028
     3.329
     3.520
     3.661
     3.653
     3.651
     3.663
     3.364
     2.623
     4.216
     3.726
     4.168
     2.910
     2.407
     3.465
     3.418
     3.041
     3.664
     2.845
     3.065
     3.232
     3.938
     3.222
     3.609
     3.179
     3.260
     3.019
     3.459
     3.604
     3.248
     3.616
     3.039
     3.703
     3.161
     3.690
     3.855
     3.563
     3.500
     3.424
     3.334
     3.272
     2.975
     3.605
     3.466
     3.608
     3.175
     2.955
     3.279
     3.765
     3.542
     3.560
     3.250
     3.761
     3.168
     3.249
     3.573
     2.362
     3.357
     3.673
     3.598
     3.070
     3.226
     3.247
     3.516
     3.101
     3.288
     3.624
     3.212
     3.344
     2.918
     3.320
     3.750
     4.132
     3.497
     3.367
     3.120
     3.353
     3.861
     3.844
     3.777
     3.893
     3.444
     3.474
     3.703
     3.528
     3.779
     4.129
     3.804
     3.454
     3.870
     3.757
     3.673
     3.523
     3.458
     3.473
     3.672
     3.081
     3.000
     3.643
     3.518
     3.118
     2.518
     3.617
     3.129
     3.925
     3.649
     3.294
     3.427
     3.977
     3.258
     3.777
     3.621
     3.056
     3.368
     3.292
     3.248
     3.611
     3.606
     3.614
     3.724
     3.176
     2.901
     3.669
     3.628
     3.308
     3.450
     3.371
     3.366
     3.475
     3.094
     3.623
     3.821
     3.646
     3.625
     3.433
     2.739
     3.621
     3.471
     3.186
     3.896
     3.474
     3.252
     3.945
     3.327
     3.644
     3.141
     3.793
     3.676
     3.845
     3.027
     3.213
     4.082
     3.328
     3.117
     3.567
     3.463
     3.377
     3.506
     3.495
     4.146
     3.298
     3.510
     2.873
     3.264
     3.239
     3.351
     3.142
     3.351
     3.759
     1.953
     3.443
     3.737
     2.781
     3.078
     3.698
     3.476
     3.585
     3.684
     3.437
     3.759
     3.869
     3.785
     3.186
     3.227
     3.371
     3.090
     3.249
     3.460
     4.051
     3.360
     3.574
     3.797
     3.642
     3.193
     4.217
     3.603
     3.793
     3.198
     3.123
     3.388
     3.231
     3.195
     4.045
     2.839
     3.443
     3.340
     3.663
     3.587
     2.964
     4.063
     3.350
     3.114
     3.009
     3.395
     3.595
     2.813
     3.119
     3.980
     3.648
     3.198
     3.674
     3.013
     3.170
     3.749
     3.736
     3.194
     3.933
     3.671
     3.893
     3.844
     2.721
     3.769
     2.774
     3.174
     3.433
     3.375
     3.542
     3.760
     3.081
     3.405
     3.318
     2.653
     3.829
     3.273
     3.642
     3.801
     3.030
     3.580
     3.132
     2.934
     3.582
     3.526
     3.165
     3.575
     3.938
     3.360
     4.108
     3.573
     3.668
     3.365
     3.452
     3.694
     3.402
     3.682
     3.887
     3.698
     3.971
     3.660
     3.570
     3.708
     3.539
     2.472
     3.054
     2.880
     3.636
     3.554
     3.640
     3.047
     2.974
     3.672
     3.403
     3.272
     3.571
     3.192
     3.349
     3.122
     4.202
     3.056
     3.624
     3.366
     3.069
     3.458
     3.872
     2.789
     3.728
     2.645
     3.717
     4.015
     3.661
     3.033
     3.483
     3.466
     3.226
     3.143
     3.705
     3.511
     3.589
     2.893
     2.673
     3.200
     3.371
     3.731
     2.994
     3.527
     3.249
     3.685
     3.308
     2.811
     3.592
     3.556
     3.457
     3.828
     3.871
     2.783
     3.558
     3.609
     3.722
     3.180
     3.615
     3.733
     3.964
     3.879
     3.887
     3.020
     3.848
     3.860
     3.758
     3.460
     3.450
     4.006
     3.201
     2.828
     3.202
     3.415
     2.846
     3.542
     3.430
     2.018
     3.280
     3.539
     3.954
     3.876
     3.828
     3.612
     2.601
     3.928
     3.902
     2.936
     3.677
     3.574
     3.901
     3.710
     3.680
     3.214
     3.434
     3.438
     3.872
     3.403
     3.183
     3.267
     3.197
     3.324
     3.466
     4.027
     3.785
     3.048
     3.445
     3.597
     3.651
     3.396
     3.290
     2.335
     3.161
     3.478
     3.714
     3.352
     3.677
     3.124
     3.965
     3.139
     3.661
     3.297
     3.276
     2.821
     3.289
     3.221
     4.020
     2.400
     3.807
     3.977
     3.913
     2.989
     3.475
     3.890
     3.622
     3.336
     3.325
     3.734
     3.501
     3.815
     3.235
     3.743
     3.761
     3.630
     3.646
     3.168
     4.008
     2.972
     3.231
     3.675
     3.742
     3.024
     3.417
     2.666
     3.077
     3.875
     3.614
     3.243
     3.326
     3.087
     3.410
     3.264
     3.055
     3.219
     3.278
     3.977
     3.099
     3.693
     3.555
     2.536
     2.717
     2.321
     3.673
     3.746
     3.451
     3.209
     3.133
     2.759
     3.405
     3.697
     3.479
     4.128
     3.734
     2.525
     3.605
     3.734
     3.638
     3.736
     3.569
     3.868
     3.824
     3.753
     3.467
     3.536
     2.829
     2.944
     3.818
     3.747
     3.008
     2.940
     3.682
     3.866
     3.588
     3.886
     4.104
     3.548
     3.559
     3.485
     3.237
     3.183
     3.276
     3.672
     3.820
     3.758
     3.689
     2.709
     3.177
     2.723
     3.260
     3.936
     3.500
     3.857
     3.218
     2.653
     3.386
     3.508
     3.298
     3.282
     3.682
     3.081
     3.512
     2.926
     3.248
     3.267
     3.205
     3.099
     3.289
     4.148
     3.255
     3.851
     4.132
     3.609
     3.970
     3.578
     3.064
     4.003
     3.468
     3.099
     3.650
     3.242
     3.149
     3.948
     3.240
     3.140
     3.759
     3.428
     3.281
     3.457
     3.051
     3.305
     3.292
     3.644
     3.683
     3.189
     3.883
     3.774
     3.650
     3.771
     2.854
     3.434
     3.634
     2.663
     3.501
     3.698
     3.604
     4.037
     3.798
     3.378
     3.115
     4.103
     3.582
     3.822
     3.819
     3.291
     3.443
     3.423
     3.512
     3.241
     3.667
     3.327
     3.340
     3.535
     3.406
     3.238
     3.601
     3.212
     3.913
     3.754
     3.249
     3.636
     3.717
     3.740
     3.628
     3.809
     3.894
     3.293
     3.185
     4.159
     3.030
     3.972
     2.962
     4.182
     3.552
     3.558
     3.595
     3.495
     3.892
     2.810
     4.147
     2.671
     3.606
     3.534
     3.228
     3.796
     3.373
     3.755
     3.567
     3.676
     3.584
     3.161
     3.964
     3.458
     3.583
     2.925
     4.128
     3.836
     3.866
     3.126
     3.115
     3.812
     3.674
     3.344
     3.349
     3.702
     3.545
     3.521
     3.812
     3.511
     3.566
     3.595
     3.443
     3.110
     3.689
     2.288
     3.819
     3.054
     3.102
     3.609
     3.344
     2.719
     3.394
     3.916
     3.740
     3.412
     3.122
     4.045
     2.734
     3.472
     4.099
     3.258
     3.626
     3.255
     2.400
     3.792
     3.559
     3.416
     3.786
     3.141
     3.804
     3.534
     3.425
     3.387
     3.882
     3.451
     3.392
     2.942
     3.268
     3.832
     2.839
     4.087
     3.528
     3.952
     3.860
     3.682
     2.381
     4.097
     4.222
     3.658
     4.193
     3.241
     3.591
     3.588
     3.937
     3.542
     3.351
     3.551
     3.218
     3.341
     3.795
     3.819
     3.558
     3.517
     3.454
     3.500
     2.997
     2.980
     3.440
     3.370
     3.315
     3.327
     3.462
     2.888
     3.824
     3.496
     3.053
     3.000
     2.507
     3.401
     2.962
     2.837
     3.545
     3.443
     3.032
     3.795
     4.170
     3.007
     3.718
     3.647
     3.370
     3.935
     3.215
     3.259
     3.733
     3.664
     2.825
     3.619
     3.745
     2.852
     2.620
     3.391
     3.850
     3.202
     3.685
     3.491
     3.712
     3.296
     2.973
     3.572
     4.062
     2.442
     3.224
     2.885
     3.678
     3.547
     3.882
     3.919
     3.669
     3.493
     4.012
     3.712
     3.481
     3.416
     3.104
     3.687
     3.647
     3.659
     3.091
     3.991
     2.707
     3.410
     3.109
     3.653
     3.636
     3.817
     3.750
     4.084
     3.766
     2.898
     3.430
     3.291
     3.862
     3.934
     3.029
     3.095
     3.498
     4.223
     3.952
     3.618
     3.073
     3.143
     2.675
     3.720
     3.227
     3.752
     3.300
     3.433
     3.175
     3.645
     3.287
     3.275
     3.577
     3.367
     3.427
     3.662
     4.101
     3.427
     3.278
     3.238
     3.714
     3.704
     3.211
     3.600
     2.862
     3.659
     3.311
     4.240
     3.707
     2.978
     2.886
     3.906
     3.357
     3.069
     3.929
     3.456
     3.482
     3.117
     3.160
     4.034
     3.199
     3.221
     3.469
     3.041
     3.710
     3.776
     3.597
     2.587
     3.508
     4.021
     3.707
     2.722
     2.800
     3.187
     3.884
     3.158
     4.015
     3.221
     3.649
     3.077
     3.831
     4.231
     3.337
     3.563
     3.448
     3.768
     3.161
     3.586
     3.739
     3.643
     3.791
     3.567
     3.680
     3.372
     2.957
     3.647
     3.938
     3.029
     3.751
     3.882
     3.613
     3.402
     3.093
     3.507
     3.407
     3.015
     3.211
     3.666
     2.761
     3.947
     3.457
     2.918
     3.324
     2.854
     3.060
     3.606
     3.658
     3.796
     3.496
     3.450
     3.577
     3.855
     3.712
     3.900
     3.802
     3.554
     3.871
     3.691
     3.976
     3.073
     3.751
     3.547
     3.645
     3.951
     3.931
     3.677
     3.558
     3.211
     3.377
     3.963
     3.047
     3.348
     3.768
     3.207
     3.945
     3.991
     3.988
     3.575
     3.849
     3.878
     3.085
     3.657
     3.885
     3.414
     3.556
     3.740
     3.678
     2.698
     3.609
     2.806
     4.131
     4.125
     3.501
     3.006
     2.688
     3.314
     3.307
     3.755
     4.022
     4.045
     3.891
     3.642
     3.947
     2.662
     3.850
     3.608
     3.241
     3.307
     3.467
     3.571
     3.557
     3.915
     3.220
     3.535
     3.211
     3.598
     3.661
     3.675
     2.995
     3.563
     3.800
     3.060
     3.458
     3.752
     3.136
     3.309
     3.462
     3.117
     3.556
     3.298
     3.612
     3.194
     3.293
     3.577
     3.295
     3.342
     3.252
     3.786
     3.178
     3.661
     2.401
     3.859
     3.713
     3.484
     2.914
     3.838
     3.257
     3.572
     3.080
     3.785
     3.716
     3.158
     3.247
     3.663
     3.698
     3.772
     3.577
     2.745
     3.282
     3.597
     3.052
     3.026
     3.535
     3.537
     3.200
     3.659
     3.225
     3.893
     2.746
     3.422
     3.587
     3.828
     3.683
     2.830
     3.119
     3.605
     3.231
     3.301
     3.243
     3.558
     3.635
     3.914
     3.204
     3.776
     2.922
     3.263
     3.118
     3.222
     3.081
     3.150
     3.178
     3.616
     3.235
     2.811
     3.673
     3.476
     3.458
     2.796
     3.182
     3.765
     2.972
     4.213
     3.738
     3.084
     3.120
     3.128
     3.948
     3.755
     3.292
     2.690
     3.908
     2.857
     3.537
     3.421
     3.145
     3.860
     3.671
     3.357
     3.639
     3.345
     3.193
     3.313
     3.918
     2.821
     4.055
     2.433
     3.084
     2.887
     3.423
     3.518
     3.548
     3.487
     3.668
     3.942
     3.285
     3.274
     3.934
     2.913
     3.172
     3.259
     3.263
     3.882
     3.332
     3.259
     3.170
     3.387
     3.530
     3.340
     3.532
     3.014
     3.388
     3.845
     3.869
     3.517
     3.226
     3.523
     3.952
     3.643
     3.191
     3.348
     3.671
     3.004
     3.778
     3.170
     3.032
     3.376
     3.046
     3.692
     3.590
     3.854
     3.397
     2.288
     3.704
     2.943
     3.285
     3.250
     3.803
     3.245
     3.128
     3.206
     3.492
     3.491
     3.800
     4.078
     3.796
     3.277
     3.812
     3.383
     2.768
     3.001
     3.605
     3.153
     2.931
     3.299
     3.377
     3.218
     3.280
     3.582
     3.614
     3.145
     3.645
     3.342
     3.769
     3.572
     3.802
     3.753
     3.553
     3.662
     3.144
     3.189
     3.694
     3.131
     4.146
     4.037
     3.293
     3.647
     3.781
     3.776
     3.156
     3.437
     3.751
     3.470
     3.959
     3.573
     3.626
     3.536
     3.719
     3.382
     3.601
     3.779
     3.304
     3.178
     4.229
     2.745
     3.145
     3.273
     3.274
     3.503
     3.572
     3.289
     3.913
     3.905
     3.712
     3.013
     3.646
     3.667
     3.649
     3.777
     3.630
     3.529
     3.643
     2.704
     3.327
     3.440
     3.939
     3.533
     3.532
     4.200
     3.684
     3.520
     3.068
     3.176
     3.591
     3.878
     3.467
     2.430
     3.649
     3.792
     3.928
     3.914
     2.925
     3.881
     3.614
     3.934
     3.782
     3.917
     3.680
     3.136
     3.583
     3.105
     3.599
     3.494
     3.683
     3.784
     3.316
     3.100
     2.965
     3.037
     3.776
     2.598
     2.922
     3.476
     3.713
     3.743
     3.188
     3.258
     3.987
     3.308
     3.671
     3.931
     3.016
     3.636
     3.850
     3.331
     2.977
     3.937
     3.173
     3.651
     3.292
     3.335
     4.100
     3.324
     3.695
     3.533
     3.445
     2.864
     3.517
     4.230
     3.700
     3.754
     3.576
     3.215
     2.663
     4.062
     3.893
     3.233
     3.226
     3.598
     2.729
     3.718
     3.507
     2.901
     3.167
     3.810
     3.067
     3.642
     3.573
     3.779
     3.329
     3.066
     3.553
     3.232
     3.991
     2.856
     3.072
     3.694
     3.808
     4.063
     4.036
     3.262
     3.486
     3.373
     3.370
     4.063
     3.776
     3.160
     3.646
     3.124
     3.671
     3.653
     3.609
     3.564
     3.530
     2.942
     4.097
     3.560
     3.384
     3.638
     3.697
     3.533
     3.626
     3.630
     3.768
     2.974
     3.903
     3.884
     3.532
     3.689
     3.592
     3.632
     3.972
     3.596
     3.500
     3.559
     3.433
     3.179
     3.260
     3.551
     3.132
     3.394
     4.004
     3.386
     3.587
     3.551
     3.669
     3.235
     3.050
     2.999
     3.367
     2.772
     3.683
     3.752
     3.804
     3.843
     2.876
     2.907
     4.013
     3.797
     3.215
     3.130
     3.415
     3.916
     3.575
     3.452
     2.705
     3.401
     3.590
     3.384
     3.312
     3.164
     3.500
     3.444
     3.522
     3.075
     3.769
     3.649
     2.720
     3.725
     3.744
     3.587
     3.330
     3.329
     2.846
     3.792
     3.116
     2.958
     3.308
     3.289
     3.173
     3.904
     3.585
     3.690
     2.702
     3.346
     2.712
     3.657
     3.427
     2.897
     3.829
     3.218
     3.261
     4.164
     3.379
     3.160
     4.162
     3.543
     3.139
     3.425
     3.724
     3.905
     3.364
     3.369
     3.235
     3.331
     3.328
     3.622
     3.579
     3.582
     2.922
     3.245
     4.006
     3.203
     3.547
     3.739
     3.453
     3.903
     3.431
     4.171
     3.839
     3.608
     3.583
     3.667
     3.351
     4.217
     3.804
     3.462
     3.489
     3.981
     3.426
     3.894
     3.425
     3.600
     3.186
     4.069
     3.260
     4.088
     3.672
     4.182
     3.168
     3.508
     3.304
     2.980
     3.162
     3.933
     3.200
     2.594
     3.611
     3.156
     3.241
     3.072
     3.188
     2.787
     3.854
     3.208
     3.110
     3.874
     3.705
     3.268
     3.077
     3.204
     3.910
     3.247
     3.798
     3.631
     3.146
     3.498
     3.204
     3.784
     3.430
     3.215
     2.371
     3.914
     4.145
     3.498
     3.760
     3.657
     3.834
     3.734
     3.911
     3.527
     3.931
     3.094
     3.102
     3.914
     3.103
     2.943
     3.033
     3.292
     3.170
     2.969
     3.393
     3.416
     3.682
     3.093
     3.507
     3.377
     3.551
     3.284
     2.686
     3.904
     3.562
     3.558
     3.151
     3.560
     3.573
     3.551
     3.703
     3.420
     3.675
     3.630
     3.249
     2.872
     3.484
     3.196
     3.579
     3.793
     4.033
     3.945
     4.019
     3.798
     3.252
     3.843
     2.313
     3.837
     3.741
     3.833
     3.768
     2.806
     3.715
     3.339
     3.087
     4.071
     3.183
     3.088
     3.844
     3.222
     3.515
     3.278
     3.291
     3.911
     3.339
     3.588
     3.810
     3.618
     3.179
     2.968
     3.613
     2.766
     3.414
     3.496
     3.482
     3.760
     2.937
     3.190
     3.644
     3.658
     3.626
     3.076
     3.649
     2.889
     3.735
     3.151
     3.158
     3.665
     3.442
     2.806
     3.272
     3.066
     3.072
     3.041
     4.041
     3.473
     3.375
     3.120
     3.640
     3.600
     3.949
     3.882
     2.745
     2.983
     3.111
     3.348
     3.181
     2.291
     3.192
     4.076
     3.933
     3.223
     3.655
     3.196
     3.821
     3.679
     3.452
     3.422
     3.283
     3.417
     3.613
     3.330
     3.527
     3.750
     4.133
     3.500
     3.644
     3.522
     3.276
     3.661
     3.575
     3.101
     3.603
     2.837
     4.009
     3.648
     3.382
     3.260
     3.490
     3.331
     3.362
     3.729
     3.659
     3.115
     3.212
     3.529
     3.790
     3.814
     3.286
     3.820
     3.704
     3.588
     3.692
     3.245
     3.448
     3.605
     3.998
     4.131
     3.725
     3.553
     3.823
     3.556
     3.753
     3.918
     3.294
     3.474
     2.928
     3.327
     2.340
     3.499
     3.638
     3.369
     3.088
     3.487
     3.324
     3.628
     3.205
     3.544
     3.156
     3.044
     3.019
     2.939
     3.788
     3.035
     3.579
     3.837
     3.760
     4.002
     3.407
     3.931
     3.207
     2.304
     3.340
     3.637
     3.648
     3.852
     3.613
     3.288
     3.442
     3.085
     3.750
     3.278
     3.015
     3.875
     3.588
     3.660
     3.556
     3.571
     3.382
     4.009
     4.232
     3.141
     3.008
     3.144
     3.595
     3.754
     2.610
     2.944
     4.254
     3.238
     3.644
     2.915
     3.534
     3.515
     3.751
     3.367
     3.579
     4.156
     3.131
     3.151
     3.461
     2.898
     3.319
     4.031
     3.813
     3.920
     4.083
     3.824
     3.220
     2.868
     2.713
     3.912
     3.902
     3.236
     3.769
     2.858
     3.741
     3.135
     3.227
     2.915
     3.115
     2.984
     3.589
     3.518
     3.185
     2.771
     3.251
     3.599
     3.022
     3.695
     3.380
     3.645
     3.170
     3.820
     3.738
     3.924
     3.762
     3.221
     4.053
     3.805
     3.260
     3.593
     3.854
     3.534
     3.346
     4.042
     3.021
     3.741
     3.812
     3.113
     3.457
     3.421
     3.516
     3.760
     3.626
     3.665
     3.837
     3.377
     2.952
     2.749
     3.798
     3.955
     3.095
     3.232
     3.835
     3.545
     3.877
     3.193
     3.679
     3.227
     3.516
     3.405
     3.665
     3.578
     3.831
     3.443
     3.581
     3.188
     3.741
     3.593
     3.570
     3.247
     3.638
     2.452
     3.555
     3.656
     2.740
     3.230
     3.452
     3.340
     3.851
     3.537
     3.808
     3.637
     3.674
     3.749
     3.362
     3.930
     3.477
     3.953
     3.148
     3.691
     3.749
     3.792
     3.293
     3.479
     3.294
     3.127
     3.718
     2.381
     3.960
     3.983
     3.286
     3.108
     3.569
     3.129
     3.393
     3.335
     3.576
     3.341
     3.324
     3.689
     3.728
     3.909
     3.293
     2.870
     3.016
     3.679
     3.912
     4.110
     3.386
     3.116
     3.825
     3.284
     3.163
     3.774
     4.203
     2.843
     3.649
     3.664
     3.678
     3.419
     3.602
     3.538
     4.108
     2.877
     3.521
     4.166
     3.535
     3.412
     3.525
     3.161
     3.140
     3.175
     3.799
     3.575
     3.099
     4.097
     2.822
     2.294
     3.589
     2.787
     3.688
     3.824
     3.755
     3.154
     3.644
     3.431
     3.067
     3.136
     3.684
     3.607
     3.639
     3.224
     3.058
     3.177
     3.613
     4.009
     3.688
     3.698
     3.693
     3.755
     3.594
     3.940
     3.905
     3.471
     3.332
     3.454
     3.311
     3.475
     3.254
     3.427
     3.554
     2.979
     3.888
     2.807
     3.262
     3.276
     3.866
     3.933
     3.312
     3.866
     3.413
     3.905
     3.464
     2.854
     3.616
     3.523
     3.709
     3.039
     3.702
     2.915
     3.128
     3.963
     3.427
     3.747
     3.427
     3.250
     4.067
     3.845
     3.629
     3.564
     3.452
     3.064
     3.417
     3.122
     3.757
     3.549
     3.766
     4.042
     2.836
     2.965
     3.637
     4.185
     4.054
     4.109
     4.069
     3.585
     2.835
     3.591
     4.007
     3.972
     3.659
     3.916
     3.289
     2.992
     3.799
     2.959
     3.714
     4.184
     3.147
     3.015
     3.551
     3.749
     3.422
     3.043
     2.844
     3.632
     3.737
     3.064
     3.735
     3.773
     3.298
     3.840
     4.168
     3.893
     3.872
     4.023
     3.834
     3.266
     3.279
     2.745
     3.425
     2.908
     3.056
     3.088
     3.152
     3.627
     3.882
     3.808
     3.559
     3.554
     2.984
     3.580
     3.534
     3.546
     3.229
     2.666
     3.665
     3.363
     3.678
     2.938
     3.101
     2.858
     3.246
     3.089
     3.302
     3.730
     3.574
     3.039
     3.759
     3.022
     3.215
     3.599
     3.860
     3.593
     3.523
     3.278
     3.232
     3.609
     3.294
     3.667
     3.353
     3.894
     2.962
     3.352
     3.975
     3.260
     2.996
     3.680
     3.565
     3.697
     3.185
     3.805
     3.630
     3.214
     3.858
     3.870
     3.553
     3.742
     3.793
     3.821
     3.260
     3.883
     3.648
     3.345
     3.465
     3.643
     3.395
     3.627
     3.054
     4.040
     3.611
     3.294
     3.792
     3.941
     3.753
     2.778
     3.941
     3.152
     3.548
     3.647
     3.559
     3.502
     3.460
     3.902
     3.249
     3.558
     3.190
     3.191
     3.178
     3.369
     3.567
     3.537
     3.413
     3.489
     3.490
     2.906
     2.471
     4.146
     3.218
     3.709
     3.954
     3.005
     3.455
     3.720
     3.167
     3.438
     3.942
     3.705
     2.790
     3.295
     3.513
     2.709
     4.163
     3.327
     3.679
     3.800
     4.158
     3.522
     3.230
     3.565
     2.856
     3.414
     3.910
     3.741
     3.472
     3.822
     3.261
     3.668
     3.263
     2.908
     3.883
     3.616
     3.683
     3.717
     3.584
     3.218
     3.316
     3.488
     3.207
     3.665
     2.927
     3.057
     3.877
     3.737
     3.396
     3.959
     3.462
     3.821
     3.609
     3.046
     3.591
     3.305
     3.922
     3.431
     3.743
     3.538
     2.548
     3.618
     3.085
     3.316
     3.800
     4.203
     3.912
     2.955
     4.089
     2.934
     3.967
     2.843
     4.116
     3.619
     3.378
     3.894
     3.105
     3.587
     3.457
     2.882
     4.185
     3.797
     3.253
     3.437
     3.849
     3.253
     4.065
     3.086
     3.465
     3.750
     3.428
     3.096
     3.661
     3.377
     3.394
     3.080
     2.795
     3.657
     3.620
     3.658
     3.403
     3.224
     3.103
     3.152
     3.104
     3.491
     3.493
     3.661
     3.213
     3.729
     2.971
     3.041
     3.740
     3.179
     2.506
     3.140
     2.798
     3.198
     3.610
     3.687
     3.685
     3.157
     3.312
     2.666
     3.166
     3.825
     3.217
     3.104
     3.570
     3.610
     3.912
     3.615
     3.488
     3.086
     3.976
     3.464
     3.031
     3.671
     3.362
     3.347
     3.265
     2.938
     3.414
     3.588
     3.315
     2.418
     3.514
     3.336
     3.175
     3.677
     3.449
     3.863
     3.820
     3.747
     3.603
     3.602
     3.779
     3.739
     3.774
     3.310
     3.567
     3.944
     3.489
     3.248
     3.481
     3.545
     2.991
     3.312
     3.820
     3.350
     3.355
     3.567
     3.948
     3.085
     2.919
     3.985
     3.895
     2.920
     3.568
     3.646
     3.268
     3.687
     4.020
     3.392
     3.672
     3.627
     3.781
     3.305
     3.551
     3.329
     3.282
     3.940
     3.634
     3.302
     2.815
     3.195
     3.675
     3.687
     3.763
     3.092
     3.248
     3.607
     3.901
     3.569
     3.262
     2.519
     3.888
     3.526
     3.570
     3.244
     3.449
     3.354
     3.592
     3.772
     3.264
     4.027
     4.181
     3.829
     2.985
     3.029
     3.483
     3.755
     3.307
     2.095
     3.787
     2.134
     3.271
     3.267
     3.035
     3.496
     3.352
     3.594
     3.383
     3.087
     3.708
     3.274
     2.595
     3.251
     2.143
     3.926
     3.723
     3.835
     3.558
     3.152
     3.275
     4.006
     3.530
     4.063
     3.277
     3.767
     3.640
     3.247
     3.349
     4.119
     3.934
     3.639
     3.945
     3.410
     3.851
     3.203
     2.480
     3.256
     4.074
     3.258
     3.039
     3.979
     3.419
     3.399
     3.436
     3.444
     3.496
     3.489
     2.729
     3.765
     3.852
     3.266
     3.661
     3.611
     3.561
     3.682
     3.953
     3.511
     2.772
     3.298
     3.649
     3.564
     2.971
     3.242
     3.269
     3.619
     3.435
     3.707
     3.033
     3.026
     3.198
     3.456
     2.644
     3.312
     3.362
     3.301
     3.345
     3.699
     3.432
     2.733
     3.511
     3.391
     3.941
     3.091
     3.600
     3.401
     3.222
     3.165
     3.461
     3.764
     3.546
     3.251
     2.799
     2.870
     2.873
     2.812
     3.671
     3.257
     3.695
     3.724
     3.529
     3.175
     3.301
     3.571
     3.185
     3.730
     3.463
     3.470
     3.822
     3.217
     3.365
     3.148
     4.000
     3.420
     3.596
     3.270
     3.229
     3.181
     3.520
     3.373
     3.920
     3.649
     3.651
     3.711
     3.248
     2.671
     3.597
     3.370
     3.265
     3.817
     3.674
     3.589
     3.649
     3.528
     3.024
     3.421
     3.125
     3.246
     3.384
     3.708
     2.923
     3.630
     3.419
     3.368
     2.868
     2.934
     3.023
     4.176
     3.044
     3.184
     3.093
     3.481
     4.084
     3.267
     3.121
     2.860
     3.224
     3.776
     4.054
     3.548
     3.537
     3.124
     3.956
     3.339
     3.842
     3.254
     3.360
     3.567
     3.271
     3.608
     3.490
     3.373
     3.253
     3.006
     4.025
     3.735
     3.184
     3.554
     3.014
     2.984
     3.416
     3.515
     3.770
     3.698
     3.088
     3.402
     2.972
     3.576
     3.145
     2.617
     3.095
     3.729
     3.792
     3.589
     3.740
     2.899
     3.641
     2.835
     2.544
     3.215
     2.707
     3.848
     3.399
     3.850
     3.950
     3.394
     3.457
     3.079
     3.582
     3.660
     3.859
     3.046
     3.538
     3.538
     3.297
     3.122
     3.378
     3.222
     3.867
     3.169
     2.578
     4.146
     3.540
     3.654
     3.240
     3.585
     3.605
     3.370
     3.663
     3.769
     3.632
     3.751
     3.313
     3.220
     2.624
     2.960
     3.118
     3.616
     3.491
     3.471
     3.517
     4.053
     3.500
     3.226
     3.104
     3.230
     3.317
     3.832
     3.124
     3.331
     1.670
     3.333
     3.327
     3.649
     3.111
     3.188
     3.924
     4.121
     3.739
     3.319
     3.445
     3.665
     3.612
     3.384
     3.306
     3.878
     3.488
     3.766
     2.925
     3.330
     3.811
     3.671
     3.229
     4.019
     3.773
     4.049
     3.365
     3.407
     3.625
     3.462
     3.155
     3.261
     3.046
     3.203
     3.320
     3.776
     3.767
     3.317
     2.986
     3.227
     2.971
     3.611
     3.456
     3.312
     3.705
     3.270
     3.522
     3.529
     3.000
     2.682
     3.653
     3.153
     3.479
     3.570
     3.076
     3.696
     3.398
     3.396
     3.179
     3.202
     3.318
     3.909
     3.301
     4.231
     4.081
     2.870
     3.019
     3.270
     3.592
     3.189
     4.062
     3.121
     3.616
     3.101
     3.633
     3.440
     4.156
     3.319
     3.594
     3.632
     3.158
     3.438
     3.725
     3.476
     3.449
     3.558
     3.194
     3.213
     3.277
     3.186
     3.692
     3.100
     3.960
     4.149
     3.114
     3.145
     3.709
     2.797
     3.807
     3.587
     3.611
     3.833
     2.851
     3.195
     3.559
     3.413
     3.683
     3.667
     3.446
     3.471
     3.600
     3.229
     3.692
     3.079
     3.558
     3.607
     4.148
     3.472
     3.720
     3.649
     3.388
     3.670
     3.588
     3.278
     3.775
     3.990
     3.215
     3.098
     3.473
     3.261
     3.211
     3.350
     4.206
     3.500
     3.841
     3.617
     3.204
     2.900
     3.575
     3.668
     3.687
     3.623
     3.191
     3.685
     3.393
     3.665
     3.230
     3.531
     2.646
     3.936
     3.281
     2.993
     3.410
     3.791
     3.073
     3.677
     2.891
     3.790
     3.443
     3.007
     3.031
     3.009
     3.603
     4.183
     2.472
     3.788
     3.604
     3.615
     3.603
     3.285
     4.172
     3.531
     3.269
     3.296
     3.213
     3.888
     3.848
     3.207
     3.673
     3.974
     4.071
     3.499
     3.644
     2.833
     3.353
     3.225
     3.270
     2.919
     3.361
     3.294
     3.317
     3.747
     3.424
     3.293
     3.526
     3.651
     4.065
     3.216
     3.093
     3.967
     3.246
     3.920
     3.617
     2.839
     2.938
     3.353
     3.213
     3.809
     3.581
     3.644
     2.894
     3.719
     3.919
     3.435
     3.967
     3.374
     3.505
     3.659
     3.450
     2.989
     2.930
     3.624
     3.434
     3.773
     2.925
     3.040
     3.205
     3.243
