     2.965
     3.029
     2.928
     2.878
     2.816
     2.734
     2.601
     2.499
     2.474
     2.477
     2.492
     2.563
     2.660
     2.718
     2.762
     2.801
     2.824
     2.845
     2.860
     2.873
     2.883
     2.893
     2.904
     2.910
     2.918
     2.920
     2.928
     2.957
     2.993
     3.015
     3.062
     3.093
     3.103
     3.090
     3.114
     3.116
     3.113
     3.114
     3.138
     3.169
     3.295
     3.355
     3.419
     3.482
     3.539
     3.616
     3.648
     3.659
     3.650
     3.617
     3.570
     3.515
     3.486
     3.439
     3.409
     3.363
     3.318
     3.274
     3.225
     3.184
     3.140
     3.111
     3.123
     3.156
     3.168
     3.189
     3.217
     3.239
     3.250
     3.246
     3.242
     3.248
     3.261
     3.267
     3.268
     3.295
     3.318
     3.341
     3.384
     3.425
     3.469
     3.495
     3.488
     3.498
     3.505
     3.492
     3.564
     3.639
     3.785
     3.899
     3.954
     3.955
     3.930
     3.879
     3.804
     3.745
     3.683
     3.620
     3.535
     3.425
     3.168
     2.946
     2.695
     2.592
     2.564
     2.592
     2.660
     2.830
     2.927
     3.046
     3.163
     3.288
     3.338
     3.326
     3.315
     3.323
     3.290
     3.284
     3.199
     3.175
     3.131
     3.092
     3.065
     3.030
     2.993
     2.906
     2.800
     2.692
     2.576
     2.509
     2.595
     2.791
     2.895
     2.916
     2.933
     2.924
     2.913
     2.953
     3.101
     3.145
     3.142
     3.134
     3.193
     3.255
     3.314
     3.382
     3.450
     3.478
     3.468
     3.437
     3.409
     3.353
     3.303
     3.221
     3.154
     3.148
     3.178
     3.215
     3.288
     3.347
     3.370
     3.336
     3.247
     3.122
     2.884
     2.731
     2.601
     2.588
     2.592
     2.606
     2.606
     2.649
     2.706
     2.769
     2.838
     2.895
     3.004
     3.031
     3.045
     3.104
     3.155
     3.249
     3.311
     3.393
     3.465
     3.491
     3.489
     3.478
     3.464
     3.469
     3.450
     3.436
     3.418
     3.393
     3.367
     3.323
     3.301
     3.281
     3.271
     3.250
     3.199
     3.152
     3.101
     3.065
     3.050
     3.010
     2.934
     2.809
     2.805
     2.979
     3.135
     3.232
     3.306
     3.382
     3.498
     3.606
     3.649
     3.662
     3.642
     3.610
     3.544
     3.390
     3.209
     2.902
     2.778
     3.011
     3.152
     3.312
     3.440
     3.545
     3.629
     3.705
     3.720
     3.723
     3.715
     3.695
     3.622
     3.552
     3.459
     3.292
     3.083
     2.922
     3.035
     3.278
     3.360
     3.371
     3.350
     3.355
     3.365
     3.386
     3.419
     3.442
     3.446
     3.426
     3.381
     3.341
     3.283
     3.186
     3.073
     2.980
     2.908
     2.884
     2.876
     2.861
     2.860
     2.855
     2.879
     2.922
     2.953
     2.956
     2.990
     3.008
     3.008
     2.993
     3.912
     2.962
     3.225
     3.335
     3.603
     3.383
     3.426
     3.013
     2.737
     3.315
     3.452
     3.835
     3.810
     3.214
     3.344
     3.464
     3.602
     3.400
     3.135
     3.061
     2.726
     3.260
     3.702
     2.981
     3.356
     3.427
     3.575
     2.912
     3.600
     3.397
     3.690
     3.544
     2.795
     2.893
     3.127
     2.577
     2.996
     3.097
     3.072
     3.436
     2.987
     2.444
     2.809
     2.997
     3.491
     3.484
     3.560
     3.277
     3.393
     3.629
     3.278
     3.112
     3.463
     3.589
     3.398
     3.443
     3.491
     4.019
     3.278
     3.115
     3.334
     3.374
     3.749
     3.660
     3.746
     2.440
     3.435
     3.846
     3.502
     3.039
     3.623
     2.238
     3.322
     2.990
     3.164
     3.362
     3.175
     3.412
     2.896
     3.370
     2.720
     3.035
     2.758
     3.282
     3.705
     2.907
     3.084
     3.913
     3.650
     2.537
     2.649
     3.493
     2.735
     2.909
     3.148
     3.192
     2.919
     2.859
     3.444
     3.336
     3.224
     3.325
     2.496
     3.405
     2.933
     3.103
     3.407
     3.255
     3.052
     3.237
     3.155
     3.490
     2.773
     3.465
     3.287
     3.921
     2.917
     3.139
     3.402
     3.595
     3.660
     3.065
     3.348
     3.360
     3.272
     2.811
     3.410
     3.389
     3.145
     3.197
     3.455
     3.774
     3.452
     3.230
     3.412
     2.689
     3.918
     3.580
     3.212
     3.274
     2.848
     3.749
     3.584
     2.803
     3.170
     3.683
     3.269
     2.867
     3.064
     2.867
     3.342
     2.998
     2.564
     3.309
     3.704
     3.005
     3.217
     3.045
     3.292
     3.383
     3.182
     3.341
     3.164
     3.119
     2.873
     3.692
     3.176
     3.092
     3.046
     3.583
     3.630
     3.343
     3.196
     3.400
     3.158
     2.696
     3.292
     2.923
     2.976
     2.951
     3.996
     3.118
     3.313
     3.714
     3.490
     3.041
     2.977
     3.147
     2.872
     2.881
     3.739
     2.892
     3.504
     3.610
     3.441
     3.278
     3.257
     3.468
     2.998
     3.642
     3.852
     3.382
     3.443
     3.395
     3.090
     3.011
     3.268
     3.751
     3.543
     3.555
     3.315
     3.883
     3.479
     3.390
     3.456
     2.850
     2.989
     3.363
     3.428
     2.717
     3.461
     2.962
     2.945
     3.436
     3.704
     2.977
     3.156
     3.402
     2.735
     2.460
     3.515
     2.532
     3.181
     3.315
     3.450
     3.502
     3.055
     3.452
     2.241
     2.706
     3.713
     3.675
     3.042
     3.991
     3.146
     2.778
     3.622
     3.159
     3.358
     3.386
     2.915
     3.437
     3.048
     3.246
     3.082
     3.658
     2.881
     3.195
     2.924
     3.484
     3.745
     3.138
     2.621
     3.519
     3.420
     2.818
     3.581
     3.545
     2.931
     3.002
     3.519
     3.455
     3.207
     3.506
     2.956
     2.562
     3.867
     3.525
     3.340
     3.503
     3.801
     2.783
     3.435
     3.009
     2.655
     3.499
     3.848
     3.127
     3.355
     3.386
     3.465
     3.347
     3.064
     3.721
     3.277
     3.178
     3.293
     3.310
     3.432
     3.519
     3.928
     3.224
     3.031
     3.606
     3.318
     3.268
     3.779
     3.833
     2.979
     3.305
     3.160
     3.937
     2.906
     3.254
     2.833
     3.171
     3.230
     3.437
     3.434
     2.864
     3.298
     3.400
     2.827
     3.310
     3.955
     3.219
     2.613
     3.149
     3.262
     2.931
     3.198
     3.254
     3.657
     3.185
     2.835
     2.944
     3.444
     3.280
     3.219
     3.188
     2.817
     2.868
     3.060
     3.165
     3.448
     3.455
     3.086
     2.913
     3.098
     3.010
     3.348
     3.617
     3.383
     3.565
     3.375
     3.187
     3.368
     3.271
     2.602
     3.555
     2.955
     2.927
     3.464
     3.027
     3.044
     3.502
     2.639
     3.735
     2.973
     3.406
     3.197
     3.180
     3.023
     2.912
     3.305
     3.427
     3.298
     3.097
     2.589
     3.655
     3.011
     3.033
     2.846
     3.416
     3.658
     3.464
     3.248
     3.416
     3.403
     3.202
     3.424
     3.291
     3.449
     3.533
     3.355
     3.521
     2.183
     3.481
     3.101
     3.891
     2.739
     3.660
     2.994
     3.157
     3.561
     3.056
     2.489
     3.014
     3.027
     2.827
     3.478
     3.287
     3.183
     3.393
     3.372
     4.040
     3.247
     2.560
     2.707
     3.709
     3.427
     3.210
     3.157
     3.331
     2.999
     3.288
     3.363
     3.178
     3.828
     3.448
     3.485
     3.114
     3.412
     3.716
     3.168
     3.070
     2.905
     3.382
     3.581
     3.701
     3.008
     3.359
     3.441
     3.482
     3.046
     2.950
     3.291
     3.100
     3.304
     3.084
     2.744
     2.947
     3.398
     2.959
     3.354
     3.273
     2.970
     3.471
     3.698
     3.071
     4.000
     2.719
     3.031
     3.154
     2.902
     3.082
     3.468
     3.568
     3.497
     3.443
     3.148
     2.802
     3.923
     3.470
     3.460
     3.061
     3.518
     3.537
     2.817
     2.952
     3.728
     2.485
     3.524
     3.652
     3.374
     2.885
     3.044
     3.461
     3.138
     3.372
     3.609
     3.478
     3.256
     3.218
     3.574
     3.065
     2.774
     2.940
     3.068
     3.409
     3.535
     3.593
     3.303
     3.133
     3.671
     3.997
     3.572
     3.361
     3.158
     3.069
     3.504
     3.330
     2.645
     3.061
     2.021
     3.500
     3.333
     3.534
     2.960
     2.867
     3.203
     2.854
     2.958
     3.321
     3.837
     2.929
     3.924
     2.927
     2.786
     3.249
     2.764
     3.425
     3.070
     3.091
     3.577
     3.185
     3.613
     3.390
     2.908
     3.758
     3.820
     3.402
     3.383
     2.572
     2.970
     2.911
     3.271
     3.221
     3.184
     3.124
     3.121
     3.795
     3.040
     3.262
     3.766
     3.152
     3.008
     3.811
     3.304
     3.008
     3.044
     3.208
     2.967
     3.557
     3.495
     3.310
     3.344
     3.651
     3.356
     2.294
     3.482
     2.487
     2.635
     3.463
     3.928
     3.084
     2.624
     3.110
     3.312
     3.400
     2.963
     3.636
     2.890
     3.255
     3.665
     3.634
     3.354
     2.983
     3.673
     3.113
     3.461
     2.824
     3.138
     2.914
     2.987
     3.812
     3.209
     3.207
     3.174
     3.694
     3.861
     3.064
     2.883
     3.615
     3.049
     2.606
     3.283
     3.239
     3.037
     3.186
     3.236
     2.881
     3.581
     3.313
     3.351
     3.052
     2.918
     3.262
     3.605
     2.978
     3.395
     3.434
     3.416
     2.747
     2.653
     3.555
     3.513
     2.815
     3.265
     2.962
     3.386
     2.979
     3.573
     3.447
     3.158
     2.903
     2.792
     3.770
     3.261
     3.459
     3.801
     3.628
     2.759
     2.725
     3.144
     3.832
     3.276
     3.358
     3.242
     3.614
     3.155
     3.649
     3.531
     3.853
     3.291
     3.452
     3.396
     3.292
     2.253
     3.434
     3.291
     3.090
     3.529
     3.512
     3.293
     3.580
     3.185
     3.005
     2.944
     3.428
     3.041
     3.365
     3.399
     3.438
     2.504
     3.693
     3.255
     3.238
     2.525
     3.455
     3.392
     3.229
     3.950
     3.479
     3.533
     3.431
     3.005
     2.581
     2.896
     3.593
     3.347
     3.483
     2.734
     3.535
     3.060
     3.798
     3.593
     3.789
     2.915
     3.196
     3.729
     3.223
     3.593
     3.430
     3.336
     3.669
     3.365
     3.654
     3.042
     3.328
     2.816
     3.500
     3.526
     3.409
     3.324
     3.391
     3.412
     3.522
     2.927
     3.054
     3.334
     3.397
     3.381
     2.939
     2.952
     3.598
     3.456
     3.350
     3.148
     3.950
     2.941
     3.662
     3.773
     2.959
     3.357
     3.259
     3.686
     3.458
     2.782
     3.419
     2.975
     3.101
     2.569
     3.539
     2.994
     3.027
     2.642
     3.310
     2.955
     3.135
     3.424
     3.429
     3.851
     3.499
     3.115
     4.008
     3.588
     3.444
     3.297
     3.133
     3.530
     3.081
     3.444
     3.084
     3.684
     3.372
     3.453
     3.310
     3.653
     2.763
     3.295
     3.474
     3.708
     3.267
     3.010
     3.052
     3.202
     2.958
     3.659
     3.483
     2.231
     3.522
     3.561
     2.756
     3.699
     3.425
     3.426
     3.625
     2.802
     3.481
     3.103
     2.526
     3.399
     2.734
     3.093
     3.382
     3.105
     2.925
     3.748
     3.872
     3.279
     2.977
     2.967
     3.365
     3.411
     3.106
     3.414
     2.985
     3.076
     2.839
     3.394
     3.264
     3.427
     3.249
     2.346
     3.218
     3.235
     3.244
     3.196
     3.788
     3.653
     3.903
     3.462
     2.391
     2.973
     3.150
     3.433
     3.449
     3.244
     3.124
     3.797
     2.914
     3.953
     3.273
     3.490
     2.891
     2.949
     3.798
     2.726
     3.438
     3.448
     3.109
     3.250
     3.439
     3.344
     3.943
     3.176
     2.972
     2.531
     3.377
     3.675
     2.512
     3.152
     3.411
     3.249
     3.397
     3.134
     3.810
     3.538
     3.364
     3.007
     2.776
     3.156
     3.585
     3.230
     2.995
     2.955
     3.028
     3.301
     3.389
     2.671
     3.638
     3.597
     3.029
     3.619
     3.217
     3.118
     3.407
     3.468
     3.294
     3.474
     3.078
     3.298
     3.024
     3.655
     3.523
     3.250
     2.843
     2.899
     3.099
     3.345
     3.730
     3.285
     3.413
     3.362
     2.947
     3.455
     3.110
     3.607
     3.230
     3.031
     3.410
     2.933
     2.702
     3.444
     3.393
     3.468
     3.354
     2.883
     2.885
     3.789
     3.596
     3.305
     3.011
     3.123
     2.905
     2.767
     2.986
     3.519
     3.238
     3.485
     3.494
     3.905
     3.029
     2.916
     3.073
     3.175
     2.601
     3.393
     3.359
     3.475
     3.460
     3.122
     2.760
     2.812
     3.302
     3.379
     3.180
     3.258
     3.531
     3.140
     3.079
     3.141
     3.423
     2.939
     3.894
     3.079
     2.785
     3.564
     3.560
     3.807
     3.167
     2.983
     3.146
     3.101
     3.307
     2.462
     3.562
     3.740
     3.075
     3.143
     3.359
     2.584
     3.371
     3.668
     3.060
     2.378
     3.494
     3.045
     3.480
     3.449
     3.167
     3.391
     3.324
     3.236
     3.822
     2.613
     2.937
     3.269
     3.761
     3.324
     2.923
     3.492
     3.306
     3.110
     2.476
     3.845
     2.800
     3.404
     2.912
     3.383
     3.691
     2.831
     3.464
     2.806
     3.427
     3.457
     3.650
     3.533
     3.720
     2.871
     2.795
     3.137
     2.962
     3.536
     3.101
     3.385
     2.386
     3.105
     3.195
     3.327
     3.409
     3.230
     2.939
     3.803
     3.274
     4.013
     3.483
     3.387
     3.300
     3.490
     3.030
     2.891
     3.949
     2.976
     3.293
     3.526
     3.247
     3.682
     3.310
     3.608
     3.684
     3.607
     3.768
     3.502
     3.213
     3.570
     3.354
     3.370
     3.243
     2.892
     2.737
     3.346
     3.495
     2.758
     3.142
     2.830
     3.403
     3.291
     3.299
     3.059
     2.608
     3.331
     3.097
     2.864
     3.557
     3.338
     3.432
     2.750
     3.049
     2.962
     3.393
     3.391
     3.133
     3.365
     3.298
     2.898
     3.396
     3.466
     3.614
     3.445
     2.843
     3.599
     3.985
     2.933
     3.464
     2.804
     3.566
     3.535
     3.519
     3.440
     3.488
     3.182
     3.560
     3.431
     3.284
     3.299
     2.850
     3.106
     2.434
     3.398
     2.888
     3.337
     2.953
     3.026
     3.731
     3.138
     3.292
     2.943
     3.200
     3.825
     3.522
     3.923
     2.202
     3.408
     3.901
     3.244
     3.872
     3.668
     3.233
     3.356
     3.052
     3.218
     3.189
     3.172
     2.652
     3.434
     2.332
     2.719
     3.256
     2.862
     2.846
     3.192
     2.921
     2.991
     3.428
     2.951
     2.920
     3.156
     2.957
     3.317
     2.910
     3.163
     3.514
     3.575
     2.836
     2.926
     3.014
     3.115
     2.923
     3.255
     3.194
     3.187
     3.061
     2.951
     3.401
     3.549
     2.875
     3.097
     3.419
     3.178
     2.882
     3.635
     3.587
     3.198
     3.379
     3.214
     3.128
     3.598
     3.187
     2.774
     3.006
     3.131
     2.318
     4.027
     4.023
     3.065
     2.987
     3.511
     3.355
     2.942
     3.084
     2.946
     3.887
     3.049
     3.977
     3.141
     3.224
     3.063
     3.478
     3.862
     3.479
     2.620
     3.026
     2.851
     2.717
     3.371
     3.836
     3.312
     2.891
     3.221
     3.150
     3.091
     3.421
     2.959
     3.146
     3.472
     2.940
     3.666
     2.668
     3.125
     3.745
     3.785
     3.496
     3.343
     3.223
     3.310
     3.642
     2.953
     3.500
     3.438
     3.600
     3.365
     3.230
     2.941
     3.246
     3.442
     3.305
     3.389
     3.888
     3.295
     3.454
     3.181
     3.711
     3.264
     3.412
     3.746
     3.536
     3.112
     2.919
     3.354
     2.763
     3.339
     2.796
     3.376
     3.206
     3.421
     3.322
     3.455
     3.242
     3.246
     3.235
     2.524
     2.848
     2.773
     2.817
     3.369
     2.723
     3.248
     3.124
     3.026
     2.230
     3.420
     3.459
     3.415
     2.773
     2.988
     3.898
     3.196
     3.385
     3.428
     3.088
     3.077
     3.197
     2.537
     3.216
     3.895
     3.263
     3.348
     3.760
     2.906
     3.355
     3.414
     3.528
     3.478
     3.072
     3.285
     3.326
     2.654
     3.451
     3.152
     2.638
     3.630
     3.122
     3.467
     2.984
     3.521
     3.967
     3.155
     2.984
     3.325
     3.288
     3.083
     3.728
     3.437
     3.445
     3.473
     3.724
     3.677
     4.046
     3.481
     3.509
     3.240
     2.671
     3.597
     3.289
     2.147
     3.447
     3.053
     3.510
     3.636
     2.985
     3.054
     3.097
     3.855
     3.024
     3.906
     3.099
     3.230
     3.068
     3.562
     3.224
     1.992
     3.025
     3.014
     3.104
     3.233
     3.335
     3.073
     3.010
     3.401
     2.954
     3.641
     3.444
     3.517
     3.028
     3.367
     3.242
     2.996
     2.754
     3.438
     2.796
     2.936
     3.497
     3.352
     3.559
     3.037
     2.856
     2.435
     2.991
     3.320
     3.495
     3.161
     3.042
     3.483
     2.897
     2.724
     3.151
     2.877
     2.820
     2.810
     3.567
     3.549
     2.947
     3.194
     3.273
     3.586
     3.343
     2.516
     3.261
     3.460
     3.466
     3.110
     3.547
     2.925
     2.592
     3.428
     2.976
     3.033
     3.875
     3.221
     3.145
     3.731
     2.896
     3.397
     3.401
     3.617
     3.334
     3.381
     3.474
     3.274
     3.256
     3.264
     3.625
     3.149
     2.545
     2.953
     3.144
     2.619
     3.660
     3.527
     2.705
     3.423
     3.046
     3.433
     3.220
     3.403
     3.144
     3.549
     2.918
     2.999
     2.696
     2.940
     3.570
     3.131
     3.072
     3.653
     3.090
     3.557
     3.159
     3.643
     3.308
     3.403
     3.420
     2.801
     3.390
     3.330
     2.889
     3.557
     3.645
     2.593
     2.416
     2.597
     3.448
     3.312
     3.207
     2.938
     2.308
     3.620
     2.710
     3.344
     3.050
     3.083
     3.800
     3.066
     3.817
     2.982
     3.321
     2.946
     3.339
     3.223
     3.060
     3.557
     2.762
     3.778
     3.290
     3.170
     3.439
     2.940
     3.120
     3.639
     2.958
     2.789
     3.415
     3.318
     3.263
     3.320
     3.769
     3.221
     3.031
     3.411
     3.445
     3.462
     2.978
     3.247
     3.265
     2.975
     3.118
     3.348
     2.901
     3.119
     3.401
     3.299
     3.298
     3.299
     3.482
     3.682
     2.848
     2.894
     3.335
     3.165
     3.449
     3.429
     3.072
     3.635
     3.259
     2.994
     2.842
     2.967
     3.496
     3.153
     3.611
     2.961
     3.423
     2.498
     3.479
     3.667
     3.475
     3.534
     2.909
     3.670
     3.093
     3.018
     3.293
     3.406
     3.518
     3.122
     3.281
     3.570
     3.961
     3.120
     3.325
     3.388
     3.560
     3.612
     3.185
     2.868
     2.826
     3.836
     3.542
     3.101
     3.611
     3.253
     3.246
     3.771
     3.470
     3.331
     3.905
     3.495
     3.296
     2.860
     3.053
     3.593
     3.706
     2.739
     3.360
     2.957
     2.400
     3.201
     3.412
     3.811
     2.958
     2.953
     3.565
     3.172
     3.722
     2.914
     3.439
     3.360
     2.968
     4.028
     3.494
     3.303
     3.593
     3.111
     3.039
     3.190
     2.920
     2.905
     3.436
     3.387
     3.446
     3.374
     3.027
     2.989
     2.893
     3.149
     3.222
     3.714
     3.400
     2.858
     3.505
     2.621
     3.147
     2.422
     3.456
     3.202
     2.938
     2.982
     3.237
     2.911
     3.430
     3.180
     3.667
     2.955
     3.479
     2.544
     3.104
     3.620
     3.013
     2.998
     3.062
     3.813
     3.441
     3.387
     3.738
     2.727
     3.323
     3.130
     2.841
     3.525
     3.353
     2.716
     3.346
     3.944
     3.794
     3.740
     3.454
     3.295
     3.354
     3.350
     3.143
     3.377
     3.384
     3.776
     3.464
     3.394
     3.155
     2.921
     3.143
     2.525
     3.496
     2.333
     2.940
     3.461
     3.057
     3.695
     3.323
     3.210
     3.115
     3.354
     3.364
     3.422
     3.060
     3.601
     2.881
     3.151
     3.440
     3.439
     3.213
     3.652
     3.433
     3.457
     3.981
     2.580
     2.588
     3.334
     3.326
     3.380
     3.341
     2.990
     3.363
     2.993
     3.124
     2.869
     3.477
     2.998
     3.507
     3.482
     3.586
     2.819
     2.995
     3.211
     3.656
     2.897
     3.724
     3.841
     3.113
     3.316
     2.679
     3.237
     3.724
     3.617
     3.112
     3.447
     2.915
     3.718
     3.115
     3.455
     3.114
     3.463
     3.003
     3.864
     3.222
     3.121
     3.621
     2.921
     3.707
     3.274
     2.585
     3.331
     3.109
     3.339
     2.821
     2.639
     3.614
     3.487
     3.512
     3.373
     3.032
     3.333
     3.346
     3.061
     3.022
     3.142
     2.906
     3.580
     3.099
     3.273
     3.674
     3.528
     3.849
     3.030
     3.234
     2.669
     3.022
     2.566
     3.454
     2.997
     3.277
     3.427
     2.943
     3.443
     3.358
     3.916
     3.265
     2.885
     3.669
     2.668
     2.737
     3.301
     3.214
     3.307
     3.345
     3.329
     3.278
     3.342
     3.283
     3.451
     3.562
     3.422
     2.932
     3.274
     3.073
     3.558
     3.622
     3.493
     2.615
     3.504
     3.842
     3.273
     3.578
     2.939
     2.969
     2.755
     2.928
     3.345
     3.373
     3.445
     3.453
     3.358
     3.333
     3.156
     3.502
     3.164
     3.071
     3.180
     3.176
     3.336
     3.072
     3.310
     2.989
     3.620
     3.234
     3.925
     3.439
     2.728
     3.173
     3.016
     3.410
     3.890
     3.037
     3.151
     3.592
     3.505
     2.985
     3.440
     3.543
     3.037
     3.294
     2.671
     3.216
     3.926
     3.226
     3.832
     3.416
     3.496
     3.527
     3.726
     3.123
     3.074
     3.618
     3.504
     3.404
     3.506
     3.097
     3.085
     3.104
     2.955
     2.776
     2.854
     3.457
     2.938
     3.337
     3.440
     3.642
     3.557
     3.306
     3.477
     3.186
     3.162
     3.261
     3.000
     3.943
     3.781
     3.574
     3.299
     3.492
     3.100
     3.024
     3.221
     3.349
     3.255
     3.320
     3.428
     3.151
     3.352
     3.211
     3.393
     3.433
     3.531
     2.215
     2.892
     3.142
     3.255
     3.124
     2.908
     2.928
     2.887
     3.134
     2.918
     2.703
     3.347
     3.450
     3.083
     3.083
     2.824
     3.302
     2.995
     2.467
     3.629
     3.700
     3.670
     3.527
     3.693
     2.957
     3.297
     2.812
     3.063
     3.733
     2.824
     2.936
     2.965
     3.042
     3.483
     3.331
     3.568
     3.010
     3.407
     2.957
     2.948
     3.173
     2.758
     3.506
     3.162
     3.717
     3.127
     2.730
     3.068
     2.701
     2.525
     3.143
     3.615
     3.619
     3.499
     3.421
     3.090
     3.660
     3.587
     3.337
     2.800
     2.815
     2.968
     2.933
     3.093
     2.985
     2.828
     3.311
     3.302
     3.047
     2.623
     3.159
     3.577
     2.876
     3.675
     3.275
     2.239
     2.942
     3.280
     3.424
     3.395
     3.332
     2.600
     2.708
     3.420
     3.347
     3.726
     3.521
     3.828
     3.722
     3.406
     2.526
     3.248
     2.921
     3.260
     3.071
     3.781
     3.364
     3.374
     3.642
     3.254
     3.513
     2.937
     3.835
     3.041
     3.300
     3.206
     3.399
     3.263
     3.525
     3.358
     2.876
     3.022
     3.626
     2.733
     3.786
     3.323
     3.501
     3.139
     2.831
     2.895
     2.811
     3.573
     3.064
     3.416
     3.633
     3.136
     3.626
     3.501
     4.000
     3.708
     2.820
     2.670
     2.961
     3.265
     3.272
     3.925
     3.440
     3.218
     3.535
     3.520
     3.548
     3.016
     3.282
     3.696
     3.446
     3.659
     3.478
     3.974
     2.970
     3.370
     3.320
     3.711
     3.145
     3.696
     3.336
     3.428
     2.976
     3.375
     2.491
     2.288
     3.370
     3.543
     3.886
     3.073
     3.257
     2.665
     3.031
     3.137
     3.163
     3.375
     2.994
     3.160
     2.895
     3.548
     3.337
     3.716
     3.336
     3.823
     3.433
     2.798
     3.650
     3.401
     3.393
     3.403
     3.521
     3.551
     2.754
     3.757
     3.258
     3.974
     3.555
     3.018
     3.793
     3.466
     3.463
     3.035
     3.227
     3.453
     3.284
     3.549
     2.990
     3.431
     3.486
     3.329
     3.958
     3.642
     3.818
     3.232
     3.648
     3.203
     3.186
     3.734
     3.017
     3.483
     3.410
     3.503
     3.467
     2.959
     3.816
     3.398
     3.072
     3.585
     3.278
     3.555
     3.349
     3.629
     2.925
     3.059
     3.670
     3.333
     2.665
     3.167
     3.247
     3.588
     3.663
     3.148
     3.384
     3.389
     3.407
     3.296
     3.263
     3.635
     3.685
     2.993
     3.261
     3.220
     3.521
     3.069
     3.012
     2.928
     2.791
     3.573
     3.739
     3.062
     3.392
     3.352
     3.360
     3.125
     2.975
     3.367
     2.937
     2.788
     3.602
     3.178
     3.521
     3.098
     3.457
     3.950
     3.213
     3.366
     3.312
     3.022
     3.301
     2.180
     3.601
     3.315
     3.185
     2.970
     3.094
     3.434
     3.386
     3.786
     2.754
     3.471
     3.419
     2.834
     2.728
     3.304
     3.408
     3.208
     3.511
     3.462
     3.399
     3.018
     3.285
     3.251
     3.360
     3.952
     2.000
     2.791
     3.855
     3.355
     2.537
     3.107
     3.526
     3.842
     3.861
     3.744
     3.212
     3.697
     2.896
     3.189
     3.264
     3.028
     3.206
     3.516
     3.528
     3.442
     2.855
     4.033
     3.035
     3.505
     2.700
     3.400
     2.958
     3.756
     2.714
     3.506
     2.966
     3.575
     3.593
     3.559
     3.408
     3.206
     2.986
     3.024
     3.067
     3.556
     3.035
     3.529
     3.531
     3.140
     3.236
     3.129
     2.738
     3.241
     2.915
     2.949
     3.063
     3.258
     3.485
     3.579
     3.224
     3.289
     3.289
     3.423
     3.420
     3.056
     3.088
     3.433
     3.072
     3.163
     3.286
     2.975
     2.292
     2.848
     2.769
     2.476
     3.027
     3.368
     3.411
     2.962
     3.662
     3.042
     3.042
     3.645
     2.741
     3.661
     3.446
     2.945
     2.719
     3.229
     2.912
     3.386
     2.768
     3.666
     3.319
     3.090
     2.682
     2.953
     3.176
     3.199
     3.430
     3.700
     3.180
     3.072
     3.666
     3.683
     3.589
     2.716
     3.389
     2.876
     3.256
     3.792
     3.055
     3.066
     3.022
     3.415
     3.372
     2.991
     3.101
     3.313
     3.467
     3.161
     3.111
     3.278
     3.797
     3.011
     2.992
     2.687
     3.116
     3.438
     3.585
     3.144
     2.806
     3.468
     3.085
     3.380
     3.569
     2.970
     3.785
     3.274
     3.652
     3.203
     3.026
     2.670
     2.816
     2.983
     3.350
     3.388
     3.511
     2.656
     3.315
     2.340
     3.393
     2.927
     3.623
     3.135
     3.219
     2.889
     3.419
     3.280
     2.692
     3.253
     3.111
     3.237
     3.402
     2.858
     3.281
     2.923
     3.616
     2.334
     3.712
     2.975
     3.353
     3.495
     3.441
     3.405
     3.444
     2.763
     2.880
     2.839
     3.657
     3.420
     3.491
     3.140
     3.372
     3.428
     3.131
     3.337
     2.830
     3.493
     3.058
     3.743
     3.930
     3.471
     3.556
     3.902
     3.132
     3.470
     3.287
     3.099
     3.439
     2.990
     3.626
     2.847
     3.679
     2.912
     3.334
     3.364
     3.377
     3.200
     3.415
     3.345
     3.133
     3.487
     3.576
     2.958
     3.173
     2.912
     3.694
     3.483
     2.640
     3.088
     3.681
     3.753
     3.293
     3.376
     3.088
     3.402
     3.625
     3.632
     3.748
     3.147
     2.830
     3.435
     3.300
     3.340
     2.551
     3.218
     3.073
     3.200
     3.404
     2.892
     3.590
     3.473
     3.080
     3.547
     3.730
     3.179
     3.316
     3.436
     2.823
     2.284
     2.860
     3.886
     3.470
     3.246
     3.162
     2.484
     3.347
     3.091
     3.827
     3.524
     3.486
     3.156
     3.576
     3.480
     3.206
     3.347
     2.949
     3.574
     3.557
     2.913
     3.644
     3.101
     3.585
     2.954
     3.324
     3.867
     3.283
     3.826
     3.414
     2.950
     3.235
     3.554
     3.480
     3.855
     3.097
     3.556
     3.616
     3.907
     3.832
     2.927
     2.891
     3.693
     3.068
     3.222
     3.625
     3.254
     3.263
     3.408
     3.400
     3.543
     3.392
     3.447
     3.001
     3.380
     3.388
     2.994
     3.355
     2.915
     3.375
     3.086
     2.775
     3.598
     2.777
     3.466
     3.357
     3.474
     3.995
     3.084
     2.981
     2.520
     3.756
     2.583
     3.114
     3.178
     3.392
     3.190
     2.955
     3.738
     3.037
     3.300
     2.682
     3.385
     3.334
     3.786
     2.919
     3.034
     3.162
     3.466
     3.301
     2.768
     3.615
     3.510
     3.083
     3.402
     3.332
     3.274
     2.854
     2.864
     2.540
     3.492
     2.718
     2.723
     2.859
     3.285
     2.909
     3.399
     3.868
     3.560
     3.411
     3.669
     3.562
     3.396
     3.320
     3.749
     3.108
     3.239
     3.330
     3.232
     3.007
     2.665
     2.955
     2.884
     3.674
     3.203
     2.763
     3.395
     3.591
     3.522
     3.433
     3.188
     3.306
     3.121
     3.134
     2.927
     2.765
     3.364
     2.958
     3.282
     3.382
     2.391
     3.409
     3.309
     3.625
     3.159
     3.616
     3.550
     3.402
     2.907
     3.099
     3.365
     3.659
     3.528
     3.075
     2.690
     2.940
     2.795
     3.430
     3.611
     3.490
     3.835
     3.361
     3.427
     3.316
     3.452
     2.727
     3.497
     3.373
     2.969
     3.365
     3.439
     2.222
     3.496
     2.753
     3.089
     3.354
     2.980
     2.920
     3.518
     3.454
     3.219
     3.202
     2.968
     3.633
     3.119
     3.742
     1.768
     3.492
     3.453
     2.831
     3.885
     3.372
     3.194
     3.417
     2.606
     3.242
     3.049
     3.753
     3.170
     2.896
     2.974
     3.848
     3.402
     3.338
     3.730
     2.952
     3.620
     3.624
     3.409
     3.305
     2.692
     3.500
     3.572
     3.619
     3.384
     3.370
     3.302
     3.166
     2.920
     2.579
     3.630
     2.833
     2.990
     3.613
     3.464
     2.951
     3.256
     3.309
     3.456
     3.533
     3.192
     3.130
     3.386
     3.843
     3.360
     3.975
     3.407
     2.678
     2.465
     2.988
     3.616
     2.803
     3.114
     2.788
     3.967
     3.153
     3.367
     2.879
     3.473
     3.388
     2.491
     3.150
     2.840
     2.712
     3.562
     3.029
     3.037
     3.135
     3.294
     3.966
     3.448
     2.834
     3.589
     3.137
     3.114
     3.013
     2.781
     3.027
     3.424
     3.005
     3.527
     3.476
     3.302
     3.137
     2.463
     3.709
     3.157
     3.532
     3.462
     3.472
     3.272
     3.103
     3.182
     3.007
     2.832
     3.323
     3.277
     3.475
     3.132
     3.017
     3.841
     3.142
     2.731
     3.341
     2.951
     2.955
     3.348
     3.247
     2.835
     3.674
     3.711
     3.824
     3.516
     3.028
     2.929
     3.438
     3.376
     3.346
     3.157
     3.367
     3.352
     3.222
     2.699
     3.334
     3.346
     3.018
     3.664
     3.441
     3.243
     3.246
     3.675
     3.463
     2.616
     3.316
     2.870
     2.827
     2.420
     3.109
     2.939
     2.784
     3.893
     3.200
     2.552
     3.850
     3.012
     3.438
     2.314
     3.409
     3.254
     3.892
     3.782
     3.494
     3.186
     3.139
     3.285
     3.049
     3.890
     2.676
     2.587
     3.375
     3.408
     3.334
     3.606
     2.991
     3.535
     3.304
     3.065
     3.096
     2.398
     3.078
     3.361
     3.119
     3.619
     3.381
     3.383
     3.442
     3.364
     3.007
     3.857
     3.417
     3.328
     3.338
     3.137
     2.993
     3.401
     3.672
     2.840
     3.132
     2.920
     3.989
     3.922
     3.603
     3.224
     3.456
     3.251
     3.431
     2.849
     2.810
     3.202
     3.469
     3.234
     3.382
     2.830
     3.446
     3.909
     3.368
     3.771
     2.984
     4.032
     3.174
     2.955
     3.154
     3.357
     3.256
     3.897
     3.562
     3.430
     2.950
     3.425
     3.100
     3.108
     2.862
     3.297
     3.249
     2.588
     2.636
     2.876
     3.043
     3.988
     3.373
     3.070
     3.295
     3.420
     2.954
     3.167
     3.782
     3.551
     3.452
     3.200
     3.530
     2.666
     3.294
     3.440
     3.205
     3.530
     2.947
     3.529
     2.979
     3.155
     3.471
     3.103
     3.283
     3.126
     3.250
     3.521
     3.426
     3.392
     3.260
     3.004
     3.175
     3.645
     2.972
     3.533
     3.048
     3.097
     3.250
     3.243
     2.781
     2.920
     3.288
     3.493
     2.863
     2.854
     3.212
     3.603
     3.385
     3.329
     2.945
     3.494
     3.294
     2.685
     3.089
     3.510
     3.754
     2.940
     3.494
     3.480
     3.384
     2.971
     3.395
     3.415
     3.773
     3.214
     2.595
     3.106
     2.850
     3.148
     2.993
     3.644
     3.376
     3.459
     2.596
     3.346
     3.420
     3.904
     3.279
     3.655
     3.511
     3.102
     3.287
     3.426
     3.407
     3.213
     2.877
     3.785
     2.862
     3.870
     3.697
     3.015
     3.684
     2.969
     3.349
     3.005
     3.136
     3.184
     3.377
     3.143
     2.591
     2.513
     2.832
     3.697
     3.343
     3.725
     3.425
     2.900
     3.445
     3.105
     3.098
     3.380
     3.100
     3.193
     3.557
     3.095
     2.999
     3.046
     2.939
     3.414
     3.550
     3.162
     2.461
     3.277
     2.791
     3.518
     3.364
     3.476
     3.092
     3.569
     4.009
     3.202
     3.407
     3.858
     3.570
     3.190
     2.987
     3.420
     2.691
     3.312
     3.519
     3.187
     2.993
     3.508
     3.416
     3.231
     3.415
     3.621
     3.100
     2.936
     2.929
     2.960
     3.111
     3.086
     3.341
     3.160
     2.430
     2.877
     3.405
     3.345
     3.207
     3.378
     3.418
     3.219
     3.431
     3.557
     2.994
     3.015
     3.345
     2.900
     2.988
     3.424
     3.436
     3.355
     3.356
     3.063
     3.467
     3.158
     2.732
     3.519
     3.426
     4.018
     3.214
     3.078
     3.324
     3.835
     3.499
     3.546
     3.087
     3.516
     3.254
     3.154
     3.175
     3.810
     3.482
     3.244
     3.207
     3.660
     3.437
     3.699
     3.012
     2.931
     2.718
     2.971
     3.386
     3.519
     3.267
     2.995
     3.017
     3.866
     3.374
     3.023
     3.181
     3.644
     2.223
     2.664
     3.631
     3.155
     3.800
     3.364
     3.431
     3.666
     3.629
     3.279
     3.658
     2.940
     3.250
     3.359
     3.558
     2.756
     3.574
     2.867
     3.491
     3.476
     2.948
     2.244
     3.016
     3.039
     3.023
     2.881
     3.251
     3.502
     3.225
     2.387
     3.253
     3.519
     3.454
     3.659
     3.242
     3.160
     3.684
     2.661
     2.874
     2.585
     3.956
     3.702
     3.711
     3.061
     3.194
     2.960
     3.780
     3.286
     3.865
     3.245
     3.569
     3.925
     3.746
     3.511
     3.404
     3.226
     3.847
     3.457
     3.474
     2.701
     3.253
     2.832
     3.043
     3.434
     3.607
     3.348
     3.442
     3.146
     3.019
     2.743
     3.430
     3.457
     3.690
     3.198
     3.134
     2.844
     3.426
     3.485
     2.712
     3.480
     3.343
     3.474
     2.558
     2.644
     2.906
     3.406
     3.485
     3.433
     3.395
     3.097
     3.045
     3.131
     2.988
     3.222
     3.175
     2.890
     3.642
     3.287
     2.952
     3.721
     2.910
     3.564
     3.581
     3.538
     3.350
     2.811
     3.419
     3.360
     3.402
     2.903
     3.473
     3.389
     3.403
     3.193
     3.166
     2.969
     3.148
     3.403
     2.902
     3.621
     3.227
     3.074
     2.923
     2.780
     2.455
     2.717
     3.425
     3.333
     2.798
     3.112
     3.469
     3.025
     3.439
     2.990
     3.114
     3.569
     2.936
     3.159
     3.492
     3.209
     3.118
     2.929
     2.847
     3.084
     3.582
     3.057
     3.373
     3.116
     2.872
     3.120
     3.221
     3.604
     3.490
     3.930
     3.023
     2.901
     3.525
     3.776
     3.011
     3.926
     2.927
     3.449
     3.350
     3.292
     3.303
     3.081
     3.427
     3.762
     3.098
     3.429
     3.330
     2.993
     3.091
     2.946
     3.458
     3.204
     2.801
     3.200
     3.450
     2.886
     3.428
     3.489
     3.483
     3.243
     3.269
     2.459
     3.774
     3.774
     2.882
     2.653
     2.528
     3.567
     3.054
     3.377
     2.379
     2.947
     2.621
     3.108
     3.137
     2.272
     3.084
     3.234
     2.859
     2.978
     3.486
     3.849
     3.383
     3.238
     3.472
     3.187
     4.014
     3.178
     3.194
     3.108
     3.333
     3.024
     3.934
     3.195
     3.937
     3.227
     3.046
     4.026
     3.754
     3.571
     2.870
     3.176
     3.092
     3.366
     3.583
     3.456
     3.235
     3.408
     3.345
     2.986
     2.700
     2.700
     3.518
     3.394
     3.542
     2.998
     3.089
     2.906
     3.402
     3.382
     3.386
     2.986
     3.302
     3.296
     3.491
     3.255
     3.216
     3.097
     2.736
     3.166
     2.960
     3.119
     4.009
     3.150
     3.355
     3.530
     3.414
     3.591
     3.356
     3.397
     3.528
     3.531
     3.359
     3.042
     3.298
     3.158
     3.001
     2.849
     3.434
     3.379
     3.680
     3.405
     3.008
     2.879
     3.399
     2.969
     3.812
     3.356
     3.158
     3.625
     3.364
     2.906
     3.667
     3.247
     3.841
     3.520
     3.332
     3.459
     3.012
     3.210
     3.195
     3.482
     3.380
     3.123
     3.171
     2.855
     3.335
     3.507
     3.723
     3.034
     3.278
     3.075
     3.372
     3.387
     2.760
     3.604
     3.334
     3.122
     2.266
     3.214
     3.200
     3.308
     3.172
     2.899
     3.626
     3.706
     3.138
     2.818
     3.289
     3.094
     3.767
     3.412
     3.252
     3.431
     3.479
     2.824
     3.621
     3.037
     2.989
     3.328
     3.473
     3.870
     3.799
     3.274
     3.454
     2.523
     3.697
     2.822
     2.873
     3.511
     3.423
     2.979
     3.651
     3.423
     3.268
     3.324
     3.431
     3.063
     3.498
     2.491
     2.786
     3.578
     3.755
     3.120
     2.931
     2.621
     3.511
     2.671
     2.720
     3.333
     3.319
     3.420
     3.237
     3.301
     3.440
     3.870
     3.902
     3.045
     2.899
     3.129
     3.113
     3.436
     3.921
     3.190
     3.473
     2.240
     3.008
     3.274
     3.353
     3.028
     3.308
     3.398
     2.469
     3.706
     3.505
     3.760
     3.301
     3.060
     3.186
     2.915
     2.984
     2.324
     3.601
     3.325
     2.801
     2.802
     3.411
     3.078
     3.056
     3.139
     2.994
     3.445
     3.245
     2.703
     3.016
     3.465
     3.122
     3.275
     3.094
     3.242
     3.438
     3.052
     3.530
     3.360
     3.945
     2.855
     3.027
     3.666
     3.235
     3.743
     3.819
     3.289
     2.993
     2.876
     3.013
     2.893
     3.380
     3.696
     3.268
     3.948
     3.005
     3.252
     3.272
     3.460
     3.307
     3.131
     3.133
     3.488
     3.413
     3.237
     3.378
     3.407
     2.871
     2.902
     3.083
     2.895
     3.162
     3.539
     2.957
     3.350
     3.398
     3.648
     3.173
     3.171
     3.369
     3.433
     3.007
     3.641
     3.181
     3.060
     3.528
     3.225
     3.996
     3.182
     3.485
     3.440
     3.324
     2.926
     2.783
     3.171
     3.273
     2.921
     2.944
     2.966
     3.288
     3.409
     2.269
     2.891
     3.483
     2.943
     3.335
     3.169
     3.237
     3.400
     3.609
     3.437
     3.571
     3.826
     3.175
     3.441
     3.607
     3.009
     3.360
     2.868
     3.489
     3.355
     3.388
     3.557
     3.650
     3.176
     3.468
     3.134
     3.915
     2.947
     2.896
     3.397
     3.457
     3.545
     3.918
     3.088
     2.381
     3.248
     3.010
     3.186
     2.981
     3.208
     2.942
     3.030
     3.025
     3.186
     3.178
     2.923
     3.304
     3.151
     3.258
     3.094
     3.489
     3.523
     3.039
     2.965
     3.104
     3.409
     2.878
     2.818
     3.325
     3.301
     3.018
     3.647
     2.880
     2.897
     3.055
     3.222
     2.871
     3.069
     3.266
     3.061
     3.613
     3.439
     3.018
     2.981
     3.673
     3.457
     2.490
     2.760
     3.542
     3.131
     3.420
     4.050
     3.413
     2.938
     3.543
     3.229
     3.362
     3.444
     2.908
     3.933
     3.293
     2.997
     2.625
     3.678
     3.235
     3.229
     3.697
     3.271
     3.264
     3.441
     3.241
     2.976
     3.549
     3.000
     3.388
     3.608
     3.649
     3.272
     3.468
     2.843
     3.887
     3.219
     3.620
     2.894
     3.692
     3.322
     3.378
     3.424
     3.581
     3.940
     3.369
     2.976
     2.913
     3.242
     3.079
     3.859
     2.941
     2.674
     3.357
     3.225
     3.009
     3.489
     3.126
     3.455
     3.554
     2.980
     3.258
     2.885
     3.127
     3.875
     3.154
     3.951
     3.720
     3.457
     2.742
     3.458
     3.672
     3.453
     3.870
     2.530
     2.826
     2.827
     2.299
     3.813
     2.926
     3.366
     3.225
     3.236
     3.181
     3.836
     2.920
     3.286
     3.502
     2.500
     3.422
     2.935
     3.111
     2.554
     3.280
     3.076
     2.903
     3.004
     3.008
     3.570
     3.262
     2.956
     3.118
     3.059
     2.833
     2.884
     3.280
     3.449
     3.361
     3.103
     3.672
     3.005
     3.465
     3.181
     2.779
     3.125
     3.491
     3.395
     3.179
     3.172
     3.272
     3.387
     2.729
     3.656
     3.009
     3.003
     3.251
     3.321
     3.457
     3.304
     2.636
     3.166
     3.303
     2.815
     3.431
     3.087
     2.722
     2.926
     3.557
     3.537
     3.656
     3.404
     3.413
     3.712
     3.553
     3.597
     3.011
     3.498
     3.105
     3.510
     3.441
     2.961
     3.197
     3.126
     3.308
     2.787
     3.564
     3.418
     2.797
     3.654
     3.231
     3.394
     2.531
     2.484
     3.046
     2.944
     3.269
     2.919
     3.633
     2.855
     3.350
     3.775
     3.196
     3.194
     3.359
     3.414
     2.904
     3.351
     3.319
     3.428
     3.105
     3.396
     3.572
     3.141
     2.931
     3.322
     2.809
     3.637
     3.089
     3.694
     2.293
     2.920
     3.556
     3.339
     2.846
     3.692
     2.785
     2.982
     2.908
     2.670
     3.200
     2.841
     3.115
     3.005
     3.115
     2.874
     3.282
     3.208
     3.087
     3.094
     3.146
     3.435
     3.519
     2.968
     3.545
     3.092
     3.709
     3.319
     2.292
     2.671
     2.940
     2.761
     3.257
     3.028
     2.749
     2.972
     3.409
     3.101
     3.728
     3.797
     3.478
     3.888
     3.516
     3.505
     2.902
     3.458
     2.922
     2.686
     3.158
     3.415
     3.080
     3.437
     2.825
     2.791
     2.475
     3.328
     3.336
     3.444
     3.215
     3.017
     3.462
     3.010
     2.792
     3.758
     3.480
     3.355
     3.216
     2.963
     2.706
     2.820
     3.966
     3.559
     2.988
     3.313
     3.733
     2.952
     3.092
     3.047
     3.149
     2.638
     3.056
     3.593
     3.443
     3.044
     3.312
     3.421
     3.355
     3.417
     3.005
     3.819
     3.675
     2.689
     3.022
     3.072
     3.453
     3.546
     3.375
     3.763
     2.823
     3.045
     3.356
     3.067
     3.004
     3.395
     3.219
     3.466
     3.842
     3.188
     3.141
     3.441
     3.369
     3.674
     3.589
     3.289
     3.398
     3.828
     2.967
     3.507
     3.198
     3.053
     3.627
     3.269
     2.736
     2.876
     3.152
     3.241
     3.407
     3.188
     3.165
     3.515
     3.450
     3.234
     3.344
     3.652
     3.122
     3.346
     3.823
     2.959
     3.649
     2.821
     3.464
     3.293
     3.392
     3.116
     3.239
     3.382
     3.068
     3.703
     2.361
     3.254
     3.623
     3.104
     3.445
     3.011
     3.050
     2.993
     2.667
     3.631
     3.886
     3.227
     3.542
     3.077
     3.521
     3.105
     3.390
     3.151
     3.293
     3.418
     2.972
     3.420
     3.586
     3.082
     3.303
     3.782
     3.340
     3.460
     2.853
     3.201
     3.383
     3.380
     3.576
     3.164
     3.811
     3.490
     2.816
     3.544
     3.636
     2.518
     2.979
     3.525
     3.286
     3.246
     3.558
     3.082
     3.613
     3.789
     3.403
     2.898
     3.100
     3.481
     2.937
     3.447
     3.410
     3.232
     3.114
     2.534
     3.859
     3.519
     2.935
     2.658
     3.581
     3.096
     2.934
     2.442
     3.517
     3.087
     3.567
     2.976
     3.518
     2.627
     1.916
     3.873
     2.646
     4.006
     3.933
     3.844
     3.452
     2.975
     2.678
     3.027
     3.006
     3.391
     3.267
     2.804
     3.510
     3.011
     3.638
     2.910
     3.375
     3.339
     2.799
     2.932
     3.406
     2.754
     3.236
     3.245
     3.458
     3.472
     2.928
     3.377
     3.365
     3.529
     3.332
     3.396
     3.159
     3.621
     2.895
     3.743
     2.921
     3.026
     3.026
     3.121
     2.924
     3.399
     3.243
     3.695
     3.292
     2.877
     3.360
     3.453
     3.470
     2.887
     3.228
     2.818
     4.027
     2.894
     3.954
     3.626
     3.604
     3.187
     3.533
     2.670
     2.934
     2.791
     3.362
     2.858
     3.624
     4.026
     3.384
     3.423
     3.849
     3.292
     2.938
     2.926
     3.536
     2.898
     2.993
     2.921
     4.046
     3.955
     3.185
     3.571
     3.637
     2.229
     3.403
     3.079
     3.661
     3.283
     3.407
     3.763
     3.732
     3.439
     3.586
     3.285
     3.214
     3.278
     3.265
     3.231
     3.240
     3.044
     3.035
     3.082
     3.445
     3.065
     3.560
     3.443
     3.573
     3.282
     2.884
     3.425
     3.326
     3.133
     3.679
     2.949
     2.878
     3.529
     3.236
     3.675
     3.407
     2.853
     3.003
     2.970
     2.745
     2.703
     3.497
     3.137
     3.934
     3.199
     3.425
     2.816
     3.598
     4.022
     2.754
     3.799
     3.302
     3.456
     3.058
     2.581
     2.794
     3.290
     2.991
     3.631
     2.828
     4.011
     2.760
     3.589
     2.674
     3.191
     3.653
     3.421
     3.329
     3.189
     3.609
     3.484
     3.193
     3.336
     3.566
     3.344
     3.181
     3.838
     2.774
     2.974
     3.657
     3.193
     3.528
     3.646
     3.122
     3.084
     3.116
     3.239
     3.183
     2.219
     3.155
     2.989
     3.834
     2.803
     3.613
     3.592
     3.407
     3.126
     3.223
     3.386
     2.815
     3.266
     3.509
     3.324
     3.419
     3.484
     3.474
     3.506
     3.964
     3.326
     2.738
     3.398
     2.985
     3.810
     3.378
     3.190
     2.894
     2.632
     3.320
     3.295
     3.272
     3.393
     2.979
     3.388
     3.218
     3.680
     3.753
     3.312
     3.407
     3.245
     3.313
     3.355
     3.269
     3.321
     3.285
     3.985
     3.088
     2.686
     3.654
     3.729
     2.954
     3.133
     3.294
     3.047
     3.425
     3.412
     3.087
     3.170
     3.726
     3.335
     3.758
     3.623
     3.595
     3.532
     3.652
     3.015
     3.065
     3.334
     3.054
     2.835
     3.460
     2.531
     3.350
     3.290
     3.535
     3.388
     3.584
     3.477
     3.107
     3.394
     2.942
     3.060
     2.822
     2.986
     3.448
     3.213
     3.303
     2.910
     3.405
     3.909
     3.697
     2.866
     2.909
     2.890
     3.688
     2.934
     3.785
     2.963
     2.923
     3.033
     2.515
     3.055
     3.494
     3.029
     3.356
     3.530
     3.375
     3.820
     3.553
     2.821
     2.778
     2.757
     2.769
     3.381
     3.367
     3.183
     3.157
     3.464
     3.914
     3.176
     3.757
     3.324
     3.500
     2.984
     2.413
     3.125
     2.786
     3.146
     3.535
     3.002
     3.491
     3.417
     3.928
     2.679
     3.630
     2.568
     2.489
     3.253
     2.246
     2.972
     3.272
     3.806
     3.358
     2.950
     2.888
     3.202
     3.203
     3.168
     3.327
     3.157
     3.204
     3.061
     3.724
     3.735
     3.363
     3.365
     3.356
     3.489
     2.912
     3.359
     2.767
     3.431
     3.399
     3.212
     3.889
     3.312
     3.237
     3.325
     3.449
     2.961
     2.991
     2.956
     3.565
     2.681
     3.546
     3.526
     3.287
     3.258
     2.833
     3.399
     2.967
     3.191
     2.292
     3.312
     3.421
     3.472
     2.758
     2.794
     3.269
     2.994
     2.928
     3.344
     3.306
     3.069
     3.193
     3.031
     3.131
     2.947
     2.978
     2.805
     3.411
     3.539
     3.294
     3.401
     2.577
     3.340
     3.335
     3.263
     3.412
     3.402
     3.565
     3.186
     3.802
     3.516
     3.310
     2.824
     3.420
     3.290
     3.014
     2.933
     3.292
     3.797
     3.093
     2.740
     3.290
     3.155
     2.939
     3.309
     3.034
     3.028
     3.007
     3.100
     3.556
     3.764
     2.482
     3.433
     3.204
     3.040
     3.413
     2.287
     3.429
     3.595
     3.053
     3.401
     2.976
     3.416
     3.251
     3.337
     3.357
     3.500
     3.131
     2.990
     3.040
     3.635
     3.230
     3.015
     3.418
     3.123
     3.445
     3.674
     3.865
     3.867
     3.600
     3.102
     3.496
     3.477
     2.993
     2.921
     2.824
     3.373
     3.226
     3.587
     3.286
     2.747
     3.414
     3.592
     2.841
     3.345
     2.984
     3.458
     3.497
     3.819
     3.361
     3.236
     4.012
     2.782
     3.265
     3.091
     3.282
     3.597
     2.906
     2.775
     3.011
     3.692
     2.839
     3.300
     3.017
     2.417
     3.470
     3.032
     3.076
     3.492
     2.337
     3.233
     3.248
     3.372
     3.178
     2.900
     3.105
     3.012
     3.322
     3.248
     3.755
     3.681
     3.285
     3.128
     3.286
     2.962
     3.393
     3.287
     3.392
     2.694
     3.314
     3.029
     3.204
     3.914
     3.510
     3.495
     2.961
     3.162
     3.320
     3.047
     3.321
     3.389
     3.060
     2.699
     3.336
     3.187
     3.435
     3.280
     3.137
     2.781
     2.912
     3.038
     3.105
     3.776
     3.532
     3.766
     3.537
     2.485
     2.584
     3.660
     3.270
     3.170
     3.401
     3.485
     3.499
     3.505
     3.092
     3.626
     3.394
     3.495
     3.560
     3.166
     2.953
     3.320
     3.338
     2.897
     3.126
     3.412
     2.994
     3.810
     3.142
     2.594
     3.270
     3.054
     3.629
     3.229
     3.694
     3.465
     3.386
     3.277
     2.873
     3.458
     3.315
     3.414
     2.413
     3.532
     2.978
     3.188
     2.867
     3.388
     2.905
     3.201
     3.415
     2.815
     3.497
     3.275
     3.545
     3.096
     3.138
     3.747
     2.805
     3.043
     3.169
     3.962
     3.921
     3.326
     2.659
     3.362
     3.206
     2.590
     3.115
     2.939
     3.522
     3.078
     3.441
     2.867
     3.555
     3.590
     3.462
     3.237
     3.271
     3.451
     3.278
     3.665
     3.351
     3.623
     3.148
     3.453
     2.573
     3.447
     3.499
     3.399
     3.065
     3.243
     2.829
     3.742
     3.317
     2.996
     3.455
     3.433
     3.459
     3.212
     3.251
     3.695
     2.862
     3.616
     3.171
     2.939
     2.936
     3.156
     3.196
     3.538
     3.313
     3.294
     3.306
     3.225
     3.432
     3.175
     2.905
     3.368
     3.351
     3.700
     3.830
     3.329
     3.311
     3.179
     3.508
     3.551
     2.874
     3.480
     3.500
     3.992
     3.117
     3.238
     3.604
     3.209
     3.376
     3.020
     3.461
     3.290
     2.985
     3.842
     3.461
     3.340
     3.320
     3.637
     3.402
     3.307
     2.713
     3.390
     3.075
     3.135
     3.450
     3.011
     3.419
     3.462
     3.360
     3.463
     3.580
     3.120
     2.688
     2.879
     3.213
     3.226
     3.366
     2.974
     3.011
     3.662
     2.776
     2.965
     3.271
     3.187
     3.665
     3.262
     3.192
     3.113
     2.941
     3.413
     2.836
     3.444
     3.436
     3.696
     3.882
     3.399
     3.442
     3.602
     3.384
     2.961
     3.601
     2.853
     3.378
     3.100
     3.480
     3.437
     3.049
     3.424
     3.486
     2.770
     3.240
     3.104
     3.887
     3.271
     2.985
     2.916
     3.781
     2.746
     3.202
     3.480
     3.309
     3.111
     3.485
     3.108
     2.770
     3.098
     2.672
     3.439
     3.450
     3.846
     3.248
     3.505
     3.692
     3.538
     2.908
     3.613
     3.758
     3.806
     2.827
     3.071
     3.432
     3.344
     3.293
     2.841
     3.356
     2.912
     2.591
     3.074
     3.686
     2.674
     3.434
     3.080
     3.821
     3.395
     2.906
     3.202
     3.405
     3.237
     3.379
     2.791
     3.133
     3.361
     2.963
     2.892
     3.331
     2.549
     3.713
     3.047
     3.382
     3.075
     3.135
     2.963
     3.017
     3.392
     2.961
     2.952
     3.362
     3.320
     2.978
     3.501
     3.466
     2.542
     3.989
     3.463
     3.460
     3.480
     3.559
     3.276
     2.672
     3.310
     3.092
     3.443
     2.974
     2.968
     2.884
     3.425
     2.712
     3.230
     3.701
     3.179
     3.399
     3.435
     3.320
     3.047
     2.750
     2.507
     3.195
     2.891
     3.221
     3.654
     3.466
     3.445
     3.120
     3.414
     3.456
     3.158
     2.987
     3.422
     3.054
     2.889
     3.469
     3.645
     2.520
     2.454
     3.628
     3.514
     2.786
     2.992
     3.981
     3.784
     3.476
     3.849
     3.087
     3.408
     3.547
     3.510
     2.633
     2.911
     3.105
     3.183
     2.325
     3.187
     2.874
     3.299
     3.224
     3.394
     3.008
     3.794
     3.371
     3.192
     2.851
     2.653
     3.454
     3.075
     3.411
     2.350
     3.404
     3.294
     3.626
     2.899
     3.004
     3.510
     3.179
     3.331
     3.041
     3.438
     3.049
     2.927
     3.578
     2.765
     3.063
     3.387
     3.098
     3.401
     3.245
     2.844
     3.532
     3.074
     2.911
     3.129
     3.544
     3.386
     3.465
     3.296
     3.027
     3.831
     2.410
     3.388
     2.870
     3.847
     3.591
     3.451
     3.888
     3.195
     3.748
     3.112
     3.104
     3.562
     3.094
     3.334
     3.345
     2.615
     3.203
     3.097
     3.338
     3.600
     2.903
     2.692
     3.220
     3.496
     3.372
     3.401
     3.308
     3.243
     3.352
     3.169
     2.963
     3.605
     3.568
     2.911
     2.790
     3.177
     3.143
     2.606
     4.003
     2.557
     3.308
     3.205
     3.970
     2.679
     3.259
     3.103
     3.423
     3.123
     3.183
     3.234
     3.666
     2.842
     3.447
     3.498
     3.749
     3.474
     3.725
     2.847
     2.374
     3.499
     3.077
     3.098
     3.580
     3.259
     3.472
     3.267
     2.939
     2.594
     3.624
     2.991
     3.387
     3.337
     3.201
     2.874
     3.392
     3.216
     3.563
     3.625
     2.987
     3.911
     3.400
     2.822
     3.475
     2.887
     3.411
     3.120
     3.482
     2.946
     3.038
     3.455
     2.954
     3.159
     3.057
     3.008
     3.482
     3.450
     3.251
     3.457
     3.356
     3.083
     3.140
     3.026
     3.921
     3.028
     3.303
     2.886
     2.943
     3.407
     3.424
     2.081
     3.694
     2.983
     3.444
     3.733
     3.422
     2.793
     3.290
     3.317
     3.481
     2.965
     2.755
     3.816
     3.021
     2.950
     3.486
     3.447
     3.218
     3.709
     2.878
     3.439
     3.103
     3.332
     3.324
     3.694
     3.008
     2.756
     3.098
     3.555
     3.743
     3.240
     3.921
     3.478
     3.428
     3.086
     3.556
     2.908
     3.243
     2.508
     2.910
     3.638
     3.351
     2.980
     3.259
     3.395
     3.029
     3.238
     3.095
     3.469
     2.972
     3.407
     3.091
     3.646
     3.252
     3.563
     3.531
     3.081
     3.452
     3.197
     2.785
     2.758
     3.576
     3.133
     3.222
     3.403
     2.892
     3.189
     2.377
     2.982
     3.540
     3.236
     3.694
     3.418
     3.485
     3.937
     3.024
     3.601
     3.610
     3.671
     2.642
     2.547
     3.629
     2.698
     2.997
     3.116
     3.522
     3.456
     3.250
     3.148
     3.440
     3.388
     2.875
     3.846
     3.287
     2.982
     3.241
     3.609
     3.388
     3.043
     2.874
     3.743
     2.790
     3.053
     3.745
     2.919
     2.898
     3.292
     3.205
     3.127
     3.632
     3.311
     3.492
     2.986
     3.152
     3.300
     3.487
     3.396
     3.433
     3.370
     3.123
     2.568
     3.963
     3.423
     3.911
     2.860
     2.330
     3.176
     3.224
     2.856
     3.493
     2.691
     2.928
     3.072
     3.749
     3.069
     3.340
     3.062
     3.108
     2.822
     3.309
     3.346
     3.053
     3.389
     2.871
     3.517
     2.987
     3.403
     3.644
     3.383
     3.332
     3.256
     3.126
     3.126
     2.839
     3.424
     3.171
     3.468
     2.967
     2.763
     3.090
     3.569
     3.314
     3.263
     3.105
     3.601
     3.006
     3.134
     3.361
     2.236
     3.124
     3.451
     3.409
     3.025
     2.955
     2.977
     3.330
     2.922
     3.131
     3.420
     3.028
     3.151
     2.729
     3.172
     3.549
     3.894
     3.296
     3.266
     2.925
     3.202
     3.641
     3.601
     3.503
     3.702
     3.270
     3.303
     3.489
     3.292
     3.490
     3.924
     3.583
     3.227
     3.654
     3.570
     3.398
     3.323
     3.285
     3.277
     3.490
     2.857
     2.761
     3.465
     3.224
     2.979
     2.450
     3.448
     2.880
     3.706
     3.357
     3.110
     3.279
     3.780
     3.046
     3.578
     3.417
     2.913
     3.132
     3.108
     3.016
     3.400
     3.444
     3.390
     3.509
     3.003
     2.754
     3.483
     3.402
     3.106
     3.161
     3.179
     3.196
     3.230
     2.940
     3.450
     3.620
     3.420
     3.456
     3.233
     2.593
     3.467
     3.216
     3.111
     3.634
     3.199
     2.959
     3.735
     3.239
     3.433
     3.034
     3.482
     3.450
     3.600
     2.928
     3.049
     3.855
     3.138
     2.981
     3.330
     3.271
     3.152
     3.270
     3.298
     3.938
     3.198
     3.317
     2.749
     3.148
     3.094
     3.217
     2.943
     3.203
     3.583
     1.862
     3.250
     3.485
     2.597
     2.898
     3.501
     3.207
     3.312
     3.412
     3.240
     3.550
     3.642
     3.630
     2.988
     3.088
     3.149
     2.906
     3.038
     3.280
     3.821
     3.246
     3.412
     3.587
     3.437
     3.022
     4.018
     3.392
     3.565
     3.048
     2.921
     3.225
     2.986
     3.008
     3.838
     2.648
     3.268
     3.193
     3.394
     3.304
     2.805
     3.815
     3.219
     2.851
     2.833
     3.237
     3.376
     2.619
     2.936
     3.782
     3.432
     3.055
     3.489
     2.880
     2.946
     3.446
     3.435
     3.074
     3.636
     3.479
     3.661
     3.616
     2.565
     3.587
     2.594
     2.915
     3.290
     3.191
     3.348
     3.553
     2.886
     3.223
     3.158
     2.546
     3.671
     3.176
     3.385
     3.527
     2.881
     3.381
     2.966
     2.781
     3.384
     3.310
     3.028
     3.294
     3.676
     3.154
     3.914
     3.329
     3.445
     3.075
     3.209
     3.459
     3.249
     3.484
     3.693
     3.474
     3.767
     3.464
     3.355
     3.464
     3.346
     2.417
     2.902
     2.739
     3.340
     3.356
     3.454
     2.817
     2.886
     3.455
     3.218
     3.071
     3.321
     3.023
     3.130
     2.949
     4.005
     2.791
     3.336
     3.132
     2.961
     3.202
     3.610
     2.640
     3.486
     2.518
     3.501
     3.814
     3.389
     2.802
     3.309
     3.284
     2.981
     2.935
     3.447
     3.272
     3.346
     2.885
     2.576
     3.001
     3.213
     3.441
     2.953
     3.273
     3.131
     3.464
     3.150
     2.662
     3.425
     3.333
     3.267
     3.621
     3.653
     2.642
     3.346
     3.363
     3.480
     2.998
     3.337
     3.560
     3.761
     3.630
     3.624
     2.813
     3.657
     3.664
     3.455
     3.257
     3.227
     3.798
     3.048
     2.631
     3.010
     3.247
     2.648
     3.337
     3.251
     1.956
     3.097
     3.363
     3.705
     3.656
     3.569
     3.408
     2.480
     3.693
     3.690
     2.745
     3.459
     3.328
     3.677
     3.473
     3.475
     3.107
     3.181
     3.267
     3.653
     3.150
     2.986
     3.154
     3.035
     3.121
     3.290
     3.786
     3.563
     2.824
     3.255
     3.401
     3.364
     3.210
     3.090
     2.245
     3.021
     3.321
     3.445
     3.198
     3.439
     2.973
     3.702
     2.906
     3.409
     3.072
     3.128
     2.683
     3.136
     2.954
     3.829
     2.342
     3.610
     3.810
     3.685
     2.816
     3.300
     3.680
     3.353
     3.186
     3.111
     3.530
     3.300
     3.573
     2.978
     3.537
     3.570
     3.424
     3.390
     2.926
     3.740
     2.804
     2.944
     3.462
     3.547
     2.877
     3.209
     2.531
     2.971
     3.584
     3.429
     3.083
     3.124
     2.950
     3.253
     3.104
     2.880
     3.037
     3.057
     3.736
     2.963
     3.506
     3.360
     2.407
     2.594
     2.193
     3.483
     3.464
     3.225
     3.056
     2.947
     2.560
     3.233
     3.486
     3.272
     3.930
     3.473
     2.432
     3.393
     3.430
     3.419
     3.430
     3.392
     3.650
     3.552
     3.522
     3.208
     3.344
     2.731
     2.765
     3.605
     3.538
     2.985
     2.915
     3.471
     3.648
     3.396
     3.648
     3.892
     3.333
     3.315
     3.357
     3.086
     3.076
     3.163
     3.397
     3.574
     3.532
     3.516
     2.698
     2.948
     2.610
     3.071
     3.660
     3.339
     3.641
     3.023
     2.480
     3.176
     3.290
     3.108
     3.155
     3.464
     2.920
     3.290
     2.772
     2.959
     3.034
     3.013
     2.916
     3.127
     3.947
     3.095
     3.621
     3.917
     3.319
     3.767
     3.347
     2.954
     3.771
     3.266
     2.869
     3.457
     2.997
     2.966
     3.707
     3.082
     2.905
     3.534
     3.222
     3.024
     3.264
     2.875
     3.017
     2.999
     3.364
     3.476
     2.965
     3.589
     3.545
     3.487
     3.577
     2.818
     3.236
     3.413
     2.535
     3.318
     3.409
     3.387
     3.835
     3.557
     3.179
     2.976
     3.890
     3.418
     3.582
     3.552
     3.016
     3.232
     3.232
     3.382
     3.089
     3.464
     3.104
     3.166
     3.287
     3.117
     3.044
     3.381
     3.103
     3.690
     3.467
     2.986
     3.410
     3.519
     3.534
     3.427
     3.599
     3.599
     3.098
     3.001
     3.898
     2.883
     3.710
     2.760
     3.981
     3.323
     3.336
     3.399
     3.250
     3.677
     2.672
     3.943
     2.521
     3.395
     3.348
     3.069
     3.566
     3.153
     3.495
     3.385
     3.491
     3.364
     3.010
     3.698
     3.279
     3.412
     2.737
     3.853
     3.624
     3.652
     2.937
     3.008
     3.624
     3.446
     3.096
     3.144
     3.409
     3.368
     3.304
     3.553
     3.327
     3.382
     3.425
     3.218
     2.886
     3.494
     2.243
     3.607
     2.911
     2.900
     3.370
     3.160
     2.567
     3.176
     3.733
     3.454
     3.258
     2.955
     3.808
     2.626
     3.271
     3.905
     3.094
     3.424
     3.095
     2.291
     3.575
     3.353
     3.174
     3.587
     2.917
     3.556
     3.324
     3.239
     3.211
     3.684
     3.264
     3.237
     2.777
     3.083
     3.562
     2.626
     3.889
     3.337
     3.760
     3.663
     3.448
     2.287
     3.888
     4.023
     3.437
     4.000
     3.060
     3.354
     3.356
     3.673
     3.264
     3.187
     3.291
     3.019
     3.180
     3.523
     3.542
     3.318
     3.305
     3.286
     3.269
     2.786
     2.801
     3.275
     3.210
     3.161
     3.118
     3.276
     2.722
     3.612
     3.293
     2.862
     2.788
     2.438
     3.206
     2.770
     2.607
     3.330
     3.203
     2.897
     3.529
     3.894
     2.896
     3.419
     3.401
     3.207
     3.730
     3.089
     3.099
     3.492
     3.483
     2.642
     3.326
     3.507
     2.646
     2.478
     3.178
     3.623
     3.094
     3.484
     3.211
     3.495
     3.008
     2.774
     3.403
     3.820
     2.369
     2.979
     2.778
     3.477
     3.353
     3.663
     3.694
     3.490
     3.276
     3.812
     3.539
     3.295
     3.239
     2.902
     3.491
     3.429
     3.359
     2.988
     3.767
     2.593
     3.242
     2.948
     3.422
     3.439
     3.587
     3.445
     3.810
     3.463
     2.796
     3.273
     3.064
     3.641
     3.649
     2.992
     2.903
     3.295
     4.027
     3.728
     3.390
     2.917
     2.982
     2.565
     3.484
     3.031
     3.443
     3.021
     3.228
     3.021
     3.448
     3.103
     3.201
     3.363
     3.235
     3.244
     3.414
     3.832
     3.174
     3.003
     3.114
     3.510
     3.464
     3.033
     3.426
     2.682
     3.445
     3.135
     3.978
     3.490
     2.815
     2.692
     3.687
     3.214
     2.837
     3.644
     3.281
     3.287
     2.880
     2.963
     3.801
     3.093
     3.031
     3.292
     2.935
     3.451
     3.513
     3.380
     2.440
     3.326
     3.843
     3.546
     2.647
     2.605
     2.966
     3.673
     2.967
     3.770
     3.109
     3.419
     2.908
     3.593
     4.032
     3.104
     3.370
     3.282
     3.572
     2.991
     3.391
     3.505
     3.435
     3.582
     3.370
     3.382
     3.154
     2.853
     3.472
     3.662
     2.902
     3.444
     3.617
     3.444
     3.203
     2.986
     3.310
     3.220
     2.834
     3.015
     3.426
     2.637
     3.678
     3.290
     2.738
     3.108
     2.639
     2.889
     3.361
     3.449
     3.591
     3.310
     3.284
     3.376
     3.639
     3.484
     3.697
     3.552
     3.381
     3.589
     3.412
     3.734
     2.907
     3.536
     3.327
     3.385
     3.728
     3.711
     3.477
     3.336
     3.076
     3.198
     3.686
     2.888
     3.144
     3.455
     2.999
     3.719
     3.762
     3.758
     3.385
     3.636
     3.664
     2.903
     3.387
     3.676
     3.199
     3.383
     3.543
     3.506
     2.577
     3.408
     2.675
     3.929
     3.923
     3.316
     2.860
     2.556
     3.133
     3.046
     3.507
     3.770
     3.794
     3.674
     3.450
     3.779
     2.535
     3.648
     3.409
     3.047
     3.043
     3.285
     3.404
     3.329
     3.662
     3.031
     3.359
     3.102
     3.379
     3.486
     3.437
     2.859
     3.379
     3.600
     2.878
     3.255
     3.543
     2.960
     3.159
     3.244
     2.963
     3.359
     3.056
     3.373
     3.032
     3.031
     3.401
     3.133
     3.133
     3.045
     3.495
     2.941
     3.469
     2.323
     3.641
     3.471
     3.266
     2.824
     3.593
     3.093
     3.391
     2.928
     3.611
     3.495
     2.977
     3.080
     3.465
     3.463
     3.527
     3.397
     2.617
     3.214
     3.375
     2.941
     2.790
     3.318
     3.312
     3.042
     3.474
     3.063
     3.645
     2.621
     3.266
     3.413
     3.601
     3.442
     2.795
     2.944
     3.411
     2.939
     3.149
     2.965
     3.381
     3.432
     3.692
     3.036
     3.580
     2.788
     3.067
     2.925
     2.989
     2.873
     2.988
     2.963
     3.428
     3.065
     2.617
     3.439
     3.302
     3.281
     2.673
     2.983
     3.497
     2.863
     3.950
     3.433
     2.833
     2.916
     3.018
     3.733
     3.552
     3.166
     2.521
     3.689
     2.671
     3.353
     3.201
     2.936
     3.655
     3.498
     3.202
     3.460
     3.127
     3.008
     3.145
     3.682
     2.747
     3.819
     2.328
     2.847
     2.768
     3.161
     3.344
     3.319
     3.321
     3.477
     3.714
     3.033
     3.096
     3.760
     2.725
     2.972
     3.072
     3.001
     3.660
     3.129
     3.053
     2.999
     3.204
     3.326
     3.150
     3.314
     2.861
     3.200
     3.632
     3.645
     3.323
     2.973
     3.332
     3.731
     3.386
     2.943
     3.187
     3.447
     2.853
     3.512
     2.964
     2.969
     3.196
     2.883
     3.522
     3.313
     3.655
     3.208
     2.177
     3.502
     2.763
     3.062
     3.056
     3.611
     3.051
     2.888
     3.035
     3.295
     3.310
     3.599
     3.855
     3.585
     3.068
     3.558
     3.191
     2.566
     2.818
     3.393
     3.003
     2.789
     3.074
     3.232
     2.972
     2.979
     3.383
     3.358
     2.997
     3.418
     3.136
     3.458
     3.378
     3.600
     3.502
     3.276
     3.440
     2.990
     2.943
     3.500
     2.988
     3.941
     3.802
     3.068
     3.434
     3.520
     3.495
     2.994
     3.150
     3.511
     3.285
     3.746
     3.318
     3.456
     3.332
     3.419
     3.120
     3.391
     3.551
     3.103
     2.988
     4.026
     2.597
     2.892
     3.068
     3.110
     3.336
     3.373
     3.035
     3.699
     3.633
     3.525
     2.895
     3.463
     3.481
     3.413
     3.566
     3.403
     3.362
     3.443
     2.585
     3.121
     3.226
     3.647
     3.299
     3.317
     3.932
     3.515
     3.329
     2.863
     2.996
     3.362
     3.660
     3.188
     2.330
     3.385
     3.535
     3.684
     3.709
     2.784
     3.668
     3.395
     3.742
     3.577
     3.692
     3.383
     3.086
     3.410
     2.988
     3.431
     3.235
     3.442
     3.578
     3.091
     2.907
     2.835
     2.874
     3.559
     2.486
     2.844
     3.303
     3.412
     3.524
     3.003
     2.963
     3.756
     3.177
     3.464
     3.712
     2.856
     3.432
     3.664
     3.102
     2.841
     3.732
     3.035
     3.432
     3.175
     3.168
     3.890
     3.183
     3.433
     3.346
     3.252
     2.761
     3.288
     3.972
     3.433
     3.547
     3.375
     2.964
     2.488
     3.863
     3.678
     3.012
     3.021
     3.330
     2.531
     3.538
     3.311
     2.693
     3.044
     3.522
     2.925
     3.449
     3.403
     3.575
     3.094
     2.930
     3.397
     2.989
     3.786
     2.656
     2.924
     3.405
     3.570
     3.829
     3.849
     3.058
     3.273
     3.158
     3.252
     3.855
     3.540
     2.967
     3.463
     2.926
     3.384
     3.422
     3.409
     3.353
     3.332
     2.793
     3.856
     3.319
     3.206
     3.407
     3.483
     3.354
     3.438
     3.386
     3.558
     2.804
     3.695
     3.675
     3.380
     3.508
     3.299
     3.358
     3.750
     3.402
     3.308
     3.334
     3.219
     3.024
     3.109
     3.355
     2.950
     3.182
     3.801
     3.182
     3.404
     3.378
     3.475
     3.072
     2.827
     2.774
     3.165
     2.586
     3.509
     3.568
     3.620
     3.613
     2.753
     2.732
     3.806
     3.579
     3.095
     2.997
     3.121
     3.707
     3.344
     3.253
     2.588
     3.262
     3.381
     3.209
     3.177
     2.958
     3.349
     3.236
     3.364
     2.870
     3.526
     3.445
     2.561
     3.526
     3.501
     3.388
     3.134
     3.162
     2.769
     3.574
     2.926
     2.795
     3.139
     3.130
     3.022
     3.690
     3.324
     3.529
     2.539
     3.194
     2.708
     3.468
     3.268
     2.704
     3.628
     3.070
     3.101
     3.969
     3.165
     3.035
     3.914
     3.364
     2.987
     3.241
     3.472
     3.658
     3.153
     3.148
     3.105
     3.153
     3.132
     3.444
     3.401
     3.412
     2.738
     3.093
     3.774
     3.068
     3.292
     3.492
     3.232
     3.682
     3.220
     3.973
     3.626
     3.385
     3.410
     3.473
     3.135
     3.963
     3.552
     3.328
     3.218
     3.756
     3.235
     3.689
     3.226
     3.446
     2.933
     3.843
     3.067
     3.844
     3.501
     3.934
     3.023
     3.329
     3.118
     2.837
     2.999
     3.714
     3.012
     2.551
     3.396
     2.947
     3.040
     2.922
     3.000
     2.627
     3.644
     2.982
     2.984
     3.566
     3.498
     3.143
     2.957
     2.975
     3.686
     2.951
     3.557
     3.417
     2.919
     3.303
     3.001
     3.551
     3.238
     3.129
     2.248
     3.697
     3.926
     3.299
     3.559
     3.472
     3.541
     3.521
     3.623
     3.313
     3.732
     2.912
     2.929
     3.675
     2.906
     2.832
     2.883
     3.162
     3.116
     2.793
     3.205
     3.262
     3.489
     2.904
     3.275
     3.219
     3.378
     3.096
     2.554
     3.682
     3.330
     3.357
     3.046
     3.330
     3.405
     3.376
     3.407
     3.249
     3.482
     3.443
     3.097
     2.746
     3.300
     3.089
     3.365
     3.575
     3.841
     3.681
     3.831
     3.588
     3.079
     3.632
     2.208
     3.629
     3.532
     3.616
     3.485
     2.602
     3.532
     3.147
     2.978
     3.837
     2.997
     2.898
     3.599
     3.112
     3.291
     3.094
     3.086
     3.703
     3.173
     3.290
     3.636
     3.425
     3.005
     2.812
     3.396
     2.589
     3.208
     3.248
     3.283
     3.542
     2.829
     3.050
     3.481
     3.495
     3.471
     2.817
     3.409
     2.684
     3.489
     3.016
     3.033
     3.385
     3.247
     2.653
     3.070
     2.965
     2.835
     2.755
     3.836
     3.247
     3.169
     2.958
     3.454
     3.374
     3.757
     3.667
     2.571
     2.792
     2.925
     3.134
     3.061
     2.180
     3.036
     3.836
     3.741
     3.164
     3.464
     3.033
     3.613
     3.472
     3.256
     3.239
     2.996
     3.261
     3.343
     3.150
     3.295
     3.440
     3.889
     3.245
     3.366
     3.349
     3.073
     3.419
     3.333
     2.927
     3.398
     2.705
     3.776
     3.395
     3.216
     3.002
     3.284
     3.189
     3.144
     3.491
     3.400
     2.956
     2.979
     3.311
     3.572
     3.640
     3.102
     3.600
     3.490
     3.420
     3.414
     3.182
     3.301
     3.393
     3.777
     3.864
     3.550
     3.378
     3.614
     3.385
     3.504
     3.694
     3.056
     3.279
     2.737
     3.166
     2.335
     3.326
     3.428
     3.164
     3.002
     3.215
     3.152
     3.378
     2.905
     3.309
     3.011
     2.816
     2.830
     2.757
     3.547
     2.907
     3.331
     3.642
     3.580
     3.821
     3.249
     3.733
     3.017
     2.215
     3.155
     3.459
     3.489
     3.633
     3.459
     3.087
     3.258
     2.899
     3.545
     3.019
     2.874
     3.637
     3.398
     3.463
     3.393
     3.325
     3.213
     3.803
     4.036
     2.967
     2.881
     2.959
     3.399
     3.491
     2.447
     2.831
     4.052
     3.105
     3.470
     2.881
     3.340
     3.329
     3.520
     3.177
     3.407
     3.950
     2.955
     2.965
     3.290
     2.758
     3.102
     3.820
     3.576
     3.691
     3.845
     3.633
     3.036
     2.658
     2.551
     3.681
     3.668
     3.067
     3.530
     2.811
     3.434
     3.001
     3.068
     2.766
     3.048
     2.812
     3.380
     3.292
     2.997
     2.604
     2.978
     3.423
     2.842
     3.491
     3.207
     3.454
     2.922
     3.507
     3.498
     3.679
     3.538
     3.027
     3.791
     3.569
     3.109
     3.423
     3.599
     3.337
     3.086
     3.805
     2.879
     3.589
     3.574
     2.916
     3.262
     3.216
     3.294
     3.559
     3.378
     3.493
     3.590
     3.185
     2.760
     2.755
     3.570
     3.716
     2.926
     3.121
     3.622
     3.380
     3.590
     3.038
     3.414
     3.057
     3.308
     3.199
     3.475
     3.326
     3.562
     3.268
     3.451
     2.987
     3.559
     3.409
     3.403
     3.063
     3.374
     2.337
     3.333
     3.435
     2.677
     3.029
     3.269
     3.205
     3.599
     3.342
     3.564
     3.424
     3.462
     3.511
     3.093
     3.722
     3.313
     3.761
     2.994
     3.482
     3.438
     3.556
     3.020
     3.330
     3.037
     2.943
     3.474
     2.304
     3.738
     3.765
     3.022
     2.926
     3.343
     2.954
     3.228
     3.133
     3.371
     3.205
     3.137
     3.472
     3.501
     3.708
     3.199
     2.692
     2.824
     3.465
     3.617
     3.902
     3.173
     2.907
     3.610
     3.034
     3.018
     3.542
     3.947
     2.650
     3.421
     3.379
     3.435
     3.228
     3.385
     3.333
     3.895
     2.709
     3.354
     3.899
     3.280
     3.251
     3.343
     3.033
     3.045
     3.008
     3.600
     3.350
     2.949
     3.846
     2.711
     2.285
     3.368
     2.766
     3.505
     3.533
     3.538
     2.936
     3.425
     3.246
     2.815
     2.858
     3.511
     3.378
     3.367
     3.078
     2.928
     2.994
     3.406
     3.747
     3.517
     3.501
     3.484
     3.552
     3.394
     3.641
     3.607
     3.271
     3.088
     3.250
     3.097
     3.291
     3.108
     3.235
     3.275
     2.854
     3.596
     2.656
     3.097
     3.115
     3.655
     3.676
     3.162
     3.653
     3.215
     3.720
     3.246
     2.823
     3.368
     3.327
     3.408
     2.937
     3.471
     2.774
     2.980
     3.773
     3.239
     3.443
     3.138
     3.003
     3.859
     3.618
     3.464
     3.346
     3.298
     2.928
     3.245
     2.939
     3.453
     3.380
     3.564
     3.826
     2.641
     2.809
     3.380
     3.925
     3.849
     3.911
     3.860
     3.418
     2.665
     3.371
     3.781
     3.764
     3.421
     3.701
     3.201
     2.812
     3.601
     2.746
     3.483
     3.946
     2.961
     2.816
     3.390
     3.455
     3.261
     2.882
     2.729
     3.375
     3.541
     2.973
     3.568
     3.608
     3.100
     3.539
     3.972
     3.619
     3.685
     3.830
     3.619
     3.134
     3.114
     2.574
     3.203
     2.696
     2.956
     2.852
     2.998
     3.429
     3.703
     3.612
     3.327
     3.338
     2.862
     3.381
     3.348
     3.348
     3.102
     2.509
     3.445
     3.179
     3.475
     2.825
     3.055
     2.744
     3.101
     2.902
     3.181
     3.432
     3.409
     3.008
     3.537
     2.799
     2.983
     3.380
     3.630
     3.379
     3.285
     3.099
     3.059
     3.448
     3.182
     3.502
     3.160
     3.667
     2.833
     3.159
     3.721
     3.007
     2.805
     3.503
     3.335
     3.504
     2.988
     3.588
     3.456
     3.007
     3.640
     3.650
     3.386
     3.435
     3.507
     3.616
     3.094
     3.663
     3.472
     3.188
     3.301
     3.385
     3.217
     3.389
     2.988
     3.791
     3.426
     3.146
     3.499
     3.693
     3.529
     2.776
     3.719
     3.025
     3.366
     3.391
     3.353
     3.259
     3.218
     3.686
     3.096
     3.402
     2.954
     3.000
     3.006
     3.247
     3.429
     3.287
     3.192
     3.282
     3.268
     2.712
     2.339
     3.945
     3.048
     3.536
     3.774
     2.900
     3.286
     3.519
     2.976
     3.265
     3.733
     3.525
     2.613
     3.136
     3.320
     2.591
     3.935
     3.078
     3.449
     3.603
     3.958
     3.368
     2.987
     3.335
     2.631
     3.128
     3.690
     3.518
     3.323
     3.603
     3.121
     3.464
     3.003
     2.694
     3.727
     3.460
     3.502
     3.467
     3.386
     2.999
     3.133
     3.328
     3.097
     3.408
     2.738
     3.023
     3.628
     3.479
     3.194
     3.761
     3.248
     3.615
     3.381
     2.930
     3.394
     3.081
     3.710
     3.246
     3.538
     3.318
     2.395
     3.445
     2.859
     3.114
     3.618
     4.009
     3.704
     2.772
     3.887
     2.811
     3.702
     2.754
     3.859
     3.416
     3.213
     3.641
     2.919
     3.406
     3.289
     2.756
     3.983
     3.586
     3.083
     3.163
     3.644
     3.071
     3.861
     2.853
     3.271
     3.539
     3.232
     2.901
     3.441
     3.193
     3.203
     2.832
     2.613
     3.489
     3.424
     3.367
     3.201
     3.065
     2.934
     2.957
     2.943
     3.300
     3.299
     3.380
     3.031
     3.563
     2.854
     2.818
     3.441
     2.983
     2.399
     2.893
     2.594
     3.009
     3.409
     3.510
     3.468
     3.002
     3.120
     2.517
     2.992
     3.642
     3.010
     2.903
     3.343
     3.368
     3.660
     3.404
     3.212
     2.925
     3.709
     3.282
     2.930
     3.468
     3.141
     3.197
     3.063
     2.775
     3.215
     3.362
     3.130
     2.355
     3.354
     3.138
     2.997
     3.440
     3.223
     3.640
     3.504
     3.517
     3.405
     3.405
     3.539
     3.459
     3.572
     3.112
     3.384
     3.723
     3.263
     3.039
     3.247
     3.351
     2.781
     3.163
     3.596
     3.224
     3.136
     3.331
     3.670
     2.940
     2.823
     3.807
     3.686
     2.690
     3.382
     3.483
     3.111
     3.426
     3.792
     3.241
     3.400
     3.471
     3.525
     3.228
     3.355
     3.199
     3.090
     3.736
     3.399
     3.129
     2.723
     2.993
     3.492
     3.413
     3.460
     2.962
     3.037
     3.376
     3.703
     3.371
     3.067
     2.347
     3.629
     3.331
     3.365
     3.082
     3.262
     3.198
     3.298
     3.595
     3.036
     3.788
     3.976
     3.590
     2.790
     2.902
     3.316
     3.611
     3.114
     2.108
     3.582
     2.120
     3.154
     3.068
     2.892
     3.300
     3.173
     3.418
     3.161
     2.916
     3.518
     3.073
     2.494
     2.966
     2.125
     3.700
     3.532
     3.610
     3.334
     2.987
     3.100
     3.785
     3.333
     3.865
     3.071
     3.541
     3.432
     3.098
     3.097
     3.915
     3.729
     3.471
     3.755
     3.195
     3.586
     3.089
     2.368
     3.002
     3.856
     3.045
     2.876
     3.740
     3.253
     3.205
     3.270
     3.267
     3.368
     3.279
     2.649
     3.496
     3.623
     3.109
     3.448
     3.379
     3.356
     3.384
     3.683
     3.333
     2.634
     3.180
     3.367
     3.348
     2.801
     3.112
     3.131
     3.445
     3.219
     3.515
     2.769
     2.769
     2.972
     3.303
     2.529
     3.089
     3.201
     3.126
     3.191
     3.536
     3.221
     2.738
     3.293
     3.280
     3.644
     2.932
     3.351
     3.271
     2.998
     2.873
     3.237
     3.557
     3.381
     3.029
     2.677
     2.748
     2.728
     2.629
     3.416
     2.957
     3.506
     3.539
     3.335
     2.982
     3.114
     3.343
     3.015
     3.541
     3.275
     3.344
     3.620
     3.041
     3.115
     2.909
     3.800
     3.177
     3.354
     3.086
     3.047
     2.988
     3.311
     3.152
     3.709
     3.467
     3.450
     3.408
     3.038
     2.569
     3.399
     3.203
     3.094
     3.588
     3.453
     3.381
     3.388
     3.275
     2.826
     3.202
     3.073
     2.983
     3.225
     3.407
     2.835
     3.447
     3.260
     3.155
     2.738
     2.732
     2.802
     3.970
     2.999
     2.914
     2.975
     3.313
     3.870
     3.143
     2.935
     2.724
     3.073
     3.527
     3.844
     3.379
     3.327
     2.969
     3.676
     3.100
     3.641
     3.095
     3.106
     3.387
     3.013
     3.410
     3.281
     3.156
     3.097
     2.968
     3.827
     3.532
     2.981
     3.392
     2.898
     2.820
     3.281
     3.312
     3.521
     3.410
     2.901
     3.239
     2.833
     3.380
     2.948
     2.495
     2.900
     3.516
     3.532
     3.387
     3.510
     2.806
     3.477
     2.636
     2.428
     3.026
     2.575
     3.638
     3.190
     3.698
     3.677
     3.216
     3.263
     2.834
     3.354
     3.376
     3.592
     2.860
     3.344
     3.289
     3.039
     2.977
     3.190
     3.036
     3.631
     3.012
     2.471
     3.950
     3.351
     3.452
     3.084
     3.387
     3.440
     3.193
     3.397
     3.480
     3.459
     3.479
     3.091
     3.126
     2.482
     2.777
     2.930
     3.393
     3.230
     3.258
     3.263
     3.832
     3.247
     3.045
     2.947
     3.052
     3.133
     3.631
     2.967
     3.175
     1.635
     3.253
     3.247
     3.438
     2.815
     3.081
     3.668
     3.920
     3.544
     3.197
     3.280
     3.447
     3.384
     3.180
     3.108
     3.650
     3.282
     3.594
     2.722
     3.118
     3.586
     3.442
     3.045
     3.816
     3.519
     3.841
     3.167
     3.177
     3.416
     3.310
     2.947
     3.012
     2.950
     3.008
     3.117
     3.575
     3.552
     3.165
     2.812
     3.029
     2.784
     3.420
     3.273
     3.160
     3.461
     3.048
     3.312
     3.349
     2.931
     2.644
     3.472
     3.003
     3.298
     3.322
     2.799
     3.441
     3.173
     3.224
     2.982
     3.071
     3.141
     3.687
     3.009
     4.032
     3.887
     2.694
     2.840
     3.131
     3.373
     3.029
     3.875
     2.939
     3.420
     2.982
     3.438
     3.213
     3.962
     3.139
     3.380
     3.452
     3.049
     3.240
     3.527
     3.211
     3.223
     3.352
     2.916
     3.034
     3.036
     2.948
     3.472
     3.039
     3.697
     3.903
     2.886
     2.949
     3.502
     2.590
     3.567
     3.395
     3.360
     3.610
     2.727
     3.009
     3.360
     3.248
     3.411
     3.452
     3.291
     3.279
     3.402
     3.071
     3.498
     2.903
     3.299
     3.400
     3.950
     3.300
     3.501
     3.412
     3.190
     3.485
     3.397
     3.095
     3.473
     3.764
     3.047
     2.977
     3.312
     3.137
     2.990
     3.161
     4.002
     3.294
     3.603
     3.428
     3.097
     2.733
     3.376
     3.447
     3.442
     3.454
     2.929
     3.395
     3.226
     3.404
     3.026
     3.326
     2.519
     3.673
     3.083
     2.861
     3.213
     3.514
     3.008
     3.479
     2.688
     3.523
     3.259
     2.852
     2.880
     2.855
     3.399
     3.917
     2.390
     3.591
     3.390
     3.349
     3.340
     3.145
     3.972
     3.293
     2.976
     3.112
     3.031
     3.643
     3.535
     2.977
     3.397
     3.770
     3.833
     3.333
     3.383
     2.678
     3.152
     3.018
     3.093
     2.829
     3.207
     3.165
     3.030
     3.442
     3.223
     3.134
     3.232
     3.426
     3.864
     3.103
     2.889
     3.734
     3.063
     3.699
     3.413
     2.729
     2.745
     3.164
     3.044
     3.599
     3.378
     3.420
     2.721
     3.510
     3.721
     3.273
     3.781
     3.199
     3.316
     3.494
     3.283
     2.864
     2.818
     3.423
     3.223
     3.493
     2.770
     2.890
     3.045
     3.077
