     2.353
     2.411
     2.313
     2.268
     2.218
     2.157
     2.062
     1.997
     1.997
     2.019
     2.057
     2.147
     2.258
     2.329
     2.372
     2.392
     2.388
     2.376
     2.363
     2.354
     2.354
     2.369
     2.392
     2.413
     2.433
     2.436
     2.443
     2.462
     2.483
     2.490
     2.521
     2.536
     2.536
     2.521
     2.541
     2.544
     2.546
     2.558
     2.588
     2.618
     2.721
     2.770
     2.818
     2.867
     2.915
     2.974
     2.993
     2.994
     2.982
     2.956
     2.923
     2.884
     2.867
     2.833
     2.811
     2.771
     2.730
     2.692
     2.651
     2.614
     2.578
     2.557
     2.564
     2.584
     2.588
     2.600
     2.621
     2.636
     2.645
     2.645
     2.645
     2.653
     2.665
     2.668
     2.668
     2.687
     2.703
     2.715
     2.742
     2.769
     2.803
     2.826
     2.824
     2.838
     2.851
     2.847
     2.909
     2.972
     3.090
     3.181
     3.227
     3.228
     3.209
     3.167
     3.106
     3.059
     3.011
     2.962
     2.896
     2.812
     2.616
     2.443
     2.244
     2.162
     2.144
     2.170
     2.227
     2.365
     2.444
     2.545
     2.641
     2.741
     2.781
     2.771
     2.758
     2.755
     2.723
     2.707
     2.626
     2.593
     2.545
     2.501
     2.469
     2.431
     2.394
     2.320
     2.230
     2.142
     2.050
     2.003
     2.083
     2.253
     2.343
     2.350
     2.348
     2.324
     2.306
     2.342
     2.484
     2.528
     2.533
     2.534
     2.590
     2.647
     2.694
     2.748
     2.803
     2.824
     2.809
     2.768
     2.737
     2.688
     2.641
     2.565
     2.503
     2.496
     2.515
     2.549
     2.619
     2.682
     2.716
     2.710
     2.650
     2.549
     2.349
     2.221
     2.120
     2.112
     2.114
     2.120
     2.120
     2.162
     2.220
     2.282
     2.343
     2.387
     2.472
     2.495
     2.511
     2.561
     2.605
     2.687
     2.740
     2.803
     2.854
     2.869
     2.861
     2.841
     2.815
     2.807
     2.784
     2.776
     2.771
     2.760
     2.742
     2.708
     2.689
     2.671
     2.658
     2.637
     2.594
     2.553
     2.509
     2.475
     2.456
     2.416
     2.347
     2.241
     2.229
     2.359
     2.483
     2.565
     2.627
     2.693
     2.790
     2.878
     2.916
     2.932
     2.923
     2.905
     2.860
     2.750
     2.619
     2.388
     2.292
     2.466
     2.568
     2.686
     2.782
     2.860
     2.924
     2.983
     2.993
     2.994
     2.986
     2.970
     2.910
     2.853
     2.777
     2.639
     2.467
     2.334
     2.432
     2.639
     2.710
     2.723
     2.710
     2.718
     2.730
     2.751
     2.779
     2.797
     2.797
     2.778
     2.738
     2.701
     2.647
     2.562
     2.463
     2.383
     2.323
     2.304
     2.296
     2.284
     2.281
     2.275
     2.292
     2.328
     2.356
     2.362
     2.388
     2.400
     2.395
     2.378
     3.166
     2.406
     2.638
     2.678
     2.904
     2.747
     2.792
     2.446
     2.207
     2.630
     2.789
     3.142
     3.113
     2.609
     2.731
     2.817
     2.927
     2.742
     2.552
     2.504
     2.209
     2.660
     2.962
     2.370
     2.716
     2.717
     2.944
     2.350
     2.960
     2.742
     3.027
     2.862
     2.326
     2.340
     2.528
     2.055
     2.429
     2.580
     2.550
     2.830
     2.480
     2.022
     2.289
     2.384
     2.787
     2.838
     2.878
     2.651
     2.800
     2.974
     2.705
     2.541
     2.798
     2.884
     2.769
     2.763
     2.837
     3.302
     2.612
     2.539
     2.709
     2.734
     3.088
     2.976
     3.056
     1.986
     2.732
     3.120
     2.831
     2.559
     2.946
     1.870
     2.689
     2.423
     2.566
     2.683
     2.636
     2.755
     2.324
     2.720
     2.203
     2.488
     2.215
     2.691
     3.001
     2.374
     2.567
     3.138
     2.913
     2.051
     2.156
     2.877
     2.231
     2.301
     2.519
     2.580
     2.383
     2.443
     2.786
     2.660
     2.568
     2.723
     2.068
     2.714
     2.338
     2.531
     2.726
     2.658
     2.476
     2.628
     2.501
     2.836
     2.188
     2.774
     2.605
     3.216
     2.367
     2.571
     2.781
     2.900
     3.005
     2.494
     2.731
     2.699
     2.692
     2.306
     2.740
     2.758
     2.537
     2.635
     2.756
     3.086
     2.843
     2.617
     2.788
     2.161
     3.207
     2.901
     2.619
     2.682
     2.291
     3.076
     2.863
     2.287
     2.552
     2.976
     2.622
     2.380
     2.512
     2.353
     2.683
     2.515
     2.043
     2.697
     3.014
     2.467
     2.575
     2.512
     2.616
     2.740
     2.569
     2.699
     2.625
     2.596
     2.275
     3.017
     2.560
     2.435
     2.492
     2.916
     2.946
     2.738
     2.690
     2.757
     2.531
     2.182
     2.696
     2.356
     2.371
     2.490
     3.284
     2.553
     2.747
     3.012
     2.837
     2.450
     2.473
     2.591
     2.313
     2.308
     3.033
     2.308
     2.866
     2.937
     2.817
     2.673
     2.594
     2.782
     2.379
     2.907
     3.124
     2.744
     2.833
     2.706
     2.565
     2.430
     2.726
     3.059
     2.915
     2.873
     2.698
     3.178
     2.843
     2.697
     2.748
     2.338
     2.366
     2.761
     2.814
     2.267
     2.831
     2.463
     2.389
     2.768
     2.968
     2.369
     2.539
     2.784
     2.233
     2.018
     2.869
     2.082
     2.638
     2.660
     2.755
     2.814
     2.450
     2.776
     1.856
     2.167
     3.014
     3.020
     2.496
     3.275
     2.561
     2.340
     2.900
     2.568
     2.724
     2.774
     2.365
     2.806
     2.481
     2.610
     2.490
     2.979
     2.351
     2.549
     2.374
     2.811
     3.010
     2.555
     2.101
     2.819
     2.742
     2.298
     2.942
     2.886
     2.378
     2.473
     2.826
     2.776
     2.560
     2.778
     2.391
     2.086
     3.174
     2.819
     2.732
     2.873
     3.086
     2.216
     2.766
     2.447
     2.115
     2.839
     3.141
     2.526
     2.746
     2.806
     2.821
     2.704
     2.498
     3.024
     2.699
     2.603
     2.711
     2.691
     2.727
     2.863
     3.178
     2.713
     2.431
     2.937
     2.671
     2.636
     3.086
     3.129
     2.374
     2.691
     2.582
     3.178
     2.293
     2.634
     2.314
     2.591
     2.656
     2.781
     2.827
     2.345
     2.683
     2.709
     2.294
     2.718
     3.241
     2.561
     2.129
     2.614
     2.637
     2.380
     2.636
     2.670
     2.959
     2.607
     2.335
     2.404
     2.791
     2.640
     2.582
     2.551
     2.317
     2.358
     2.485
     2.540
     2.759
     2.791
     2.529
     2.359
     2.541
     2.556
     2.691
     2.891
     2.707
     2.959
     2.750
     2.576
     2.735
     2.715
     2.081
     2.922
     2.400
     2.404
     2.764
     2.512
     2.430
     2.822
     2.157
     3.061
     2.356
     2.718
     2.529
     2.638
     2.460
     2.363
     2.680
     2.784
     2.617
     2.558
     2.076
     2.919
     2.444
     2.481
     2.333
     2.734
     2.941
     2.856
     2.633
     2.743
     2.772
     2.565
     2.717
     2.649
     2.760
     2.860
     2.710
     2.856
     1.800
     2.819
     2.476
     3.189
     2.304
     2.979
     2.460
     2.580
     2.845
     2.442
     2.071
     2.453
     2.410
     2.258
     2.779
     2.679
     2.568
     2.739
     2.777
     3.318
     2.648
     2.135
     2.263
     3.011
     2.804
     2.589
     2.559
     2.696
     2.456
     2.657
     2.730
     2.531
     3.132
     2.776
     2.867
     2.619
     2.775
     3.027
     2.582
     2.504
     2.344
     2.773
     2.920
     2.980
     2.400
     2.702
     2.750
     2.834
     2.456
     2.380
     2.666
     2.537
     2.651
     2.490
     2.196
     2.405
     2.727
     2.364
     2.758
     2.608
     2.402
     2.844
     2.998
     2.471
     3.283
     2.178
     2.569
     2.542
     2.313
     2.445
     2.843
     2.909
     2.878
     2.772
     2.525
     2.235
     3.217
     2.826
     2.832
     2.550
     2.835
     2.856
     2.351
     2.394
     3.056
     2.022
     2.856
     2.988
     2.759
     2.385
     2.462
     2.837
     2.606
     2.708
     2.924
     2.756
     2.626
     2.644
     2.862
     2.491
     2.280
     2.454
     2.512
     2.799
     2.834
     2.890
     2.619
     2.567
     2.984
     3.280
     2.889
     2.676
     2.608
     2.444
     2.867
     2.729
     2.174
     2.469
     1.772
     2.873
     2.737
     2.844
     2.417
     2.287
     2.629
     2.298
     2.449
     2.699
     3.099
     2.436
     3.224
     2.385
     2.258
     2.672
     2.282
     2.798
     2.476
     2.509
     2.916
     2.584
     2.949
     2.765
     2.370
     3.052
     3.058
     2.765
     2.685
     2.102
     2.427
     2.369
     2.699
     2.659
     2.592
     2.558
     2.637
     3.096
     2.405
     2.594
     3.087
     2.589
     2.457
     3.140
     2.666
     2.447
     2.534
     2.594
     2.426
     2.899
     2.832
     2.698
     2.729
     2.952
     2.725
     1.901
     2.832
     2.043
     2.151
     2.788
     3.224
     2.548
     2.115
     2.541
     2.684
     2.704
     2.402
     2.958
     2.392
     2.698
     2.980
     2.950
     2.708
     2.432
     2.937
     2.488
     2.781
     2.333
     2.507
     2.360
     2.371
     3.082
     2.647
     2.610
     2.535
     3.013
     3.150
     2.479
     2.284
     2.886
     2.500
     2.071
     2.645
     2.616
     2.453
     2.583
     2.647
     2.300
     2.905
     2.632
     2.693
     2.423
     2.405
     2.682
     2.894
     2.389
     2.786
     2.738
     2.717
     2.355
     2.183
     2.836
     2.813
     2.245
     2.662
     2.405
     2.773
     2.439
     2.921
     2.821
     2.543
     2.355
     2.308
     3.060
     2.689
     2.813
     3.118
     2.914
     2.258
     2.193
     2.543
     3.104
     2.651
     2.698
     2.619
     2.925
     2.549
     2.966
     2.873
     3.161
     2.685
     2.841
     2.789
     2.639
     1.873
     2.785
     2.702
     2.478
     2.906
     2.861
     2.691
     2.932
     2.648
     2.401
     2.343
     2.777
     2.498
     2.704
     2.747
     2.783
     2.032
     3.004
     2.589
     2.592
     2.017
     2.838
     2.788
     2.626
     3.202
     2.793
     2.888
     2.796
     2.432
     2.065
     2.443
     2.929
     2.746
     2.824
     2.245
     2.851
     2.450
     3.078
     2.920
     3.093
     2.376
     2.650
     3.009
     2.639
     2.889
     2.778
     2.704
     2.975
     2.726
     2.972
     2.542
     2.651
     2.257
     2.802
     2.854
     2.752
     2.718
     2.740
     2.833
     2.893
     2.412
     2.487
     2.734
     2.792
     2.734
     2.356
     2.386
     2.932
     2.749
     2.680
     2.591
     3.240
     2.325
     3.018
     3.059
     2.420
     2.699
     2.587
     2.944
     2.830
     2.249
     2.764
     2.483
     2.522
     2.083
     2.825
     2.438
     2.487
     2.228
     2.662
     2.338
     2.591
     2.823
     2.808
     3.134
     2.885
     2.543
     3.290
     2.912
     2.812
     2.642
     2.583
     2.900
     2.563
     2.742
     2.446
     2.947
     2.710
     2.814
     2.682
     2.974
     2.249
     2.705
     2.835
     3.002
     2.698
     2.395
     2.576
     2.619
     2.334
     2.972
     2.811
     1.846
     2.858
     2.902
     2.185
     3.004
     2.722
     2.786
     2.934
     2.290
     2.875
     2.586
     2.040
     2.707
     2.271
     2.498
     2.723
     2.519
     2.405
     3.056
     3.114
     2.672
     2.402
     2.373
     2.694
     2.734
     2.524
     2.772
     2.527
     2.499
     2.282
     2.715
     2.705
     2.790
     2.633
     1.972
     2.598
     2.718
     2.693
     2.566
     3.105
     2.915
     3.193
     2.756
     1.984
     2.359
     2.559
     2.790
     2.732
     2.633
     2.569
     3.118
     2.387
     3.243
     2.611
     2.876
     2.334
     2.339
     3.077
     2.225
     2.823
     2.758
     2.567
     2.644
     2.738
     2.721
     3.172
     2.550
     2.461
     2.028
     2.737
     2.988
     2.004
     2.519
     2.738
     2.653
     2.767
     2.480
     3.123
     2.866
     2.744
     2.428
     2.273
     2.596
     2.951
     2.621
     2.423
     2.392
     2.484
     2.669
     2.741
     2.139
     2.957
     2.935
     2.409
     2.921
     2.587
     2.592
     2.801
     2.813
     2.685
     2.848
     2.498
     2.675
     2.453
     2.968
     2.810
     2.594
     2.316
     2.378
     2.553
     2.721
     3.065
     2.648
     2.780
     2.692
     2.374
     2.792
     2.523
     2.907
     2.647
     2.461
     2.766
     2.400
     2.182
     2.734
     2.699
     2.866
     2.771
     2.316
     2.359
     3.104
     2.901
     2.637
     2.452
     2.537
     2.346
     2.232
     2.416
     2.872
     2.654
     2.820
     2.846
     3.160
     2.413
     2.344
     2.452
     2.613
     2.100
     2.713
     2.723
     2.813
     2.777
     2.574
     2.208
     2.242
     2.649
     2.743
     2.587
     2.638
     2.852
     2.512
     2.506
     2.590
     2.733
     2.387
     3.193
     2.427
     2.379
     2.926
     2.869
     3.093
     2.575
     2.423
     2.548
     2.515
     2.699
     1.961
     2.897
     2.995
     2.515
     2.603
     2.676
     2.143
     2.703
     2.929
     2.522
     1.951
     2.838
     2.470
     2.776
     2.825
     2.559
     2.735
     2.724
     2.595
     3.111
     2.179
     2.380
     2.637
     3.067
     2.736
     2.381
     2.776
     2.688
     2.592
     2.106
     3.146
     2.294
     2.746
     2.341
     2.773
     2.945
     2.266
     2.800
     2.294
     2.803
     2.764
     2.974
     2.826
     3.027
     2.278
     2.383
     2.498
     2.355
     2.885
     2.464
     2.733
     1.945
     2.486
     2.565
     2.731
     2.745
     2.611
     2.391
     3.116
     2.670
     3.295
     2.790
     2.706
     2.697
     2.791
     2.514
     2.331
     3.189
     2.496
     2.687
     2.888
     2.634
     2.945
     2.697
     2.913
     2.962
     2.900
     3.051
     2.839
     2.569
     2.938
     2.762
     2.737
     2.724
     2.336
     2.243
     2.720
     2.797
     2.176
     2.556
     2.351
     2.713
     2.680
     2.656
     2.513
     2.088
     2.738
     2.502
     2.313
     2.825
     2.729
     2.801
     2.243
     2.494
     2.391
     2.717
     2.712
     2.567
     2.685
     2.689
     2.356
     2.713
     2.853
     2.923
     2.802
     2.265
     2.951
     3.265
     2.420
     2.861
     2.243
     2.874
     2.886
     2.909
     2.774
     2.818
     2.588
     2.867
     2.837
     2.652
     2.710
     2.272
     2.540
     2.007
     2.750
     2.356
     2.705
     2.412
     2.520
     3.087
     2.508
     2.696
     2.437
     2.618
     3.144
     2.884
     3.222
     1.809
     2.794
     3.207
     2.604
     3.174
     2.989
     2.657
     2.683
     2.412
     2.635
     2.626
     2.576
     2.147
     2.736
     1.915
     2.165
     2.659
     2.348
     2.335
     2.566
     2.389
     2.379
     2.778
     2.407
     2.393
     2.524
     2.391
     2.685
     2.448
     2.572
     2.869
     2.908
     2.310
     2.442
     2.458
     2.516
     2.343
     2.614
     2.599
     2.541
     2.449
     2.417
     2.751
     2.903
     2.298
     2.516
     2.772
     2.597
     2.288
     2.951
     2.956
     2.569
     2.723
     2.582
     2.534
     2.909
     2.695
     2.225
     2.467
     2.567
     1.930
     3.304
     3.303
     2.468
     2.435
     2.806
     2.726
     2.416
     2.512
     2.457
     3.145
     2.509
     3.266
     2.606
     2.645
     2.503
     2.851
     3.159
     2.806
     2.172
     2.480
     2.330
     2.181
     2.686
     3.103
     2.641
     2.362
     2.651
     2.508
     2.531
     2.756
     2.400
     2.591
     2.808
     2.388
     2.993
     2.149
     2.564
     3.050
     3.105
     2.870
     2.678
     2.647
     2.735
     2.949
     2.335
     2.881
     2.796
     2.914
     2.749
     2.621
     2.390
     2.625
     2.727
     2.657
     2.746
     3.175
     2.658
     2.797
     2.518
     2.963
     2.706
     2.807
     3.060
     2.827
     2.475
     2.355
     2.764
     2.242
     2.685
     2.290
     2.754
     2.674
     2.718
     2.710
     2.833
     2.655
     2.639
     2.643
     2.042
     2.410
     2.249
     2.312
     2.750
     2.184
     2.641
     2.567
     2.425
     1.824
     2.801
     2.787
     2.712
     2.223
     2.527
     3.174
     2.530
     2.711
     2.770
     2.467
     2.605
     2.647
     2.083
     2.649
     3.135
     2.584
     2.720
     3.075
     2.380
     2.753
     2.823
     2.830
     2.816
     2.556
     2.665
     2.676
     2.139
     2.768
     2.539
     2.103
     2.914
     2.527
     2.856
     2.429
     2.898
     3.256
     2.586
     2.368
     2.638
     2.698
     2.528
     2.982
     2.800
     2.817
     2.822
     3.026
     2.986
     3.324
     2.815
     2.871
     2.618
     2.167
     2.946
     2.619
     1.839
     2.816
     2.497
     2.808
     2.936
     2.376
     2.522
     2.557
     3.153
     2.464
     3.206
     2.546
     2.611
     2.473
     2.874
     2.609
     1.664
     2.412
     2.395
     2.546
     2.621
     2.698
     2.513
     2.400
     2.754
     2.350
     2.980
     2.787
     2.891
     2.490
     2.743
     2.572
     2.458
     2.282
     2.779
     2.323
     2.374
     2.857
     2.706
     2.908
     2.475
     2.330
     1.980
     2.417
     2.687
     2.847
     2.564
     2.482
     2.782
     2.290
     2.202
     2.579
     2.353
     2.276
     2.255
     2.903
     2.848
     2.449
     2.628
     2.638
     2.908
     2.713
     2.080
     2.655
     2.805
     2.878
     2.576
     2.889
     2.364
     2.192
     2.760
     2.394
     2.455
     3.169
     2.571
     2.537
     3.005
     2.308
     2.726
     2.706
     2.896
     2.706
     2.689
     2.847
     2.698
     2.681
     2.726
     2.906
     2.566
     2.081
     2.363
     2.521
     2.141
     2.938
     2.824
     2.215
     2.764
     2.469
     2.825
     2.673
     2.748
     2.551
     2.841
     2.379
     2.487
     2.222
     2.368
     2.857
     2.522
     2.521
     2.969
     2.529
     2.904
     2.548
     2.955
     2.710
     2.744
     2.716
     2.219
     2.736
     2.761
     2.367
     2.921
     2.916
     2.107
     2.007
     2.111
     2.830
     2.651
     2.585
     2.505
     1.952
     2.931
     2.202
     2.658
     2.420
     2.499
     3.113
     2.477
     3.129
     2.355
     2.725
     2.367
     2.715
     2.626
     2.473
     2.890
     2.270
     3.088
     2.701
     2.633
     2.791
     2.371
     2.473
     2.958
     2.372
     2.255
     2.754
     2.725
     2.647
     2.679
     3.020
     2.608
     2.494
     2.715
     2.836
     2.826
     2.370
     2.615
     2.674
     2.406
     2.594
     2.747
     2.372
     2.531
     2.723
     2.704
     2.695
     2.628
     2.788
     2.964
     2.361
     2.373
     2.717
     2.542
     2.826
     2.740
     2.604
     2.906
     2.633
     2.381
     2.372
     2.516
     2.806
     2.514
     2.889
     2.345
     2.794
     2.049
     2.851
     2.975
     2.825
     2.873
     2.369
     3.010
     2.482
     2.486
     2.702
     2.802
     2.861
     2.542
     2.618
     2.881
     3.257
     2.460
     2.644
     2.732
     2.860
     2.962
     2.557
     2.310
     2.259
     3.145
     2.874
     2.580
     2.940
     2.646
     2.669
     3.083
     2.765
     2.646
     3.198
     2.851
     2.658
     2.347
     2.506
     2.884
     3.029
     2.204
     2.689
     2.356
     1.982
     2.588
     2.792
     3.108
     2.451
     2.414
     2.855
     2.574
     3.031
     2.413
     2.745
     2.777
     2.357
     3.308
     2.846
     2.649
     2.865
     2.534
     2.465
     2.677
     2.391
     2.344
     2.792
     2.727
     2.784
     2.762
     2.462
     2.441
     2.335
     2.538
     2.619
     2.996
     2.725
     2.335
     2.859
     2.136
     2.488
     1.966
     2.800
     2.604
     2.340
     2.433
     2.641
     2.418
     2.772
     2.578
     2.980
     2.344
     2.873
     2.104
     2.528
     2.946
     2.504
     2.477
     2.529
     3.087
     2.807
     2.708
     3.041
     2.200
     2.718
     2.563
     2.261
     2.892
     2.718
     2.239
     2.724
     3.235
     3.106
     3.085
     2.738
     2.678
     2.710
     2.668
     2.562
     2.719
     2.702
     3.085
     2.794
     2.704
     2.568
     2.428
     2.579
     2.057
     2.815
     1.940
     2.346
     2.743
     2.435
     2.971
     2.666
     2.663
     2.555
     2.688
     2.742
     2.797
     2.492
     2.943
     2.394
     2.644
     2.807
     2.821
     2.653
     2.974
     2.834
     2.836
     3.216
     2.138
     2.087
     2.692
     2.681
     2.725
     2.741
     2.434
     2.765
     2.424
     2.512
     2.271
     2.812
     2.451
     2.833
     2.781
     2.854
     2.342
     2.377
     2.631
     2.964
     2.412
     3.007
     3.082
     2.624
     2.643
     2.272
     2.655
     3.025
     2.997
     2.584
     2.824
     2.365
     3.040
     2.532
     2.805
     2.552
     2.766
     2.425
     3.151
     2.602
     2.538
     2.889
     2.363
     2.964
     2.595
     2.055
     2.659
     2.539
     2.714
     2.233
     2.162
     2.930
     2.832
     2.888
     2.754
     2.411
     2.730
     2.686
     2.467
     2.442
     2.509
     2.362
     2.902
     2.515
     2.647
     2.983
     2.827
     3.161
     2.467
     2.617
     2.152
     2.452
     2.115
     2.830
     2.391
     2.680
     2.808
     2.359
     2.787
     2.714
     3.206
     2.661
     2.368
     2.988
     2.134
     2.283
     2.656
     2.555
     2.725
     2.710
     2.680
     2.624
     2.667
     2.622
     2.815
     2.879
     2.807
     2.403
     2.672
     2.539
     2.898
     2.979
     2.865
     2.156
     2.872
     3.124
     2.665
     2.952
     2.351
     2.367
     2.204
     2.397
     2.707
     2.703
     2.802
     2.794
     2.664
     2.669
     2.561
     2.846
     2.613
     2.504
     2.604
     2.621
     2.658
     2.511
     2.710
     2.392
     2.939
     2.604
     3.218
     2.834
     2.222
     2.637
     2.404
     2.769
     3.187
     2.414
     2.668
     2.921
     2.871
     2.427
     2.729
     2.893
     2.515
     2.700
     2.125
     2.603
     3.213
     2.638
     3.067
     2.812
     2.801
     2.872
     3.030
     2.513
     2.535
     2.945
     2.837
     2.716
     2.857
     2.535
     2.535
     2.534
     2.403
     2.335
     2.277
     2.858
     2.419
     2.728
     2.727
     2.961
     2.899
     2.675
     2.797
     2.551
     2.548
     2.635
     2.504
     3.207
     3.059
     2.854
     2.721
     2.798
     2.468
     2.407
     2.610
     2.740
     2.656
     2.691
     2.730
     2.629
     2.732
     2.698
     2.743
     2.802
     2.838
     1.812
     2.345
     2.537
     2.625
     2.522
     2.345
     2.356
     2.374
     2.493
     2.368
     2.260
     2.736
     2.804
     2.465
     2.494
     2.352
     2.638
     2.405
     2.026
     2.955
     3.008
     2.981
     2.846
     2.992
     2.329
     2.686
     2.398
     2.552
     3.010
     2.290
     2.408
     2.445
     2.491
     2.791
     2.689
     2.909
     2.447
     2.794
     2.383
     2.351
     2.567
     2.279
     2.846
     2.584
     3.042
     2.544
     2.153
     2.548
     2.220
     2.067
     2.593
     2.909
     2.943
     2.853
     2.803
     2.525
     3.002
     2.906
     2.684
     2.278
     2.264
     2.441
     2.398
     2.540
     2.397
     2.373
     2.731
     2.624
     2.461
     2.133
     2.556
     2.905
     2.345
     2.981
     2.651
     1.883
     2.337
     2.707
     2.770
     2.725
     2.674
     2.087
     2.176
     2.735
     2.737
     3.024
     2.832
     3.104
     3.054
     2.776
     2.047
     2.676
     2.343
     2.598
     2.475
     3.095
     2.727
     2.752
     2.963
     2.600
     2.886
     2.402
     3.104
     2.467
     2.615
     2.638
     2.803
     2.657
     2.846
     2.738
     2.279
     2.392
     2.921
     2.190
     3.070
     2.711
     2.806
     2.579
     2.252
     2.362
     2.290
     2.914
     2.508
     2.780
     2.950
     2.495
     2.895
     2.846
     3.285
     3.018
     2.257
     2.123
     2.428
     2.679
     2.704
     3.158
     2.835
     2.608
     2.864
     2.789
     2.895
     2.427
     2.653
     3.007
     2.787
     2.965
     2.857
     3.257
     2.471
     2.769
     2.679
     3.042
     2.585
     3.004
     2.705
     2.777
     2.399
     2.798
     1.999
     1.895
     2.735
     2.855
     3.134
     2.553
     2.652
     2.174
     2.431
     2.569
     2.585
     2.742
     2.374
     2.629
     2.369
     2.866
     2.731
     3.025
     2.728
     3.140
     2.820
     2.295
     2.973
     2.705
     2.705
     2.754
     2.839
     2.853
     2.191
     3.066
     2.654
     3.260
     2.882
     2.433
     3.073
     2.820
     2.804
     2.438
     2.632
     2.775
     2.687
     2.883
     2.431
     2.727
     2.829
     2.750
     3.246
     2.963
     3.100
     2.603
     2.966
     2.599
     2.583
     3.028
     2.396
     2.825
     2.800
     2.871
     2.861
     2.467
     3.135
     2.800
     2.485
     2.941
     2.601
     2.895
     2.742
     2.896
     2.440
     2.473
     2.970
     2.707
     2.131
     2.630
     2.641
     2.929
     2.975
     2.528
     2.695
     2.701
     2.715
     2.674
     2.661
     2.913
     2.995
     2.510
     2.650
     2.628
     2.827
     2.444
     2.509
     2.395
     2.298
     2.892
     3.062
     2.505
     2.753
     2.695
     2.729
     2.513
     2.420
     2.681
     2.332
     2.273
     2.916
     2.588
     2.813
     2.508
     2.811
     3.243
     2.566
     2.715
     2.702
     2.445
     2.641
     1.808
     2.931
     2.697
     2.558
     2.461
     2.510
     2.727
     2.697
     3.068
     2.238
     2.830
     2.781
     2.288
     2.218
     2.628
     2.756
     2.545
     2.842
     2.759
     2.712
     2.553
     2.674
     2.595
     2.740
     3.243
     1.737
     2.308
     3.156
     2.734
     2.066
     2.555
     2.822
     3.165
     3.171
     3.045
     2.607
     3.016
     2.362
     2.591
     2.697
     2.421
     2.590
     2.876
     2.877
     2.782
     2.262
     3.310
     2.567
     2.804
     2.163
     2.770
     2.431
     3.036
     2.181
     2.843
     2.464
     2.952
     2.911
     2.920
     2.809
     2.601
     2.390
     2.440
     2.496
     2.888
     2.490
     2.891
     2.877
     2.602
     2.670
     2.498
     2.235
     2.715
     2.395
     2.376
     2.541
     2.699
     2.851
     2.899
     2.601
     2.686
     2.605
     2.758
     2.749
     2.486
     2.509
     2.747
     2.443
     2.545
     2.684
     2.460
     1.884
     2.310
     2.376
     2.029
     2.461
     2.716
     2.793
     2.413
     2.972
     2.492
     2.446
     2.967
     2.240
     2.934
     2.803
     2.325
     2.205
     2.635
     2.332
     2.716
     2.193
     2.946
     2.645
     2.443
     2.152
     2.499
     2.520
     2.623
     2.733
     3.023
     2.554
     2.507
     2.999
     2.993
     2.877
     2.187
     2.774
     2.391
     2.730
     3.087
     2.526
     2.526
     2.388
     2.794
     2.726
     2.440
     2.540
     2.753
     2.803
     2.544
     2.483
     2.615
     3.117
     2.398
     2.435
     2.159
     2.594
     2.777
     2.894
     2.511
     2.350
     2.806
     2.545
     2.721
     2.918
     2.350
     3.102
     2.687
     2.923
     2.624
     2.485
     2.186
     2.330
     2.392
     2.763
     2.694
     2.827
     2.136
     2.717
     1.910
     2.787
     2.351
     2.933
     2.561
     2.594
     2.361
     2.715
     2.635
     2.158
     2.626
     2.555
     2.609
     2.751
     2.347
     2.626
     2.363
     2.965
     1.970
     3.025
     2.457
     2.697
     2.856
     2.828
     2.760
     2.802
     2.290
     2.269
     2.264
     2.982
     2.759
     2.820
     2.567
     2.682
     2.801
     2.529
     2.720
     2.314
     2.868
     2.468
     3.070
     3.186
     2.818
     2.874
     3.158
     2.541
     2.796
     2.728
     2.502
     2.753
     2.523
     2.945
     2.350
     2.984
     2.366
     2.684
     2.728
     2.722
     2.628
     2.783
     2.712
     2.553
     2.817
     2.946
     2.393
     2.568
     2.393
     2.957
     2.859
     2.154
     2.510
     2.938
     3.053
     2.671
     2.748
     2.555
     2.714
     2.948
     2.909
     3.059
     2.597
     2.307
     2.813
     2.660
     2.712
     2.057
     2.639
     2.474
     2.630
     2.759
     2.334
     2.951
     2.856
     2.483
     2.887
     3.031
     2.610
     2.634
     2.832
     2.232
     1.907
     2.387
     3.190
     2.818
     2.634
     2.551
     1.998
     2.754
     2.495
     3.124
     2.821
     2.780
     2.577
     2.902
     2.863
     2.592
     2.663
     2.394
     2.942
     2.867
     2.366
     2.962
     2.575
     2.922
     2.424
     2.743
     3.167
     2.624
     3.119
     2.786
     2.422
     2.652
     2.930
     2.858
     3.150
     2.579
     2.908
     2.962
     3.210
     3.103
     2.365
     2.408
     2.956
     2.502
     2.648
     2.948
     2.618
     2.627
     2.734
     2.787
     2.888
     2.755
     2.783
     2.435
     2.721
     2.723
     2.376
     2.718
     2.394
     2.739
     2.541
     2.232
     2.904
     2.369
     2.835
     2.669
     2.791
     3.282
     2.517
     2.409
     2.010
     3.068
     2.059
     2.513
     2.585
     2.751
     2.591
     2.355
     3.041
     2.464
     2.665
     2.144
     2.777
     2.690
     3.116
     2.366
     2.484
     2.597
     2.805
     2.667
     2.239
     2.962
     2.832
     2.570
     2.780
     2.670
     2.713
     2.291
     2.340
     2.085
     2.781
     2.192
     2.189
     2.354
     2.676
     2.319
     2.755
     3.135
     2.863
     2.745
     2.942
     2.841
     2.725
     2.729
     3.050
     2.516
     2.663
     2.731
     2.626
     2.479
     2.163
     2.336
     2.316
     3.042
     2.597
     2.228
     2.779
     2.880
     2.823
     2.763
     2.640
     2.638
     2.545
     2.495
     2.355
     2.213
     2.684
     2.402
     2.637
     2.773
     2.034
     2.724
     2.673
     2.946
     2.565
     2.888
     2.874
     2.726
     2.375
     2.459
     2.772
     2.985
     2.851
     2.589
     2.155
     2.401
     2.229
     2.784
     2.934
     2.783
     3.139
     2.753
     2.726
     2.689
     2.802
     2.330
     2.805
     2.724
     2.367
     2.721
     2.818
     1.842
     2.832
     2.195
     2.507
     2.707
     2.412
     2.327
     2.822
     2.745
     2.561
     2.546
     2.397
     2.940
     2.523
     3.035
     1.505
     2.842
     2.799
     2.355
     3.175
     2.747
     2.595
     2.747
     2.086
     2.611
     2.445
     3.072
     2.596
     2.359
     2.357
     3.150
     2.745
     2.717
     3.014
     2.414
     2.918
     2.985
     2.719
     2.700
     2.224
     2.804
     2.932
     2.897
     2.729
     2.762
     2.649
     2.572
     2.419
     2.066
     2.932
     2.271
     2.415
     2.940
     2.810
     2.402
     2.604
     2.718
     2.753
     2.823
     2.550
     2.586
     2.769
     3.114
     2.750
     3.256
     2.711
     2.163
     1.979
     2.391
     2.945
     2.215
     2.554
     2.198
     3.199
     2.562
     2.727
     2.378
     2.802
     2.712
     2.028
     2.610
     2.288
     2.238
     2.841
     2.430
     2.390
     2.524
     2.674
     3.251
     2.802
     2.411
     2.905
     2.549
     2.537
     2.435
     2.267
     2.409
     2.774
     2.467
     2.875
     2.752
     2.679
     2.575
     2.012
     2.966
     2.547
     2.905
     2.829
     2.806
     2.695
     2.550
     2.580
     2.449
     2.296
     2.695
     2.676
     2.827
     2.502
     2.472
     3.101
     2.577
     2.221
     2.693
     2.455
     2.499
     2.694
     2.635
     2.278
     2.934
     3.023
     3.080
     2.918
     2.489
     2.374
     2.778
     2.729
     2.710
     2.570
     2.738
     2.707
     2.657
     2.192
     2.713
     2.730
     2.448
     2.962
     2.785
     2.651
     2.598
     2.987
     2.761
     2.085
     2.700
     2.335
     2.223
     1.956
     2.473
     2.406
     2.271
     3.190
     2.590
     2.111
     3.131
     2.462
     2.771
     1.933
     2.783
     2.621
     3.124
     3.085
     2.841
     2.583
     2.553
     2.664
     2.481
     3.190
     2.131
     2.128
     2.747
     2.734
     2.651
     2.895
     2.421
     2.848
     2.656
     2.493
     2.535
     2.008
     2.523
     2.750
     2.572
     2.947
     2.720
     2.718
     2.797
     2.692
     2.483
     3.148
     2.723
     2.724
     2.666
     2.577
     2.497
     2.768
     2.972
     2.332
     2.608
     2.358
     3.275
     3.170
     2.943
     2.649
     2.823
     2.636
     2.753
     2.250
     2.232
     2.634
     2.837
     2.622
     2.701
     2.300
     2.763
     3.187
     2.708
     3.098
     2.428
     3.312
     2.609
     2.384
     2.664
     2.736
     2.612
     3.192
     2.878
     2.782
     2.447
     2.766
     2.515
     2.588
     2.348
     2.735
     2.682
     2.103
     2.127
     2.354
     2.398
     3.274
     2.742
     2.521
     2.656
     2.828
     2.392
     2.571
     3.101
     2.865
     2.782
     2.620
     2.848
     2.277
     2.671
     2.733
     2.578
     2.836
     2.343
     2.857
     2.445
     2.614
     2.857
     2.489
     2.651
     2.545
     2.666
     2.817
     2.797
     2.731
     2.683
     2.387
     2.547
     2.963
     2.399
     2.903
     2.504
     2.524
     2.738
     2.721
     2.276
     2.391
     2.700
     2.792
     2.438
     2.318
     2.625
     2.963
     2.703
     2.699
     2.345
     2.816
     2.669
     2.185
     2.562
     2.867
     3.043
     2.323
     2.795
     2.786
     2.729
     2.519
     2.716
     2.716
     3.025
     2.599
     2.101
     2.568
     2.288
     2.543
     2.445
     2.951
     2.708
     2.796
     2.113
     2.733
     2.771
     3.178
     2.677
     2.919
     2.895
     2.529
     2.632
     2.725
     2.794
     2.654
     2.368
     3.103
     2.385
     3.136
     3.001
     2.404
     2.989
     2.468
     2.701
     2.538
     2.552
     2.581
     2.752
     2.537
     2.117
     2.016
     2.300
     2.957
     2.749
     3.027
     2.763
     2.316
     2.758
     2.523
     2.530
     2.743
     2.582
     2.653
     2.901
     2.516
     2.431
     2.456
     2.494
     2.722
     2.919
     2.559
     1.998
     2.666
     2.240
     2.810
     2.682
     2.835
     2.493
     2.902
     3.288
     2.622
     2.806
     3.157
     2.936
     2.561
     2.469
     2.759
     2.202
     2.657
     2.828
     2.581
     2.385
     2.825
     2.731
     2.634
     2.763
     2.942
     2.467
     2.343
     2.327
     2.354
     2.459
     2.463
     2.758
     2.569
     2.021
     2.353
     2.741
     2.725
     2.588
     2.768
     2.714
     2.658
     2.785
     2.907
     2.387
     2.429
     2.673
     2.340
     2.457
     2.788
     2.795
     2.748
     2.705
     2.433
     2.745
     2.571
     2.203
     2.883
     2.798
     3.300
     2.616
     2.512
     2.648
     3.145
     2.826
     2.873
     2.576
     2.898
     2.714
     2.617
     2.561
     3.107
     2.852
     2.615
     2.590
     2.972
     2.804
     2.968
     2.458
     2.406
     2.181
     2.352
     2.803
     2.877
     2.690
     2.402
     2.391
     3.159
     2.722
     2.455
     2.562
     2.957
     1.788
     2.171
     2.932
     2.582
     3.082
     2.759
     2.763
     2.964
     2.988
     2.689
     2.923
     2.377
     2.632
     2.759
     2.907
     2.240
     2.942
     2.317
     2.876
     2.871
     2.458
     1.857
     2.461
     2.461
     2.408
     2.294
     2.662
     2.832
     2.722
     1.996
     2.660
     2.863
     2.832
     2.949
     2.640
     2.532
     2.994
     2.156
     2.323
     2.131
     3.238
     2.979
     3.027
     2.471
     2.628
     2.401
     3.097
     2.671
     3.175
     2.674
     2.851
     3.153
     3.053
     2.786
     2.718
     2.564
     3.148
     2.852
     2.861
     2.176
     2.699
     2.294
     2.415
     2.772
     2.893
     2.665
     2.766
     2.581
     2.449
     2.242
     2.779
     2.851
     2.944
     2.637
     2.578
     2.266
     2.791
     2.840
     2.210
     2.848
     2.678
     2.780
     2.066
     2.139
     2.408
     2.768
     2.865
     2.721
     2.730
     2.537
     2.476
     2.605
     2.391
     2.598
     2.585
     2.367
     2.956
     2.662
     2.391
     3.020
     2.370
     2.916
     2.867
     2.908
     2.669
     2.291
     2.745
     2.698
     2.715
     2.370
     2.853
     2.763
     2.719
     2.578
     2.557
     2.404
     2.534
     2.719
     2.345
     2.893
     2.655
     2.499
     2.389
     2.306
     1.975
     2.216
     2.743
     2.719
     2.286
     2.525
     2.795
     2.395
     2.811
     2.477
     2.482
     2.913
     2.403
     2.611
     2.845
     2.556
     2.566
     2.379
     2.289
     2.454
     2.889
     2.569
     2.731
     2.517
     2.299
     2.587
     2.640
     2.926
     2.856
     3.178
     2.444
     2.381
     2.848
     3.023
     2.469
     3.173
     2.378
     2.834
     2.750
     2.733
     2.673
     2.520
     2.769
     3.082
     2.548
     2.779
     2.707
     2.538
     2.500
     2.356
     2.801
     2.581
     2.290
     2.576
     2.826
     2.332
     2.770
     2.857
     2.834
     2.623
     2.665
     2.057
     3.095
     3.066
     2.353
     2.124
     2.060
     2.923
     2.484
     2.796
     1.994
     2.413
     2.176
     2.523
     2.552
     1.854
     2.559
     2.640
     2.297
     2.437
     2.797
     3.153
     2.746
     2.643
     2.807
     2.574
     3.294
     2.556
     2.631
     2.504
     2.666
     2.406
     3.223
     2.588
     3.174
     2.661
     2.465
     3.307
     3.073
     2.932
     2.369
     2.571
     2.502
     2.741
     2.886
     2.830
     2.639
     2.767
     2.727
     2.371
     2.178
     2.232
     2.792
     2.821
     2.905
     2.426
     2.519
     2.330
     2.723
     2.738
     2.759
     2.450
     2.678
     2.682
     2.861
     2.592
     2.637
     2.527
     2.257
     2.615
     2.375
     2.518
     3.292
     2.566
     2.764
     2.884
     2.754
     2.924
     2.763
     2.734
     2.889
     2.895
     2.693
     2.465
     2.657
     2.578
     2.391
     2.308
     2.723
     2.738
     2.993
     2.809
     2.482
     2.359
     2.762
     2.432
     3.093
     2.737
     2.603
     2.895
     2.714
     2.349
     2.949
     2.682
     3.107
     2.815
     2.733
     2.840
     2.463
     2.640
     2.596
     2.804
     2.719
     2.471
     2.590
     2.352
     2.657
     2.856
     3.045
     2.412
     2.659
     2.470
     2.716
     2.700
     2.254
     2.928
     2.718
     2.478
     1.936
     2.612
     2.595
     2.661
     2.573
     2.344
     2.976
     2.963
     2.640
     2.225
     2.722
     2.529
     3.084
     2.775
     2.672
     2.722
     2.812
     2.245
     2.922
     2.433
     2.413
     2.662
     2.812
     3.164
     3.106
     2.635
     2.851
     2.012
     2.950
     2.262
     2.323
     2.805
     2.771
     2.405
     2.933
     2.741
     2.612
     2.706
     2.736
     2.594
     2.815
     2.050
     2.260
     2.851
     3.038
     2.557
     2.375
     2.098
     2.872
     2.122
     2.255
     2.764
     2.663
     2.789
     2.704
     2.678
     2.773
     3.172
     3.190
     2.423
     2.355
     2.553
     2.561
     2.829
     3.210
     2.597
     2.814
     1.853
     2.434
     2.664
     2.742
     2.467
     2.725
     2.742
     1.972
     2.999
     2.807
     3.009
     2.695
     2.435
     2.527
     2.334
     2.378
     1.926
     2.896
     2.669
     2.275
     2.334
     2.734
     2.552
     2.532
     2.553
     2.470
     2.794
     2.572
     2.182
     2.402
     2.805
     2.559
     2.641
     2.567
     2.617
     2.814
     2.474
     2.854
     2.748
     3.191
     2.293
     2.476
     2.935
     2.560
     3.067
     3.134
     2.661
     2.514
     2.356
     2.505
     2.358
     2.790
     2.951
     2.680
     3.233
     2.396
     2.616
     2.645
     2.810
     2.722
     2.548
     2.600
     2.875
     2.717
     2.629
     2.742
     2.767
     2.318
     2.315
     2.456
     2.370
     2.578
     2.883
     2.334
     2.773
     2.716
     2.971
     2.515
     2.540
     2.746
     2.814
     2.424
     2.965
     2.549
     2.487
     2.880
     2.563
     3.279
     2.581
     2.874
     2.819
     2.709
     2.442
     2.289
     2.525
     2.671
     2.342
     2.400
     2.378
     2.681
     2.767
     1.868
     2.331
     2.777
     2.391
     2.729
     2.559
     2.688
     2.799
     2.915
     2.754
     2.895
     3.101
     2.598
     2.789
     2.878
     2.448
     2.672
     2.330
     2.781
     2.730
     2.788
     2.915
     2.967
     2.626
     2.765
     2.534
     3.145
     2.414
     2.381
     2.770
     2.823
     2.855
     3.203
     2.513
     1.944
     2.626
     2.400
     2.553
     2.412
     2.675
     2.398
     2.447
     2.413
     2.572
     2.582
     2.313
     2.725
     2.494
     2.663
     2.515
     2.848
     2.867
     2.461
     2.345
     2.475
     2.776
     2.324
     2.321
     2.652
     2.657
     2.459
     2.956
     2.356
     2.412
     2.503
     2.648
     2.290
     2.480
     2.601
     2.513
     2.908
     2.816
     2.529
     2.382
     2.987
     2.818
     2.019
     2.190
     2.826
     2.605
     2.744
     3.328
     2.721
     2.405
     2.835
     2.648
     2.687
     2.794
     2.381
     3.228
     2.679
     2.450
     2.118
     2.958
     2.656
     2.611
     2.957
     2.679
     2.611
     2.758
     2.656
     2.409
     2.881
     2.452
     2.787
     2.889
     3.003
     2.684
     2.830
     2.320
     3.184
     2.685
     2.908
     2.302
     2.954
     2.707
     2.765
     2.827
     2.948
     3.229
     2.764
     2.424
     2.384
     2.615
     2.443
     3.161
     2.422
     2.108
     2.675
     2.632
     2.483
     2.790
     2.555
     2.787
     2.904
     2.415
     2.663
     2.360
     2.506
     3.106
     2.591
     3.245
     2.976
     2.838
     2.248
     2.752
     2.939
     2.752
     3.135
     2.043
     2.262
     2.276
     1.943
     3.100
     2.314
     2.729
     2.664
     2.595
     2.578
     3.102
     2.365
     2.632
     2.833
     2.048
     2.755
     2.388
     2.472
     2.110
     2.704
     2.453
     2.380
     2.456
     2.449
     2.912
     2.646
     2.341
     2.582
     2.539
     2.314
     2.300
     2.606
     2.822
     2.747
     2.497
     3.010
     2.379
     2.769
     2.571
     2.377
     2.600
     2.828
     2.700
     2.556
     2.537
     2.631
     2.718
     2.272
     2.932
     2.439
     2.458
     2.692
     2.642
     2.833
     2.622
     2.165
     2.526
     2.647
     2.263
     2.800
     2.511
     2.253
     2.363
     2.918
     2.844
     2.979
     2.769
     2.784
     3.017
     2.901
     2.903
     2.431
     2.805
     2.557
     2.850
     2.830
     2.408
     2.628
     2.540
     2.685
     2.274
     2.951
     2.727
     2.255
     2.952
     2.608
     2.697
     2.107
     1.975
     2.538
     2.434
     2.696
     2.358
     2.899
     2.276
     2.703
     3.117
     2.569
     2.552
     2.752
     2.738
     2.383
     2.723
     2.690
     2.746
     2.515
     2.713
     2.879
     2.556
     2.453
     2.717
     2.311
     2.931
     2.554
     2.956
     1.945
     2.326
     2.873
     2.688
     2.353
     2.999
     2.271
     2.440
     2.384
     2.183
     2.583
     2.277
     2.545
     2.424
     2.536
     2.372
     2.675
     2.620
     2.526
     2.575
     2.567
     2.831
     2.817
     2.438
     2.834
     2.488
     3.051
     2.685
     1.961
     2.159
     2.382
     2.362
     2.594
     2.461
     2.257
     2.431
     2.706
     2.508
     3.059
     3.118
     2.860
     3.121
     2.826
     2.840
     2.364
     2.805
     2.392
     2.206
     2.592
     2.794
     2.579
     2.815
     2.312
     2.385
     2.037
     2.718
     2.707
     2.816
     2.626
     2.446
     2.772
     2.420
     2.209
     3.066
     2.862
     2.736
     2.581
     2.395
     2.172
     2.309
     3.255
     2.843
     2.434
     2.725
     3.065
     2.346
     2.537
     2.426
     2.588
     2.169
     2.503
     2.919
     2.829
     2.499
     2.701
     2.732
     2.763
     2.748
     2.430
     3.130
     3.011
     2.147
     2.521
     2.473
     2.837
     2.883
     2.745
     3.044
     2.364
     2.457
     2.721
     2.515
     2.436
     2.740
     2.691
     2.777
     3.122
     2.564
     2.517
     2.745
     2.724
     2.985
     2.957
     2.694
     2.786
     3.077
     2.358
     2.807
     2.549
     2.484
     2.970
     2.653
     2.248
     2.349
     2.589
     2.566
     2.792
     2.619
     2.627
     2.838
     2.738
     2.650
     2.661
     2.957
     2.536
     2.661
     3.094
     2.450
     2.911
     2.293
     2.756
     2.613
     2.761
     2.551
     2.641
     2.787
     2.486
     3.017
     1.956
     2.667
     2.930
     2.555
     2.804
     2.400
     2.492
     2.467
     2.169
     3.011
     3.157
     2.551
     2.869
     2.481
     2.829
     2.480
     2.745
     2.602
     2.612
     2.754
     2.417
     2.778
     2.921
     2.496
     2.701
     3.122
     2.762
     2.763
     2.344
     2.620
     2.775
     2.737
     2.886
     2.616
     3.137
     2.823
     2.407
     2.891
     2.973
     2.101
     2.466
     2.854
     2.679
     2.569
     2.865
     2.484
     2.946
     3.067
     2.716
     2.356
     2.460
     2.865
     2.374
     2.852
     2.803
     2.650
     2.590
     2.097
     3.163
     2.850
     2.408
     2.172
     2.863
     2.482
     2.390
     2.034
     2.856
     2.471
     2.874
     2.360
     2.821
     2.143
     1.587
     3.129
     2.160
     3.287
     3.234
     3.142
     2.804
     2.430
     2.142
     2.415
     2.500
     2.701
     2.605
     2.308
     2.885
     2.488
     2.955
     2.351
     2.694
     2.712
     2.270
     2.394
     2.791
     2.156
     2.600
     2.661
     2.747
     2.806
     2.364
     2.704
     2.709
     2.850
     2.650
     2.792
     2.528
     2.975
     2.367
     3.065
     2.378
     2.484
     2.478
     2.550
     2.430
     2.773
     2.654
     2.971
     2.703
     2.333
     2.677
     2.833
     2.763
     2.332
     2.572
     2.293
     3.309
     2.330
     3.242
     2.943
     2.908
     2.578
     2.874
     2.178
     2.451
     2.279
     2.689
     2.343
     2.893
     3.305
     2.723
     2.756
     3.159
     2.678
     2.402
     2.367
     2.907
     2.387
     2.408
     2.329
     3.323
     3.252
     2.644
     2.913
     2.956
     1.880
     2.709
     2.553
     2.974
     2.658
     2.773
     3.077
     3.034
     2.726
     2.950
     2.659
     2.578
     2.639
     2.681
     2.622
     2.632
     2.471
     2.411
     2.569
     2.803
     2.472
     2.887
     2.789
     2.899
     2.629
     2.301
     2.769
     2.651
     2.577
     2.997
     2.463
     2.317
     2.899
     2.605
     2.982
     2.713
     2.343
     2.429
     2.433
     2.194
     2.156
     2.877
     2.531
     3.227
     2.591
     2.807
     2.288
     2.865
     3.303
     2.280
     3.105
     2.705
     2.772
     2.545
     2.111
     2.368
     2.726
     2.420
     2.946
     2.335
     3.294
     2.247
     2.896
     2.271
     2.533
     2.932
     2.814
     2.722
     2.670
     2.940
     2.869
     2.592
     2.692
     2.919
     2.749
     2.582
     3.147
     2.231
     2.393
     2.970
     2.613
     2.806
     2.976
     2.522
     2.568
     2.494
     2.575
     2.549
     1.851
     2.511
     2.417
     3.141
     2.303
     2.926
     2.911
     2.777
     2.524
     2.590
     2.736
     2.247
     2.606
     2.843
     2.702
     2.778
     2.806
     2.842
     2.850
     3.210
     2.671
     2.191
     2.794
     2.493
     3.091
     2.719
     2.627
     2.334
     2.134
     2.691
     2.666
     2.612
     2.762
     2.413
     2.736
     2.693
     3.007
     3.065
     2.718
     2.720
     2.606
     2.654
     2.679
     2.630
     2.696
     2.655
     3.260
     2.514
     2.180
     2.921
     2.991
     2.345
     2.548
     2.706
     2.446
     2.765
     2.814
     2.523
     2.614
     3.031
     2.728
     3.070
     2.936
     2.877
     2.892
     2.959
     2.458
     2.521
     2.651
     2.463
     2.273
     2.765
     2.049
     2.725
     2.659
     2.803
     2.749
     2.903
     2.869
     2.483
     2.794
     2.456
     2.508
     2.262
     2.399
     2.784
     2.652
     2.641
     2.321
     2.756
     3.205
     3.012
     2.391
     2.353
     2.372
     2.997
     2.438
     3.085
     2.393
     2.367
     2.488
     2.001
     2.502
     2.805
     2.571
     2.715
     2.917
     2.679
     3.122
     2.841
     2.254
     2.215
     2.299
     2.252
     2.742
     2.698
     2.685
     2.663
     2.841
     3.202
     2.527
     3.089
     2.699
     2.877
     2.431
     1.994
     2.533
     2.222
     2.551
     2.871
     2.459
     2.847
     2.762
     3.217
     2.198
     2.936
     2.079
     2.019
     2.635
     1.897
     2.435
     2.649
     3.114
     2.687
     2.350
     2.290
     2.594
     2.645
     2.577
     2.698
     2.610
     2.669
     2.480
     3.039
     3.056
     2.710
     2.750
     2.699
     2.764
     2.359
     2.703
     2.242
     2.776
     2.725
     2.645
     3.152
     2.644
     2.629
     2.741
     2.735
     2.349
     2.487
     2.409
     2.849
     2.140
     2.873
     2.891
     2.701
     2.627
     2.236
     2.775
     2.418
     2.574
     1.882
     2.681
     2.722
     2.841
     2.255
     2.236
     2.585
     2.461
     2.366
     2.756
     2.654
     2.488
     2.695
     2.475
     2.538
     2.402
     2.420
     2.268
     2.805
     2.855
     2.687
     2.771
     2.103
     2.659
     2.688
     2.637
     2.758
     2.741
     2.903
     2.614
     3.119
     2.870
     2.706
     2.311
     2.765
     2.684
     2.489
     2.319
     2.691
     3.116
     2.511
     2.226
     2.688
     2.566
     2.389
     2.641
     2.398
     2.523
     2.450
     2.621
     2.887
     3.063
     2.055
     2.822
     2.614
     2.473
     2.740
     1.898
     2.722
     2.873
     2.469
     2.714
     2.357
     2.789
     2.637
     2.678
     2.665
     2.795
     2.563
     2.447
     2.490
     2.938
     2.614
     2.474
     2.772
     2.516
     2.730
     2.942
     3.155
     3.156
     2.926
     2.544
     2.805
     2.784
     2.378
     2.319
     2.250
     2.772
     2.624
     2.924
     2.728
     2.183
     2.780
     2.952
     2.340
     2.733
     2.438
     2.815
     2.837
     3.135
     2.687
     2.702
     3.292
     2.320
     2.653
     2.528
     2.601
     2.878
     2.316
     2.296
     2.422
     3.036
     2.299
     2.654
     2.485
     2.022
     2.825
     2.461
     2.507
     2.807
     1.953
     2.645
     2.575
     2.737
     2.633
     2.339
     2.489
     2.507
     2.738
     2.726
     3.037
     2.948
     2.667
     2.544
     2.695
     2.350
     2.715
     2.674
     2.744
     2.214
     2.707
     2.446
     2.581
     3.205
     2.846
     2.904
     2.356
     2.555
     2.687
     2.408
     2.723
     2.696
     2.463
     2.158
     2.680
     2.574
     2.731
     2.607
     2.578
     2.240
     2.372
     2.459
     2.511
     3.023
     2.855
     3.056
     2.866
     2.030
     2.164
     2.973
     2.662
     2.636
     2.754
     2.877
     2.822
     2.858
     2.558
     2.961
     2.776
     2.878
     2.914
     2.578
     2.447
     2.700
     2.699
     2.334
     2.549
     2.772
     2.384
     3.117
     2.546
     2.115
     2.662
     2.428
     2.912
     2.613
     3.027
     2.814
     2.741
     2.641
     2.377
     2.820
     2.725
     2.787
     1.942
     2.821
     2.369
     2.551
     2.261
     2.733
     2.371
     2.605
     2.791
     2.365
     2.810
     2.676
     2.887
     2.557
     2.547
     3.051
     2.278
     2.453
     2.603
     3.255
     3.219
     2.675
     2.116
     2.763
     2.602
     2.104
     2.584
     2.446
     2.860
     2.516
     2.726
     2.354
     2.890
     2.902
     2.799
     2.585
     2.694
     2.841
     2.616
     2.997
     2.693
     2.952
     2.578
     2.804
     2.070
     2.777
     2.856
     2.753
     2.493
     2.576
     2.326
     3.044
     2.654
     2.386
     2.837
     2.798
     2.849
     2.608
     2.672
     2.998
     2.373
     2.943
     2.634
     2.447
     2.434
     2.590
     2.627
     2.908
     2.700
     2.682
     2.668
     2.586
     2.735
     2.607
     2.366
     2.725
     2.692
     3.011
     3.080
     2.685
     2.724
     2.569
     2.803
     2.911
     2.296
     2.780
     2.821
     3.276
     2.638
     2.567
     2.921
     2.538
     2.732
     2.542
     2.828
     2.669
     2.394
     3.111
     2.793
     2.712
     2.707
     2.939
     2.796
     2.690
     2.208
     2.719
     2.528
     2.565
     2.795
     2.463
     2.802
     2.776
     2.678
     2.769
     2.904
     2.555
     2.176
     2.273
     2.646
     2.628
     2.772
     2.402
     2.459
     2.932
     2.352
     2.394
     2.653
     2.619
     2.971
     2.680
     2.585
     2.507
     2.453
     2.719
     2.417
     2.771
     2.816
     3.014
     3.187
     2.733
     2.811
     2.882
     2.729
     2.388
     2.908
     2.339
     2.785
     2.496
     2.849
     2.785
     2.493
     2.791
     2.827
     2.250
     2.666
     2.533
     3.193
     2.685
     2.513
     2.381
     3.094
     2.258
     2.530
     2.866
     2.706
     2.544
     2.795
     2.507
     2.261
     2.563
     2.175
     2.770
     2.793
     3.136
     2.610
     2.869
     2.973
     2.850
     2.350
     2.890
     3.063
     3.095
     2.278
     2.519
     2.786
     2.689
     2.656
     2.375
     2.745
     2.387
     2.120
     2.506
     3.002
     2.175
     2.820
     2.514
     3.123
     2.706
     2.294
     2.580
     2.716
     2.641
     2.756
     2.200
     2.583
     2.682
     2.423
     2.297
     2.701
     2.065
     2.993
     2.422
     2.690
     2.471
     2.529
     2.337
     2.392
     2.720
     2.402
     2.364
     2.687
     2.724
     2.361
     2.837
     2.847
     2.036
     3.272
     2.760
     2.794
     2.818
     2.954
     2.600
     2.135
     2.660
     2.493
     2.753
     2.408
     2.369
     2.356
     2.756
     2.163
     2.570
     3.056
     2.547
     2.724
     2.773
     2.681
     2.578
     2.189
     1.979
     2.611
     2.306
     2.605
     2.956
     2.775
     2.769
     2.554
     2.763
     2.851
     2.655
     2.532
     2.748
     2.522
     2.410
     2.817
     2.986
     2.069
     2.036
     2.930
     2.911
     2.309
     2.390
     3.267
     3.087
     2.868
     3.150
     2.568
     2.728
     2.866
     2.857
     2.098
     2.327
     2.511
     2.534
     1.922
     2.568
     2.334
     2.667
     2.688
     2.743
     2.418
     3.102
     2.765
     2.600
     2.310
     2.134
     2.804
     2.507
     2.784
     1.944
     2.726
     2.692
     2.972
     2.357
     2.395
     2.862
     2.539
     2.709
     2.476
     2.789
     2.433
     2.366
     2.911
     2.244
     2.518
     2.784
     2.503
     2.734
     2.624
     2.302
     2.885
     2.437
     2.376
     2.570
     2.836
     2.729
     2.826
     2.662
     2.471
     3.107
     2.020
     2.711
     2.379
     3.147
     2.929
     2.838
     3.148
     2.634
     3.048
     2.466
     2.549
     2.882
     2.557
     2.717
     2.734
     2.157
     2.579
     2.571
     2.734
     2.919
     2.414
     2.181
     2.614
     2.824
     2.716
     2.715
     2.684
     2.643
     2.754
     2.609
     2.395
     2.917
     2.908
     2.368
     2.223
     2.606
     2.552
     2.083
     3.285
     2.066
     2.685
     2.575
     3.263
     2.181
     2.651
     2.526
     2.759
     2.551
     2.522
     2.666
     2.945
     2.361
     2.842
     2.846
     3.069
     2.856
     3.026
     2.292
     1.949
     2.874
     2.443
     2.623
     2.889
     2.645
     2.842
     2.648
     2.349
     2.133
     2.902
     2.371
     2.735
     2.738
     2.616
     2.327
     2.786
     2.625
     2.886
     2.892
     2.379
     3.158
     2.721
     2.344
     2.835
     2.396
     2.742
     2.591
     2.815
     2.318
     2.513
     2.791
     2.388
     2.626
     2.471
     2.433
     2.820
     2.819
     2.634
     2.850
     2.708
     2.610
     2.514
     2.483
     3.215
     2.417
     2.689
     2.361
     2.401
     2.820
     2.804
     1.817
     3.002
     2.471
     2.777
     3.045
     2.743
     2.248
     2.680
     2.648
     2.827
     2.416
     2.166
     3.089
     2.463
     2.354
     2.782
     2.805
     2.558
     3.038
     2.354
     2.821
     2.473
     2.717
     2.737
     3.006
     2.551
     2.231
     2.485
     2.860
     3.055
     2.640
     3.189
     2.844
     2.810
     2.508
     2.879
     2.376
     2.653
     2.031
     2.347
     2.928
     2.707
     2.373
     2.611
     2.728
     2.506
     2.677
     2.512
     2.750
     2.361
     2.763
     2.527
     2.985
     2.634
     2.859
     2.864
     2.568
     2.827
     2.596
     2.318
     2.227
     2.942
     2.538
     2.648
     2.777
     2.337
     2.576
     1.952
     2.373
     2.872
     2.623
     3.023
     2.718
     2.834
     3.226
     2.428
     2.892
     2.913
     2.990
     2.159
     2.123
     2.907
     2.191
     2.419
     2.558
     2.887
     2.818
     2.650
     2.529
     2.820
     2.790
     2.395
     3.141
     2.697
     2.378
     2.572
     2.919
     2.699
     2.424
     2.357
     3.073
     2.272
     2.458
     2.994
     2.332
     2.300
     2.623
     2.631
     2.579
     2.911
     2.660
     2.790
     2.525
     2.572
     2.654
     2.856
     2.718
     2.769
     2.682
     2.488
     2.170
     3.204
     2.718
     3.155
     2.412
     1.943
     2.516
     2.608
     2.303
     2.870
     2.182
     2.425
     2.517
     3.074
     2.509
     2.645
     2.548
     2.540
     2.263
     2.730
     2.667
     2.470
     2.736
     2.336
     2.884
     2.439
     2.721
     2.965
     2.766
     2.736
     2.679
     2.511
     2.571
     2.333
     2.794
     2.507
     2.874
     2.385
     2.223
     2.511
     2.913
     2.672
     2.592
     2.549
     2.968
     2.457
     2.607
     2.713
     1.824
     2.486
     2.787
     2.781
     2.559
     2.353
     2.365
     2.717
     2.365
     2.567
     2.778
     2.461
     2.567
     2.192
     2.616
     2.896
     3.155
     2.668
     2.731
     2.363
     2.644
     2.959
     2.891
     2.804
     3.037
     2.683
     2.708
     2.838
     2.638
     2.783
     3.217
     2.913
     2.589
     2.970
     2.917
     2.715
     2.699
     2.700
     2.659
     2.862
     2.276
     2.195
     2.848
     2.554
     2.456
     2.053
     2.836
     2.294
     3.011
     2.666
     2.525
     2.713
     3.098
     2.454
     2.911
     2.778
     2.393
     2.507
     2.531
     2.401
     2.752
     2.838
     2.735
     2.844
     2.443
     2.247
     2.841
     2.739
     2.519
     2.500
     2.583
     2.616
     2.594
     2.401
     2.831
     2.953
     2.754
     2.844
     2.611
     2.113
     2.865
     2.574
     2.609
     2.911
     2.543
     2.345
     3.041
     2.716
     2.767
     2.525
     2.760
     2.795
     2.890
     2.443
     2.495
     3.140
     2.540
     2.467
     2.659
     2.668
     2.525
     2.617
     2.684
     3.226
     2.677
     2.704
     2.270
     2.610
     2.539
     2.663
     2.372
     2.638
     2.953
     1.533
     2.646
     2.797
     2.080
     2.352
     2.860
     2.556
     2.644
     2.713
     2.622
     2.890
     2.952
     3.000
     2.404
     2.549
     2.531
     2.350
     2.451
     2.680
     3.100
     2.703
     2.808
     2.919
     2.788
     2.464
     3.298
     2.751
     2.877
     2.507
     2.355
     2.646
     2.361
     2.440
     3.143
     2.124
     2.683
     2.638
     2.697
     2.642
     2.282
     3.085
     2.664
     2.268
     2.294
     2.660
     2.737
     2.097
     2.376
     3.091
     2.770
     2.512
     2.857
     2.372
     2.349
     2.743
     2.734
     2.552
     2.900
     2.840
     2.965
     2.930
     2.084
     2.941
     2.083
     2.305
     2.719
     2.595
     2.722
     2.892
     2.319
     2.628
     2.595
     2.104
     3.034
     2.648
     2.712
     2.818
     2.362
     2.750
     2.412
     2.277
     2.746
     2.670
     2.495
     2.621
     2.944
     2.547
     3.213
     2.663
     2.785
     2.436
     2.563
     2.782
     2.668
     2.840
     3.026
     2.809
     3.082
     2.833
     2.715
     2.775
     2.717
     2.038
     2.378
     2.247
     2.649
     2.722
     2.822
     2.234
     2.409
     2.795
     2.625
     2.488
     2.641
     2.474
     2.519
     2.402
     3.289
     2.220
     2.649
     2.508
     2.462
     2.554
     2.890
     2.152
     2.803
     2.063
     2.839
     3.122
     2.708
     2.237
     2.698
     2.680
     2.363
     2.365
     2.761
     2.620
     2.693
     2.464
     2.141
     2.425
     2.648
     2.749
     2.503
     2.608
     2.595
     2.803
     2.590
     2.165
     2.821
     2.691
     2.663
     2.950
     2.970
     2.151
     2.710
     2.707
     2.797
     2.440
     2.654
     2.929
     3.071
     2.915
     2.901
     2.250
     2.992
     3.000
     2.741
     2.629
     2.602
     3.102
     2.494
     2.106
     2.449
     2.656
     2.114
     2.719
     2.658
     1.640
     2.528
     2.754
     2.983
     2.968
     2.876
     2.763
     2.033
     2.991
     3.003
     2.224
     2.794
     2.665
     2.988
     2.809
     2.821
     2.589
     2.527
     2.663
     2.971
     2.533
     2.414
     2.620
     2.482
     2.520
     2.688
     3.059
     2.885
     2.244
     2.651
     2.761
     2.677
     2.613
     2.496
     1.872
     2.490
     2.739
     2.750
     2.632
     2.778
     2.442
     2.965
     2.309
     2.735
     2.456
     2.573
     2.194
     2.579
     2.350
     3.144
     1.972
     2.934
     3.144
     2.988
     2.279
     2.695
     2.994
     2.679
     2.625
     2.509
     2.874
     2.666
     2.878
     2.365
     2.887
     2.923
     2.771
     2.702
     2.323
     2.993
     2.279
     2.333
     2.809
     2.900
     2.360
     2.594
     2.069
     2.472
     2.858
     2.811
     2.534
     2.528
     2.439
     2.678
     2.551
     2.332
     2.472
     2.448
     3.015
     2.451
     2.875
     2.728
     1.966
     2.124
     1.791
     2.844
     2.769
     2.605
     2.508
     2.390
     2.036
     2.634
     2.826
     2.654
     3.223
     2.784
     2.025
     2.745
     2.725
     2.767
     2.719
     2.778
     2.965
     2.845
     2.843
     2.564
     2.714
     2.272
     2.233
     2.933
     2.875
     2.537
     2.476
     2.815
     2.962
     2.769
     2.948
     3.175
     2.692
     2.657
     2.787
     2.526
     2.563
     2.628
     2.705
     2.869
     2.858
     2.883
     2.305
     2.348
     2.157
     2.496
     2.921
     2.749
     2.960
     2.440
     1.995
     2.566
     2.650
     2.531
     2.610
     2.803
     2.388
     2.630
     2.261
     2.351
     2.437
     2.442
     2.366
     2.555
     3.240
     2.536
     2.925
     3.204
     2.640
     3.085
     2.700
     2.456
     3.055
     2.654
     2.287
     2.825
     2.378
     2.411
     2.994
     2.526
     2.322
     2.857
     2.602
     2.399
     2.653
     2.337
     2.383
     2.368
     2.680
     2.823
     2.362
     2.866
     2.867
     2.875
     2.922
     2.386
     2.622
     2.755
     2.073
     2.713
     2.714
     2.723
     3.142
     2.856
     2.580
     2.444
     3.183
     2.801
     2.893
     2.837
     2.402
     2.611
     2.631
     2.808
     2.532
     2.815
     2.490
     2.589
     2.625
     2.473
     2.467
     2.731
     2.584
     2.997
     2.769
     2.380
     2.753
     2.863
     2.877
     2.787
     2.928
     2.870
     2.516
     2.438
     3.138
     2.364
     2.974
     2.212
     3.265
     2.672
     2.688
     2.760
     2.599
     2.989
     2.186
     3.236
     2.041
     2.754
     2.730
     2.515
     2.886
     2.529
     2.806
     2.773
     2.864
     2.699
     2.473
     2.958
     2.678
     2.798
     2.206
     3.087
     2.950
     2.970
     2.386
     2.503
     2.975
     2.790
     2.466
     2.525
     2.712
     2.747
     2.659
     2.845
     2.716
     2.757
     2.802
     2.587
     2.317
     2.850
     1.897
     2.918
     2.387
     2.332
     2.718
     2.577
     2.082
     2.553
     3.067
     2.757
     2.689
     2.407
     3.084
     2.184
     2.631
     3.204
     2.527
     2.779
     2.544
     1.888
     2.897
     2.719
     2.546
     2.926
     2.321
     2.867
     2.687
     2.641
     2.622
     3.016
     2.662
     2.666
     2.262
     2.503
     2.848
     2.087
     3.187
     2.715
     3.080
     2.994
     2.781
     1.894
     3.180
     3.302
     2.782
     3.287
     2.493
     2.694
     2.699
     2.939
     2.590
     2.618
     2.617
     2.436
     2.612
     2.821
     2.837
     2.644
     2.674
     2.695
     2.624
     2.225
     2.262
     2.690
     2.624
     2.594
     2.524
     2.670
     2.208
     2.939
     2.652
     2.328
     2.227
     2.045
     2.603
     2.225
     2.077
     2.691
     2.559
     2.387
     2.824
     3.120
     2.403
     2.717
     2.736
     2.622
     3.052
     2.556
     2.543
     2.816
     2.855
     2.119
     2.642
     2.816
     2.106
     2.039
     2.555
     2.936
     2.571
     2.844
     2.551
     2.833
     2.370
     2.226
     2.790
     3.097
     1.987
     2.364
     2.307
     2.825
     2.721
     2.976
     2.997
     2.865
     2.646
     3.128
     2.912
     2.691
     2.646
     2.340
     2.836
     2.782
     2.669
     2.496
     3.058
     2.132
     2.659
     2.417
     2.762
     2.803
     2.901
     2.739
     3.048
     2.749
     2.329
     2.695
     2.466
     2.955
     2.920
     2.533
     2.350
     2.677
     3.308
     3.028
     2.727
     2.388
     2.441
     2.122
     2.807
     2.447
     2.732
     2.398
     2.610
     2.471
     2.810
     2.523
     2.691
     2.717
     2.679
     2.640
     2.744
     3.072
     2.515
     2.386
     2.584
     2.853
     2.786
     2.468
     2.812
     2.159
     2.790
     2.564
     3.207
     2.830
     2.283
     2.165
     2.997
     2.654
     2.243
     2.914
     2.684
     2.671
     2.279
     2.383
     3.083
     2.578
     2.457
     2.689
     2.441
     2.756
     2.815
     2.726
     1.987
     2.720
     3.164
     2.924
     2.223
     2.083
     2.368
     2.995
     2.404
     3.046
     2.588
     2.739
     2.353
     2.899
     3.310
     2.480
     2.738
     2.693
     2.901
     2.428
     2.752
     2.820
     2.794
     2.909
     2.745
     2.691
     2.541
     2.373
     2.849
     2.923
     2.395
     2.736
     2.904
     2.831
     2.603
     2.485
     2.697
     2.623
     2.306
     2.445
     2.738
     2.169
     2.942
     2.700
     2.208
     2.505
     2.103
     2.345
     2.677
     2.797
     2.926
     2.689
     2.714
     2.755
     2.955
     2.814
     3.013
     2.847
     2.770
     2.877
     2.723
     3.016
     2.370
     2.871
     2.685
     2.700
     3.027
     3.018
     2.833
     2.688
     2.538
     2.609
     2.944
     2.368
     2.541
     2.737
     2.413
     3.019
     3.052
     3.048
     2.767
     2.945
     2.980
     2.354
     2.698
     2.995
     2.581
     2.775
     2.883
     2.882
     2.118
     2.765
     2.193
     3.223
     3.218
     2.709
     2.340
     2.088
     2.555
     2.432
     2.812
     3.035
     3.065
     2.988
     2.817
     3.114
     2.078
     2.966
     2.784
     2.472
     2.424
     2.683
     2.787
     2.680
     2.947
     2.459
     2.750
     2.585
     2.729
     2.853
     2.772
     2.348
     2.751
     2.940
     2.321
     2.627
     2.874
     2.409
     2.594
     2.618
     2.425
     2.737
     2.431
     2.706
     2.485
     2.406
     2.789
     2.556
     2.526
     2.458
     2.791
     2.340
     2.835
     1.936
     2.955
     2.802
     2.630
     2.356
     2.886
     2.533
     2.774
     2.405
     2.966
     2.822
     2.420
     2.519
     2.820
     2.787
     2.838
     2.778
     2.148
     2.711
     2.726
     2.444
     2.209
     2.692
     2.672
     2.491
     2.842
     2.511
     2.937
     2.153
     2.683
     2.803
     2.919
     2.760
     2.371
     2.393
     2.778
     2.329
     2.589
     2.353
     2.769
     2.796
     2.996
     2.485
     2.926
     2.290
     2.489
     2.366
     2.408
     2.328
     2.447
     2.366
     2.800
     2.502
     2.092
     2.771
     2.699
     2.690
     2.200
     2.386
     2.807
     2.378
     3.181
     2.723
     2.230
     2.346
     2.513
     3.038
     2.896
     2.626
     2.032
     2.998
     2.138
     2.737
     2.569
     2.367
     2.979
     2.877
     2.631
     2.825
     2.512
     2.442
     2.575
     2.979
     2.307
     3.096
     1.920
     2.269
     2.278
     2.518
     2.747
     2.671
     2.715
     2.832
     3.011
     2.404
     2.522
     3.095
     2.186
     2.377
     2.475
     2.387
     2.971
     2.519
     2.455
     2.444
     2.617
     2.708
     2.566
     2.684
     2.336
     2.605
     2.952
     2.962
     2.694
     2.371
     2.705
     3.031
     2.701
     2.315
     2.610
     2.794
     2.331
     2.814
     2.392
     2.504
     2.588
     2.350
     2.900
     2.634
     2.977
     2.610
     1.787
     2.848
     2.228
     2.456
     2.476
     2.949
     2.459
     2.303
     2.477
     2.667
     2.690
     2.929
     3.142
     2.915
     2.481
     2.852
     2.600
     2.042
     2.287
     2.745
     2.462
     2.294
     2.460
     2.667
     2.368
     2.359
     2.744
     2.685
     2.460
     2.753
     2.527
     2.739
     2.763
     2.945
     2.802
     2.607
     2.778
     2.451
     2.345
     2.857
     2.454
     3.229
     3.081
     2.441
     2.781
     2.823
     2.795
     2.452
     2.485
     2.813
     2.678
     3.050
     2.648
     2.840
     2.688
     2.718
     2.487
     2.745
     2.873
     2.512
     2.432
     3.305
     2.114
     2.271
     2.466
     2.556
     2.740
     2.749
     2.416
     3.009
     2.901
     2.888
     2.402
     2.836
     2.849
     2.752
     2.896
     2.744
     2.762
     2.793
     2.129
     2.514
     2.606
     2.913
     2.644
     2.707
     3.162
     2.892
     2.714
     2.297
     2.444
     2.701
     2.973
     2.543
     1.932
     2.705
     2.827
     2.977
     3.031
     2.291
     2.983
     2.742
     3.066
     2.908
     2.997
     2.692
     2.613
     2.795
     2.475
     2.809
     2.588
     2.764
     2.913
     2.472
     2.347
     2.343
     2.343
     2.882
     2.054
     2.382
     2.706
     2.712
     2.863
     2.433
     2.347
     3.044
     2.626
     2.811
     3.016
     2.329
     2.794
     3.015
     2.479
     2.333
     3.041
     2.514
     2.775
     2.638
     2.597
     3.182
     2.635
     2.741
     2.728
     2.647
     2.299
     2.656
     3.206
     2.734
     2.887
     2.737
     2.377
     2.001
     3.172
     2.992
     2.425
     2.443
     2.642
     2.016
     2.903
     2.693
     2.145
     2.521
     2.814
     2.399
     2.807
     2.794
     2.918
     2.473
     2.422
     2.801
     2.374
     3.096
     2.125
     2.395
     2.712
     2.880
     3.104
     3.160
     2.480
     2.623
     2.549
     2.701
     3.153
     2.850
     2.403
     2.838
     2.371
     2.691
     2.759
     2.773
     2.711
     2.701
     2.297
     3.121
     2.656
     2.619
     2.757
     2.831
     2.744
     2.801
     2.716
     2.889
     2.281
     3.007
     2.995
     2.791
     2.884
     2.625
     2.681
     3.051
     2.764
     2.695
     2.688
     2.599
     2.474
     2.556
     2.721
     2.398
     2.569
     3.113
     2.580
     2.775
     2.774
     2.844
     2.515
     2.265
     2.196
     2.557
     2.069
     2.892
     2.932
     2.976
     2.912
     2.261
     2.205
     3.107
     2.908
     2.567
     2.475
     2.471
     3.018
     2.686
     2.632
     2.131
     2.698
     2.736
     2.618
     2.632
     2.371
     2.763
     2.623
     2.776
     2.306
     2.827
     2.800
     2.067
     2.867
     2.815
     2.758
     2.533
     2.597
     2.320
     2.897
     2.370
     2.270
     2.563
     2.569
     2.481
     3.000
     2.634
     2.910
     2.057
     2.628
     2.321
     2.836
     2.688
     2.168
     2.954
     2.527
     2.544
     3.259
     2.561
     2.513
     3.166
     2.754
     2.446
     2.639
     2.787
     2.939
     2.532
     2.527
     2.570
     2.579
     2.533
     2.823
     2.781
     2.803
     2.226
     2.551
     3.060
     2.534
     2.630
     2.806
     2.606
     2.993
     2.598
     3.264
     2.949
     2.716
     2.793
     2.833
     2.526
     3.202
     2.845
     2.755
     2.563
     3.047
     2.635
     3.007
     2.616
     2.844
     2.329
     3.131
     2.489
     3.117
     2.876
     3.181
     2.482
     2.743
     2.539
     2.326
     2.453
     3.017
     2.438
     2.170
     2.747
     2.361
     2.470
     2.389
     2.435
     2.132
     2.958
     2.406
     2.473
     2.833
     2.839
     2.602
     2.448
     2.370
     2.992
     2.328
     2.868
     2.774
     2.322
     2.687
     2.427
     2.861
     2.628
     2.618
     1.830
     3.006
     3.200
     2.675
     2.902
     2.842
     2.825
     2.861
     2.893
     2.676
     3.046
     2.366
     2.386
     2.965
     2.339
     2.351
     2.356
     2.619
     2.638
     2.264
     2.608
     2.692
     2.850
     2.348
     2.625
     2.654
     2.772
     2.523
     2.090
     2.990
     2.673
     2.726
     2.538
     2.679
     2.802
     2.767
     2.708
     2.666
     2.843
     2.815
     2.544
     2.279
     2.702
     2.574
     2.719
     2.900
     3.156
     2.945
     3.144
     2.923
     2.523
     2.955
     1.818
     2.953
     2.873
     2.938
     2.781
     2.069
     2.896
     2.547
     2.476
     3.112
     2.415
     2.349
     2.904
     2.589
     2.654
     2.529
     2.490
     3.020
     2.608
     2.612
     2.984
     2.784
     2.450
     2.296
     2.738
     2.089
     2.598
     2.591
     2.655
     2.866
     2.348
     2.513
     2.872
     2.884
     2.868
     2.242
     2.737
     2.139
     2.804
     2.495
     2.517
     2.702
     2.641
     2.177
     2.477
     2.470
     2.261
     2.171
     3.142
     2.600
     2.563
     2.417
     2.826
     2.713
     3.087
     2.983
     2.077
     2.254
     2.376
     2.523
     2.536
     1.789
     2.488
     3.113
     3.070
     2.678
     2.821
     2.476
     2.942
     2.821
     2.635
     2.641
     2.378
     2.682
     2.673
     2.559
     2.640
     2.727
     3.147
     2.576
     2.680
     2.755
     2.474
     2.756
     2.656
     2.380
     2.772
     2.229
     3.060
     2.724
     2.636
     2.384
     2.663
     2.634
     2.534
     2.824
     2.712
     2.415
     2.376
     2.675
     2.898
     2.993
     2.517
     2.926
     2.832
     2.814
     2.722
     2.687
     2.731
     2.748
     3.068
     3.104
     2.915
     2.769
     2.943
     2.789
     2.820
     2.999
     2.432
     2.656
     2.203
     2.600
     2.012
     2.722
     2.777
     2.546
     2.516
     2.560
     2.578
     2.733
     2.293
     2.656
     2.473
     2.242
     2.273
     2.241
     2.853
     2.401
     2.648
     2.976
     2.943
     3.143
     2.676
     3.046
     2.432
     1.836
     2.556
     2.830
     2.872
     2.952
     2.848
     2.508
     2.660
     2.335
     2.887
     2.404
     2.359
     2.938
     2.777
     2.822
     2.798
     2.660
     2.636
     3.111
     3.317
     2.411
     2.379
     2.391
     2.771
     2.796
     1.977
     2.337
     3.326
     2.557
     2.840
     2.446
     2.708
     2.713
     2.846
     2.581
     2.805
     3.236
     2.403
     2.402
     2.704
     2.272
     2.496
     3.119
     2.889
     2.990
     3.116
     2.978
     2.469
     2.116
     2.067
     2.983
     2.970
     2.513
     2.850
     2.373
     2.722
     2.467
     2.511
     2.271
     2.572
     2.282
     2.744
     2.655
     2.439
     2.104
     2.356
     2.810
     2.300
     2.842
     2.623
     2.812
     2.325
     2.779
     2.828
     2.968
     2.857
     2.443
     3.043
     2.876
     2.556
     2.814
     2.903
     2.708
     2.458
     3.081
     2.363
     2.967
     2.887
     2.355
     2.654
     2.591
     2.659
     2.908
     2.715
     2.880
     2.895
     2.589
     2.223
     2.365
     2.895
     3.010
     2.371
     2.597
     2.945
     2.783
     2.873
     2.485
     2.719
     2.489
     2.678
     2.590
     2.839
     2.655
     2.863
     2.675
     2.866
     2.412
     2.920
     2.782
     2.785
     2.490
     2.720
     1.918
     2.693
     2.773
     2.258
     2.444
     2.673
     2.659
     2.886
     2.713
     2.881
     2.769
     2.800
     2.833
     2.463
     3.033
     2.722
     3.079
     2.458
     2.831
     2.725
     2.862
     2.405
     2.752
     2.413
     2.384
     2.805
     1.931
     3.034
     3.059
     2.408
     2.369
     2.703
     2.391
     2.647
     2.548
     2.746
     2.651
     2.547
     2.820
     2.834
     3.024
     2.673
     2.176
     2.276
     2.807
     2.889
     3.195
     2.566
     2.347
     2.935
     2.415
     2.482
     2.859
     3.187
     2.125
     2.756
     2.691
     2.765
     2.627
     2.736
     2.698
     3.185
     2.198
     2.754
     3.134
     2.623
     2.675
     2.730
     2.515
     2.547
     2.465
     2.930
     2.698
     2.417
     3.102
     2.233
     1.967
     2.723
     2.352
     2.876
     2.817
     2.874
     2.360
     2.771
     2.655
     2.213
     2.241
     2.883
     2.710
     2.677
     2.530
     2.432
     2.430
     2.769
     3.007
     2.892
     2.852
     2.832
     2.895
     2.764
     2.905
     2.877
     2.655
     2.474
     2.630
     2.500
     2.689
     2.557
     2.627
     2.611
     2.365
     2.870
     2.154
     2.520
     2.540
     2.977
     2.948
     2.606
     2.973
     2.597
     3.051
     2.624
     2.393
     2.692
     2.713
     2.713
     2.449
     2.797
     2.266
     2.446
     3.092
     2.640
     2.731
     2.489
     2.397
     3.157
     2.935
     2.844
     2.709
     2.712
     2.411
     2.655
     2.376
     2.748
     2.767
     2.906
     3.125
     2.109
     2.305
     2.713
     3.164
     3.153
     3.212
     3.156
     2.801
     2.158
     2.721
     3.071
     3.066
     2.750
     3.012
     2.680
     2.270
     2.939
     2.192
     2.810
     3.201
     2.404
     2.263
     2.792
     2.754
     2.686
     2.347
     2.262
     2.692
     2.893
     2.487
     2.938
     2.973
     2.522
     2.814
     3.261
     2.890
     3.018
     3.137
     2.938
     2.595
     2.547
     2.081
     2.578
     2.148
     2.464
     2.275
     2.452
     2.795
     3.037
     2.949
     2.673
     2.724
     2.365
     2.755
     2.735
     2.720
     2.570
     2.036
     2.788
     2.589
     2.829
     2.347
     2.589
     2.283
     2.552
     2.350
     2.641
     2.730
     2.793
     2.556
     2.853
     2.227
     2.394
     2.729
     2.943
     2.745
     2.634
     2.523
     2.495
     2.843
     2.644
     2.877
     2.552
     2.970
     2.332
     2.566
     2.990
     2.390
     2.251
     2.872
     2.678
     2.863
     2.427
     2.921
     2.840
     2.424
     2.953
     2.961
     2.784
     2.725
     2.803
     2.946
     2.528
     2.976
     2.848
     2.618
     2.705
     2.714
     2.619
     2.719
     2.517
     3.057
     2.801
     2.590
     2.793
     2.967
     2.850
     2.374
     3.021
     2.507
     2.758
     2.721
     2.717
     2.606
     2.572
     2.996
     2.548
     2.796
     2.357
     2.421
     2.456
     2.696
     2.841
     2.609
     2.563
     2.662
     2.630
     2.182
     1.913
     3.232
     2.488
     2.901
     3.102
     2.412
     2.681
     2.868
     2.417
     2.673
     3.041
     2.895
     2.101
     2.568
     2.705
     2.134
     3.201
     2.433
     2.777
     2.937
     3.249
     2.777
     2.387
     2.665
     2.075
     2.474
     2.999
     2.858
     2.749
     2.931
     2.572
     2.811
     2.398
     2.139
     3.082
     2.852
     2.862
     2.779
     2.748
     2.401
     2.542
     2.740
     2.583
     2.724
     2.196
     2.564
     2.914
     2.788
     2.587
     3.074
     2.616
     2.945
     2.718
     2.434
     2.765
     2.469
     3.018
     2.645
     2.875
     2.677
     1.944
     2.826
     2.278
     2.522
     2.979
     3.294
     3.021
     2.241
     3.187
     2.318
     2.962
     2.299
     3.107
     2.771
     2.635
     2.922
     2.369
     2.789
     2.695
     2.262
     3.266
     2.917
     2.515
     2.515
     2.971
     2.505
     3.165
     2.257
     2.650
     2.877
     2.629
     2.341
     2.770
     2.602
     2.604
     2.249
     2.099
     2.862
     2.792
     2.681
     2.588
     2.501
     2.387
     2.379
     2.404
     2.690
     2.685
     2.690
     2.467
     2.928
     2.363
     2.248
     2.742
     2.419
     1.987
     2.305
     2.065
     2.439
     2.766
     2.877
     2.810
     2.454
     2.540
     2.043
     2.443
     2.987
     2.433
     2.341
     2.679
     2.697
     2.941
     2.760
     2.569
     2.387
     2.966
     2.677
     2.444
     2.815
     2.516
     2.627
     2.480
     2.241
     2.614
     2.702
     2.553
     1.978
     2.750
     2.545
     2.428
     2.780
     2.590
     2.950
     2.775
     2.850
     2.772
     2.768
     2.855
     2.756
     2.913
     2.519
     2.766
     3.024
     2.621
     2.454
     2.588
     2.721
     2.224
     2.623
     2.909
     2.675
     2.517
     2.661
     2.928
     2.404
     2.354
     3.130
     3.003
     2.122
     2.762
     2.872
     2.553
     2.735
     3.076
     2.670
     2.719
     2.864
     2.824
     2.715
     2.733
     2.647
     2.499
     3.052
     2.727
     2.555
     2.269
     2.415
     2.861
     2.724
     2.753
     2.451
     2.453
     2.728
     3.027
     2.736
     2.483
     1.879
     2.913
     2.718
     2.727
     2.523
     2.651
     2.623
     2.618
     2.949
     2.431
     3.065
     3.260
     2.902
     2.243
     2.403
     2.719
     2.992
     2.526
     1.834
     2.917
     1.828
     2.622
     2.493
     2.371
     2.679
     2.587
     2.803
     2.541
     2.377
     2.877
     2.484
     2.065
     2.342
     1.817
     3.002
     2.893
     2.930
     2.689
     2.446
     2.529
     3.085
     2.716
     3.167
     2.487
     2.858
     2.779
     2.538
     2.465
     3.203
     3.049
     2.855
     3.078
     2.571
     2.864
     2.566
     1.947
     2.392
     3.142
     2.455
     2.330
     3.020
     2.678
     2.602
     2.692
     2.669
     2.794
     2.659
     2.220
     2.793
     2.933
     2.554
     2.788
     2.722
     2.719
     2.692
     2.945
     2.724
     2.147
     2.641
     2.680
     2.694
     2.274
     2.567
     2.577
     2.834
     2.600
     2.873
     2.201
     2.202
     2.390
     2.727
     2.083
     2.487
     2.629
     2.559
     2.625
     2.913
     2.593
     2.349
     2.655
     2.735
     2.907
     2.399
     2.668
     2.716
     2.381
     2.269
     2.602
     2.897
     2.768
     2.411
     2.200
     2.265
     2.239
     2.109
     2.731
     2.341
     2.868
     2.900
     2.737
     2.407
     2.534
     2.688
     2.451
     2.895
     2.664
     2.777
     2.958
     2.476
     2.479
     2.325
     3.115
     2.564
     2.691
     2.508
     2.479
     2.420
     2.678
     2.545
     3.020
     2.841
     2.806
     2.711
     2.433
     2.145
     2.764
     2.628
     2.527
     2.904
     2.793
     2.741
     2.701
     2.599
     2.272
     2.579
     2.596
     2.369
     2.649
     2.710
     2.377
     2.821
     2.687
     2.542
     2.248
     2.187
     2.260
     3.257
     2.542
     2.319
     2.468
     2.729
     3.154
     2.608
     2.380
     2.240
     2.527
     2.832
     3.142
     2.771
     2.696
     2.431
     2.932
     2.461
     2.960
     2.531
     2.473
     2.772
     2.389
     2.771
     2.653
     2.544
     2.544
     2.516
     3.143
     2.885
     2.415
     2.786
     2.402
     2.295
     2.717
     2.688
     2.826
     2.728
     2.349
     2.654
     2.332
     2.743
     2.395
     2.044
     2.341
     2.855
     2.830
     2.758
     2.833
     2.342
     2.865
     2.108
     1.995
     2.457
     2.107
     2.964
     2.572
     3.061
     2.935
     2.625
     2.655
     2.273
     2.699
     2.688
     2.886
     2.326
     2.720
     2.628
     2.420
     2.446
     2.589
     2.460
     2.937
     2.466
     2.040
     3.243
     2.727
     2.808
     2.524
     2.759
     2.833
     2.604
     2.716
     2.774
     2.849
     2.774
     2.481
     2.620
     2.018
     2.246
     2.376
     2.722
     2.581
     2.630
     2.616
     3.115
     2.586
     2.479
     2.412
     2.487
     2.544
     2.963
     2.423
     2.616
     1.387
     2.738
     2.732
     2.785
     2.222
     2.567
     2.948
     3.215
     2.895
     2.653
     2.695
     2.787
     2.727
     2.583
     2.514
     2.956
     2.671
     2.959
     2.173
     2.508
     2.904
     2.781
     2.478
     3.121
     2.814
     3.133
     2.571
     2.563
     2.767
     2.730
     2.358
     2.392
     2.463
     2.432
     2.520
     2.917
     2.882
     2.604
     2.283
     2.450
     2.240
     2.784
     2.670
     2.608
     2.779
     2.461
     2.676
     2.736
     2.468
     2.239
     2.835
     2.473
     2.698
     2.655
     2.217
     2.751
     2.531
     2.632
     2.413
     2.537
     2.556
     2.995
     2.380
     3.310
     3.195
     2.172
     2.300
     2.586
     2.713
     2.480
     3.182
     2.386
     2.776
     2.473
     2.795
     2.572
     3.252
     2.563
     2.719
     2.831
     2.538
     2.621
     2.872
     2.543
     2.589
     2.718
     2.315
     2.459
     2.419
     2.350
     2.799
     2.557
     2.962
     3.158
     2.299
     2.385
     2.850
     2.059
     2.879
     2.760
     2.683
     2.929
     2.245
     2.450
     2.726
     2.667
     2.722
     2.797
     2.702
     2.670
     2.758
     2.523
     2.864
     2.353
     2.625
     2.750
     3.244
     2.713
     2.833
     2.739
     2.592
     2.857
     2.763
     2.521
     2.767
     3.055
     2.495
     2.467
     2.725
     2.600
     2.397
     2.568
     3.283
     2.670
     2.908
     2.799
     2.580
     2.219
     2.739
     2.786
     2.762
     2.835
     2.328
     2.709
     2.639
     2.724
     2.439
     2.707
     2.064
     2.940
     2.490
     2.364
     2.616
     2.812
     2.527
     2.833
     2.149
     2.823
     2.647
     2.341
     2.367
     2.325
     2.765
     3.151
     2.003
     2.933
     2.746
     2.695
     2.690
     2.596
     3.258
     2.641
     2.352
     2.522
     2.463
     2.941
     2.804
     2.373
     2.713
     3.075
     3.104
     2.743
     2.697
     2.181
     2.547
     2.424
     2.524
     2.369
     2.639
     2.619
     2.401
     2.735
     2.614
     2.561
     2.557
     2.764
     3.169
     2.582
     2.312
     3.022
     2.503
     3.006
     2.777
     2.262
     2.197
     2.561
     2.485
     2.927
     2.754
     2.760
     2.199
     2.850
     3.047
     2.696
     3.104
     2.613
     2.701
     2.880
     2.691
     2.369
     2.338
     2.781
     2.586
     2.790
     2.258
     2.367
     2.492
     2.517
