     5.651
     5.693
     5.562
     5.464
     5.351
     5.210
     4.984
     4.828
     4.822
     4.867
     4.944
     5.144
     5.394
     5.547
     5.634
     5.676
     5.668
     5.650
     5.631
     5.624
     5.634
     5.673
     5.727
     5.771
     5.808
     5.811
     5.826
     5.868
     5.919
     5.938
     6.011
     6.047
     6.048
     6.012
     6.060
     6.068
     6.077
     6.107
     6.176
     6.249
     6.493
     6.607
     6.720
     6.836
     6.948
     7.083
     7.126
     7.130
     7.105
     7.050
     6.976
     6.885
     6.843
     6.764
     6.711
     6.612
     6.515
     6.429
     6.333
     6.246
     6.161
     6.107
     6.121
     6.166
     6.172
     6.201
     6.247
     6.282
     6.300
     6.300
     6.301
     6.316
     6.341
     6.347
     6.345
     6.392
     6.428
     6.456
     6.516
     6.579
     6.659
     6.717
     6.716
     6.753
     6.788
     6.782
     6.931
     7.081
     7.359
     7.576
     7.686
     7.690
     7.645
     7.546
     7.400
     7.287
     7.173
     7.060
     6.905
     6.706
     6.248
     5.840
     5.371
     5.177
     5.136
     5.198
     5.336
     5.663
     5.852
     6.094
     6.325
     6.561
     6.657
     6.637
     6.608
     6.601
     6.528
     6.490
     6.299
     6.220
     6.107
     6.003
     5.927
     5.835
     5.744
     5.561
     5.342
     5.124
     4.897
     4.777
     4.964
     5.364
     5.573
     5.584
     5.573
     5.509
     5.459
     5.536
     5.863
     5.965
     5.977
     5.982
     6.123
     6.269
     6.394
     6.527
     6.663
     6.714
     6.684
     6.589
     6.514
     6.398
     6.287
     6.102
     5.948
     5.922
     5.959
     6.029
     6.190
     6.341
     6.425
     6.417
     6.286
     6.058
     5.587
     5.277
     5.032
     5.012
     5.022
     5.043
     5.047
     5.148
     5.284
     5.430
     5.573
     5.678
     5.882
     5.941
     5.985
     6.111
     6.218
     6.414
     6.540
     6.688
     6.807
     6.844
     6.827
     6.779
     6.721
     6.702
     6.647
     6.625
     6.608
     6.577
     6.535
     6.454
     6.413
     6.371
     6.338
     6.282
     6.174
     6.076
     5.971
     5.894
     5.854
     5.761
     5.601
     5.349
     5.320
     5.627
     5.922
     6.115
     6.263
     6.418
     6.648
     6.860
     6.951
     6.991
     6.970
     6.929
     6.826
     6.569
     6.259
     5.713
     5.483
     5.888
     6.123
     6.398
     6.618
     6.797
     6.942
     7.079
     7.098
     7.097
     7.076
     7.036
     6.892
     6.755
     6.573
     6.245
     5.836
     5.522
     5.755
     6.246
     6.416
     6.448
     6.417
     6.438
     6.470
     6.520
     6.589
     6.630
     6.632
     6.586
     6.490
     6.400
     6.273
     6.070
     5.835
     5.645
     5.504
     5.460
     5.444
     5.419
     5.413
     5.400
     5.443
     5.530
     5.601
     5.619
     5.689
     5.726
     5.724
     5.694
     7.524
     5.705
     6.300
     6.361
     6.908
     6.519
     6.648
     5.821
     5.242
     6.273
     6.637
     7.484
     7.418
     6.211
     6.502
     6.705
     6.969
     6.518
     6.106
     5.958
     5.245
     6.313
     7.020
     5.654
     6.466
     6.494
     7.036
     5.618
     7.042
     6.524
     7.201
     6.813
     5.542
     5.581
     6.002
     4.867
     5.787
     6.152
     6.066
     6.748
     5.899
     4.816
     5.445
     5.719
     6.667
     6.762
     6.871
     6.308
     6.673
     7.091
     6.458
     6.055
     6.647
     6.834
     6.586
     6.537
     6.755
     7.863
     6.188
     6.043
     6.427
     6.487
     7.354
     7.080
     7.264
     4.719
     6.525
     7.434
     6.720
     6.104
     7.014
     4.454
     6.395
     5.771
     6.091
     6.369
     6.270
     6.553
     5.523
     6.490
     5.279
     5.920
     5.259
     6.397
     7.132
     5.648
     6.120
     7.446
     6.905
     4.891
     5.110
     6.858
     5.305
     5.544
     5.978
     6.142
     5.680
     5.798
     6.642
     6.343
     6.131
     6.496
     4.939
     6.479
     5.615
     6.033
     6.501
     6.324
     5.912
     6.251
     5.968
     6.756
     5.183
     6.599
     6.154
     7.667
     5.635
     6.140
     6.646
     6.910
     7.153
     5.905
     6.475
     6.401
     6.437
     5.496
     6.528
     6.573
     6.040
     6.282
     6.542
     7.345
     6.785
     6.223
     6.659
     5.128
     7.647
     6.904
     6.244
     6.373
     5.477
     7.317
     6.819
     5.431
     6.057
     7.070
     6.222
     5.678
     5.991
     5.603
     6.331
     5.998
     4.838
     6.409
     7.168
     5.869
     6.111
     5.987
     6.269
     6.513
     6.110
     6.422
     6.252
     6.171
     5.368
     7.193
     6.088
     5.800
     5.914
     6.942
     6.986
     6.524
     6.406
     6.567
     6.008
     5.197
     6.435
     5.620
     5.715
     5.932
     7.831
     6.090
     6.547
     7.165
     6.745
     5.828
     5.893
     6.174
     5.492
     5.466
     7.215
     5.467
     6.825
     6.977
     6.688
     6.376
     6.194
     6.615
     5.665
     6.941
     7.426
     6.514
     6.760
     6.419
     6.109
     5.796
     6.505
     7.267
     6.944
     6.830
     6.427
     7.557
     6.750
     6.457
     6.577
     5.593
     5.684
     6.569
     6.713
     5.411
     6.745
     5.870
     5.694
     6.576
     7.037
     5.583
     6.067
     6.630
     5.302
     4.799
     6.831
     4.935
     6.307
     6.318
     6.590
     6.692
     5.796
     6.616
     4.419
     5.137
     7.173
     7.208
     5.953
     7.803
     6.101
     5.565
     6.874
     6.129
     6.472
     6.609
     5.637
     6.660
     5.927
     6.203
     5.921
     7.090
     5.586
     6.061
     5.647
     6.695
     7.139
     6.081
     4.982
     6.737
     6.527
     5.475
     7.010
     6.856
     5.666
     5.915
     6.718
     6.571
     6.078
     6.634
     5.679
     4.975
     7.553
     6.692
     6.502
     6.844
     7.333
     5.317
     6.597
     5.850
     5.018
     6.762
     7.473
     6.006
     6.532
     6.680
     6.708
     6.422
     5.962
     7.199
     6.434
     6.199
     6.464
     6.422
     6.510
     6.808
     7.553
     6.474
     5.773
     7.001
     6.313
     6.271
     7.360
     7.456
     5.672
     6.407
     6.165
     7.549
     5.516
     6.284
     5.498
     6.153
     6.330
     6.617
     6.758
     5.584
     6.411
     6.475
     5.496
     6.475
     7.720
     6.093
     5.061
     6.233
     6.295
     5.647
     6.301
     6.372
     7.045
     6.211
     5.568
     5.713
     6.660
     6.269
     6.124
     6.060
     5.534
     5.618
     5.941
     6.069
     6.551
     6.636
     6.017
     5.618
     6.045
     6.067
     6.384
     6.860
     6.434
     7.050
     6.526
     6.140
     6.506
     6.468
     4.936
     6.971
     5.681
     5.725
     6.617
     5.984
     5.766
     6.695
     5.121
     7.296
     5.679
     6.487
     6.047
     6.274
     5.866
     5.626
     6.366
     6.622
     6.187
     6.091
     4.937
     6.920
     5.821
     5.886
     5.546
     6.482
     6.997
     6.814
     6.246
     6.533
     6.608
     6.087
     6.494
     6.297
     6.567
     6.809
     6.448
     6.793
     4.289
     6.704
     5.938
     7.604
     5.486
     7.095
     5.864
     6.136
     6.790
     5.795
     4.943
     5.863
     5.741
     5.397
     6.642
     6.384
     6.096
     6.482
     6.637
     7.901
     6.303
     5.083
     5.413
     7.151
     6.661
     6.154
     6.075
     6.404
     5.862
     6.304
     6.509
     6.058
     7.443
     6.594
     6.815
     6.252
     6.613
     7.199
     6.158
     5.962
     5.581
     6.592
     6.949
     7.080
     5.762
     6.427
     6.571
     6.738
     5.850
     5.680
     6.327
     6.049
     6.363
     5.923
     5.254
     5.727
     6.506
     5.591
     6.587
     6.208
     5.727
     6.785
     7.143
     5.863
     7.828
     5.155
     6.112
     6.034
     5.478
     5.864
     6.783
     6.928
     6.854
     6.590
     5.997
     5.345
     7.669
     6.712
     6.751
     6.089
     6.727
     6.782
     5.603
     5.707
     7.285
     4.792
     6.755
     7.111
     6.565
     5.682
     5.857
     6.743
     6.212
     6.427
     6.965
     6.582
     6.254
     6.287
     6.794
     5.936
     5.421
     5.853
     5.991
     6.671
     6.733
     6.843
     6.187
     6.103
     7.094
     7.809
     6.877
     6.387
     6.199
     5.801
     6.829
     6.518
     5.175
     5.867
     4.255
     6.847
     6.522
     6.746
     5.758
     5.516
     6.284
     5.476
     5.858
     6.434
     7.361
     5.803
     7.689
     5.675
     5.378
     6.376
     5.452
     6.664
     5.899
     5.993
     6.939
     6.172
     7.024
     6.563
     5.637
     7.258
     7.250
     6.581
     6.357
     4.999
     5.770
     5.654
     6.433
     6.332
     6.167
     6.105
     6.278
     7.371
     5.746
     6.206
     7.342
     6.169
     5.843
     7.475
     6.343
     5.834
     6.039
     6.170
     5.799
     6.915
     6.764
     6.419
     6.507
     7.024
     6.465
     4.542
     6.714
     4.861
     5.115
     6.618
     7.676
     6.076
     5.025
     6.052
     6.388
     6.470
     5.708
     7.042
     5.704
     6.434
     7.091
     7.019
     6.433
     5.810
     6.965
     5.904
     6.596
     5.565
     5.909
     5.622
     5.657
     7.333
     6.297
     6.213
     6.058
     7.157
     7.509
     5.904
     5.420
     6.885
     5.955
     4.913
     6.274
     6.247
     5.826
     6.157
     6.303
     5.495
     6.908
     6.298
     6.402
     5.749
     5.751
     6.395
     6.873
     5.678
     6.641
     6.499
     6.475
     5.587
     5.195
     6.771
     6.706
     5.354
     6.343
     5.728
     6.619
     5.796
     6.951
     6.725
     6.052
     5.621
     5.519
     7.277
     6.422
     6.679
     7.416
     6.963
     5.397
     5.204
     6.030
     7.382
     6.284
     6.406
     6.237
     6.959
     6.052
     7.049
     6.819
     7.541
     6.392
     6.774
     6.648
     6.303
     4.486
     6.616
     6.446
     5.863
     6.948
     6.809
     6.402
     6.997
     6.296
     5.774
     5.624
     6.602
     5.952
     6.406
     6.529
     6.613
     4.845
     7.144
     6.141
     6.154
     4.789
     6.759
     6.648
     6.252
     7.611
     6.615
     6.881
     6.661
     5.797
     4.912
     5.801
     6.965
     6.545
     6.722
     5.342
     6.773
     5.797
     7.317
     6.942
     7.363
     5.648
     6.316
     7.141
     6.284
     6.853
     6.609
     6.421
     7.081
     6.482
     7.075
     6.041
     6.302
     5.356
     6.684
     6.785
     6.572
     6.472
     6.507
     6.750
     6.910
     5.720
     5.921
     6.511
     6.640
     6.496
     5.602
     5.680
     6.979
     6.576
     6.358
     6.177
     7.720
     5.531
     7.186
     7.290
     5.771
     6.437
     6.178
     6.987
     6.725
     5.404
     6.572
     5.925
     6.017
     4.960
     6.719
     5.774
     5.947
     5.326
     6.292
     5.639
     6.176
     6.734
     6.665
     7.447
     6.884
     6.030
     7.831
     6.936
     6.681
     6.277
     6.173
     6.903
     6.105
     6.518
     5.865
     6.985
     6.509
     6.702
     6.393
     7.076
     5.351
     6.463
     6.769
     7.137
     6.443
     5.710
     6.132
     6.237
     5.596
     7.074
     6.696
     4.402
     6.794
     6.910
     5.264
     7.149
     6.507
     6.616
     7.000
     5.482
     6.851
     6.165
     4.861
     6.463
     5.414
     5.944
     6.456
     5.999
     5.721
     7.268
     7.390
     6.372
     5.721
     5.669
     6.360
     6.494
     6.008
     6.614
     5.999
     5.959
     5.435
     6.446
     6.436
     6.636
     6.249
     4.704
     6.175
     6.478
     6.431
     6.095
     7.390
     6.953
     7.598
     6.601
     4.735
     5.601
     6.109
     6.637
     6.526
     6.264
     6.105
     7.437
     5.686
     7.719
     6.263
     6.854
     5.531
     5.628
     7.314
     5.342
     6.730
     6.574
     6.120
     6.299
     6.556
     6.459
     7.532
     6.042
     5.867
     4.810
     6.497
     7.111
     4.759
     5.985
     6.496
     6.326
     6.597
     5.859
     7.446
     6.830
     6.531
     5.795
     5.438
     6.195
     7.037
     6.233
     5.775
     5.717
     5.906
     6.334
     6.529
     5.086
     7.007
     6.988
     5.790
     6.957
     6.120
     6.175
     6.664
     6.680
     6.363
     6.803
     5.955
     6.364
     5.823
     7.060
     6.708
     6.185
     5.533
     5.647
     6.079
     6.481
     7.321
     6.307
     6.625
     6.426
     5.629
     6.626
     6.025
     6.901
     6.298
     5.865
     6.568
     5.720
     5.189
     6.539
     6.467
     6.837
     6.620
     5.495
     5.605
     7.404
     6.903
     6.263
     5.849
     6.064
     5.584
     5.317
     5.754
     6.821
     6.313
     6.708
     6.772
     7.513
     5.773
     5.605
     5.858
     6.247
     4.982
     6.424
     6.540
     6.670
     6.630
     6.140
     5.234
     5.334
     6.286
     6.517
     6.166
     6.288
     6.792
     5.950
     5.998
     6.166
     6.512
     5.689
     7.612
     5.731
     5.646
     6.969
     6.835
     7.360
     6.116
     5.797
     6.041
     5.974
     6.433
     4.640
     6.898
     7.099
     5.986
     6.221
     6.409
     5.104
     6.422
     6.950
     6.005
     4.636
     6.754
     5.883
     6.595
     6.726
     6.086
     6.533
     6.468
     6.166
     7.411
     5.195
     5.655
     6.230
     7.297
     6.532
     5.660
     6.623
     6.392
     6.180
     5.047
     7.498
     5.452
     6.525
     5.564
     6.617
     6.988
     5.376
     6.664
     5.453
     6.684
     6.596
     7.074
     6.720
     7.204
     5.486
     5.652
     5.899
     5.566
     6.886
     5.847
     6.468
     4.644
     5.888
     6.095
     6.500
     6.540
     6.219
     5.725
     7.419
     6.380
     7.855
     6.613
     6.427
     6.416
     6.662
     6.005
     5.553
     7.578
     5.929
     6.391
     6.891
     6.267
     6.984
     6.395
     6.927
     7.035
     6.880
     7.259
     6.734
     6.093
     7.003
     6.604
     6.508
     6.492
     5.525
     5.324
     6.476
     6.672
     5.234
     6.065
     5.604
     6.479
     6.358
     6.312
     5.986
     4.947
     6.525
     5.949
     5.489
     6.745
     6.498
     6.671
     5.319
     5.931
     5.671
     6.419
     6.439
     6.131
     6.392
     6.391
     5.611
     6.469
     6.805
     6.958
     6.678
     5.429
     7.015
     7.784
     5.769
     6.810
     5.361
     6.824
     6.862
     6.931
     6.602
     6.706
     6.138
     6.821
     6.765
     6.321
     6.458
     5.413
     6.048
     4.786
     6.554
     5.612
     6.446
     5.717
     6.008
     7.354
     5.964
     6.429
     5.807
     6.207
     7.479
     6.860
     7.680
     4.298
     6.638
     7.647
     6.181
     7.558
     7.111
     6.318
     6.405
     5.780
     6.283
     6.273
     6.127
     5.089
     6.469
     4.558
     5.134
     6.345
     5.588
     5.560
     6.132
     5.698
     5.670
     6.602
     5.732
     5.699
     6.006
     5.699
     6.376
     5.834
     6.177
     6.833
     6.928
     5.522
     5.821
     5.860
     5.973
     5.562
     6.205
     6.208
     6.038
     5.813
     5.759
     6.540
     6.913
     5.493
     5.982
     6.597
     6.198
     5.510
     7.019
     7.068
     6.110
     6.463
     6.088
     6.045
     6.895
     6.426
     5.292
     5.874
     6.120
     4.600
     7.873
     7.866
     5.874
     5.783
     6.707
     6.491
     5.750
     5.974
     5.856
     7.473
     5.989
     7.775
     6.214
     6.313
     5.961
     6.794
     7.520
     6.698
     5.183
     5.892
     5.571
     5.184
     6.418
     7.386
     6.287
     5.607
     6.339
     6.007
     6.040
     6.543
     5.736
     6.182
     6.682
     5.675
     7.131
     5.112
     6.109
     7.264
     7.389
     6.831
     6.374
     6.298
     6.518
     7.037
     5.593
     6.855
     6.650
     6.934
     6.527
     6.202
     5.703
     6.232
     6.518
     6.273
     6.532
     7.567
     6.322
     6.675
     5.952
     7.021
     6.447
     6.692
     7.278
     6.700
     5.878
     5.608
     6.595
     5.354
     6.369
     5.447
     6.559
     6.366
     6.489
     6.445
     6.755
     6.314
     6.304
     6.308
     4.844
     5.723
     5.388
     5.525
     6.573
     5.182
     6.280
     6.120
     5.761
     4.348
     6.681
     6.626
     6.480
     5.360
     6.013
     7.545
     6.037
     6.467
     6.600
     5.844
     6.213
     6.324
     5.008
     6.329
     7.446
     6.165
     6.475
     7.318
     5.652
     6.577
     6.724
     6.708
     6.694
     6.090
     6.349
     6.430
     5.088
     6.592
     6.045
     4.982
     6.913
     5.998
     6.815
     5.799
     6.910
     7.764
     6.149
     5.711
     6.235
     6.445
     6.026
     7.068
     6.657
     6.688
     6.702
     7.197
     7.106
     7.914
     6.691
     6.854
     6.229
     5.133
     7.014
     6.268
     4.416
     6.686
     5.954
     6.657
     6.994
     5.692
     6.030
     6.097
     7.518
     5.881
     7.648
     6.064
     6.202
     5.857
     6.848
     6.202
     3.984
     5.796
     5.729
     6.064
     6.223
     6.407
     5.972
     5.720
     6.553
     5.638
     7.103
     6.658
     6.892
     5.935
     6.542
     6.158
     5.864
     5.431
     6.591
     5.534
     5.651
     6.810
     6.444
     6.931
     5.888
     5.518
     4.724
     5.757
     6.386
     6.790
     6.129
     5.903
     6.619
     5.527
     5.270
     6.117
     5.598
     5.401
     5.348
     6.913
     6.806
     5.847
     6.267
     6.269
     6.884
     6.448
     4.979
     6.333
     6.672
     6.858
     6.126
     6.875
     5.640
     5.226
     6.574
     5.679
     5.862
     7.547
     6.118
     6.039
     7.131
     5.487
     6.505
     6.481
     6.869
     6.427
     6.413
     6.792
     6.450
     6.376
     6.494
     6.890
     6.109
     4.953
     5.589
     5.976
     5.091
     6.990
     6.688
     5.267
     6.559
     5.876
     6.736
     6.365
     6.494
     6.074
     6.742
     5.696
     5.923
     5.288
     5.690
     6.774
     5.995
     5.997
     7.066
     6.022
     6.913
     6.059
     7.031
     6.456
     6.542
     6.485
     5.266
     6.499
     6.578
     5.637
     6.968
     6.919
     5.011
     4.783
     5.024
     6.758
     6.291
     6.154
     5.945
     4.665
     6.970
     5.230
     6.349
     5.754
     5.946
     7.414
     5.899
     7.455
     5.638
     6.507
     5.610
     6.441
     6.255
     5.889
     6.884
     5.398
     7.336
     6.420
     6.256
     6.627
     5.623
     5.926
     7.048
     5.663
     5.341
     6.527
     6.475
     6.296
     6.376
     7.164
     6.192
     5.939
     6.487
     6.776
     6.728
     5.700
     6.210
     6.375
     5.737
     6.186
     6.554
     5.695
     6.012
     6.492
     6.440
     6.410
     6.201
     6.634
     7.043
     5.626
     5.639
     6.481
     6.023
     6.707
     6.548
     6.201
     6.932
     6.251
     5.656
     5.663
     5.980
     6.672
     5.954
     6.903
     5.655
     6.674
     4.874
     6.773
     7.080
     6.718
     6.839
     5.641
     7.189
     5.930
     5.927
     6.453
     6.682
     6.806
     6.053
     6.215
     6.862
     7.766
     5.870
     6.272
     6.496
     6.816
     7.064
     6.075
     5.486
     5.368
     7.477
     6.830
     6.146
     7.005
     6.304
     6.346
     7.346
     6.618
     6.280
     7.625
     6.781
     6.322
     5.582
     5.960
     6.847
     7.205
     5.246
     6.381
     5.633
     4.721
     6.144
     6.651
     7.392
     5.849
     5.753
     6.777
     6.123
     7.204
     5.753
     6.559
     6.607
     5.587
     7.875
     6.758
     6.257
     6.832
     6.041
     5.873
     6.366
     5.698
     5.592
     6.637
     6.500
     6.613
     6.578
     5.857
     5.813
     5.570
     6.021
     6.238
     7.118
     6.477
     5.546
     6.815
     5.066
     5.952
     4.679
     6.665
     6.197
     5.587
     5.790
     6.289
     5.761
     6.604
     6.122
     7.079
     5.639
     6.857
     5.043
     6.009
     7.016
     5.967
     5.915
     6.026
     7.354
     6.683
     6.427
     7.232
     5.222
     6.477
     6.104
     5.367
     6.898
     6.450
     5.311
     6.489
     7.713
     7.405
     7.343
     6.539
     6.361
     6.440
     6.346
     6.120
     6.490
     6.424
     7.330
     6.645
     6.452
     6.110
     5.793
     6.149
     4.918
     6.696
     4.623
     5.569
     6.550
     5.829
     7.048
     6.337
     6.361
     6.098
     6.346
     6.540
     6.660
     5.942
     7.003
     5.704
     6.312
     6.702
     6.724
     6.324
     7.077
     6.738
     6.755
     7.642
     5.099
     4.965
     6.380
     6.372
     6.478
     6.531
     5.808
     6.593
     5.788
     5.959
     5.431
     6.681
     5.846
     6.705
     6.651
     6.811
     5.591
     5.633
     6.266
     7.058
     5.751
     7.157
     7.311
     6.238
     6.311
     5.425
     6.327
     7.194
     7.141
     6.162
     6.740
     5.629
     7.244
     5.998
     6.690
     6.108
     6.615
     5.776
     7.509
     6.191
     6.067
     6.893
     5.630
     7.026
     6.201
     4.878
     6.353
     6.045
     6.458
     5.258
     5.144
     6.975
     6.734
     6.882
     6.553
     5.742
     6.504
     6.379
     5.848
     5.798
     5.950
     5.629
     6.914
     5.997
     6.273
     7.101
     6.736
     7.528
     5.873
     6.193
     5.130
     5.839
     5.011
     6.734
     5.667
     6.436
     6.672
     5.598
     6.612
     6.452
     7.642
     6.343
     5.616
     7.111
     5.055
     5.440
     6.299
     6.122
     6.493
     6.445
     6.358
     6.270
     6.327
     6.225
     6.684
     6.855
     6.681
     5.720
     6.364
     6.067
     6.902
     7.118
     6.831
     5.124
     6.847
     7.445
     6.350
     7.033
     5.598
     5.687
     5.239
     5.729
     6.436
     6.411
     6.679
     6.657
     6.361
     6.374
     6.096
     6.774
     6.230
     5.964
     6.191
     6.240
     6.323
     5.958
     6.459
     5.705
     7.007
     6.184
     7.672
     6.757
     5.287
     6.283
     5.775
     6.575
     7.597
     5.794
     6.361
     6.958
     6.820
     5.777
     6.528
     6.898
     6.003
     6.447
     5.044
     6.184
     7.650
     6.291
     7.273
     6.716
     6.647
     6.839
     7.200
     5.972
     6.037
     6.993
     6.751
     6.483
     6.803
     6.023
     6.037
     6.035
     5.712
     5.561
     5.440
     6.811
     5.779
     6.497
     6.513
     7.047
     6.900
     6.386
     6.648
     6.125
     6.070
     6.275
     5.973
     7.628
     7.267
     6.818
     6.497
     6.646
     5.879
     5.756
     6.231
     6.528
     6.323
     6.416
     6.475
     6.249
     6.508
     6.427
     6.515
     6.674
     6.715
     4.329
     5.586
     6.028
     6.243
     5.985
     5.595
     5.608
     5.657
     5.953
     5.648
     5.400
     6.513
     6.656
     5.888
     5.954
     5.607
     6.276
     5.702
     4.829
     7.033
     7.154
     7.093
     6.769
     7.122
     5.512
     6.387
     5.689
     6.083
     7.145
     5.478
     5.735
     5.822
     5.946
     6.617
     6.385
     6.927
     5.832
     6.659
     5.668
     5.612
     6.091
     5.458
     6.764
     6.141
     7.238
     6.067
     5.094
     6.087
     5.274
     4.912
     6.185
     6.951
     6.991
     6.798
     6.661
     6.018
     7.144
     6.909
     6.367
     5.428
     5.383
     5.832
     5.709
     6.051
     5.725
     5.640
     6.514
     6.258
     5.869
     5.078
     6.076
     6.904
     5.589
     7.091
     6.286
     4.507
     5.638
     6.470
     6.582
     6.498
     6.344
     4.949
     5.172
     6.552
     6.490
     7.195
     6.731
     7.381
     7.275
     6.604
     4.878
     6.397
     5.542
     6.206
     5.875
     7.358
     6.479
     6.559
     7.041
     6.175
     6.860
     5.718
     7.380
     5.839
     6.175
     6.298
     6.685
     6.325
     6.755
     6.575
     5.402
     5.649
     6.919
     5.190
     7.302
     6.450
     6.670
     6.165
     5.376
     5.613
     5.481
     6.937
     5.960
     6.627
     6.999
     5.960
     6.868
     6.757
     7.832
     7.180
     5.362
     5.038
     5.773
     6.400
     6.457
     7.498
     6.781
     6.215
     6.811
     6.661
     6.896
     5.810
     6.293
     7.159
     6.636
     7.054
     6.816
     7.753
     5.889
     6.601
     6.363
     7.242
     6.159
     7.148
     6.415
     6.591
     5.757
     6.670
     4.754
     4.516
     6.495
     6.780
     7.444
     6.086
     6.321
     5.165
     5.765
     6.100
     6.164
     6.550
     5.637
     6.257
     5.646
     6.802
     6.506
     7.191
     6.498
     7.493
     6.727
     5.460
     7.061
     6.467
     6.389
     6.544
     6.734
     6.764
     5.270
     7.299
     6.324
     7.763
     6.859
     5.786
     7.303
     6.703
     6.664
     5.793
     6.238
     6.590
     6.407
     6.875
     5.796
     6.525
     6.724
     6.568
     7.733
     7.055
     7.369
     6.176
     7.051
     6.188
     6.150
     7.199
     5.742
     6.713
     6.676
     6.861
     6.826
     5.880
     7.476
     6.680
     5.913
     6.998
     6.144
     6.894
     6.525
     6.913
     5.820
     5.908
     7.067
     6.424
     5.067
     6.259
     6.292
     6.959
     7.073
     6.004
     6.456
     6.409
     6.440
     6.346
     6.339
     6.907
     7.123
     5.961
     6.321
     6.244
     6.709
     5.822
     5.979
     5.706
     5.462
     6.874
     7.301
     5.946
     6.539
     6.379
     6.478
     5.974
     5.772
     6.410
     5.612
     5.407
     6.922
     6.167
     6.697
     5.991
     6.675
     7.732
     6.050
     6.464
     6.456
     5.814
     6.308
     4.317
     6.975
     6.420
     6.040
     5.865
     5.977
     6.523
     6.428
     7.294
     5.314
     6.718
     6.599
     5.499
     5.274
     6.278
     6.549
     6.047
     6.787
     6.605
     6.472
     6.085
     6.369
     6.163
     6.532
     7.719
     4.159
     5.506
     7.515
     6.519
     4.914
     6.087
     6.688
     7.534
     7.546
     7.235
     6.209
     7.162
     5.636
     6.188
     6.425
     5.725
     6.136
     6.851
     6.849
     6.611
     5.461
     7.884
     6.108
     6.696
     5.133
     6.612
     5.789
     7.212
     5.173
     6.760
     5.885
     7.032
     6.899
     6.958
     6.705
     6.193
     5.711
     5.848
     5.948
     6.871
     5.929
     6.883
     6.847
     6.190
     6.350
     5.921
     5.342
     6.480
     5.697
     5.664
     6.078
     6.430
     6.790
     6.902
     6.162
     6.403
     6.170
     6.556
     6.531
     5.929
     5.970
     6.523
     5.800
     6.050
     6.400
     5.865
     4.481
     5.500
     5.638
     4.824
     5.863
     6.455
     6.657
     5.748
     7.069
     5.940
     5.798
     7.056
     5.364
     6.957
     6.674
     5.594
     5.250
     6.279
     5.539
     6.433
     5.203
     6.986
     6.278
     5.839
     5.105
     5.952
     6.040
     6.254
     6.521
     7.179
     6.059
     5.978
     7.155
     7.124
     6.865
     5.213
     6.580
     5.696
     6.505
     7.335
     6.027
     6.023
     5.727
     6.646
     6.486
     5.816
     6.055
     6.560
     6.669
     6.054
     5.859
     6.186
     7.415
     5.690
     5.829
     5.126
     6.182
     6.628
     6.892
     6.028
     5.592
     6.676
     6.061
     6.450
     6.959
     5.618
     7.402
     6.408
     6.962
     6.248
     5.917
     5.192
     5.570
     5.666
     6.585
     6.452
     6.737
     5.056
     6.473
     4.551
     6.638
     5.571
     6.972
     6.096
     6.176
     5.613
     6.481
     6.263
     5.126
     6.269
     6.076
     6.186
     6.520
     5.583
     6.235
     5.625
     7.066
     4.702
     7.192
     5.855
     6.404
     6.794
     6.746
     6.556
     6.677
     5.468
     5.348
     5.388
     7.098
     6.571
     6.686
     6.106
     6.419
     6.672
     6.012
     6.469
     5.496
     6.848
     5.848
     7.321
     7.572
     6.693
     6.837
     7.506
     6.070
     6.638
     6.510
     5.937
     6.579
     5.988
     6.976
     5.603
     7.095
     5.671
     6.378
     6.473
     6.472
     6.257
     6.631
     6.440
     6.069
     6.707
     7.009
     5.707
     6.075
     5.705
     7.009
     6.797
     5.115
     5.979
     6.972
     7.269
     6.354
     6.527
     6.109
     6.479
     7.016
     6.934
     7.288
     6.168
     5.483
     6.702
     6.319
     6.515
     4.896
     6.289
     5.854
     6.267
     6.559
     5.556
     7.027
     6.806
     5.909
     6.871
     7.211
     6.223
     6.312
     6.754
     5.279
     4.577
     5.684
     7.595
     6.714
     6.278
     6.066
     4.744
     6.568
     5.934
     7.441
     6.712
     6.619
     6.155
     6.897
     6.830
     6.162
     6.351
     5.720
     7.013
     6.802
     5.638
     7.046
     6.141
     6.968
     5.804
     6.544
     7.548
     6.217
     7.434
     6.628
     5.761
     6.304
     7.004
     6.814
     7.487
     6.146
     6.930
     7.059
     7.654
     7.391
     5.611
     5.749
     7.006
     5.983
     6.311
     7.014
     6.224
     6.247
     6.561
     6.641
     6.867
     6.568
     6.604
     5.818
     6.469
     6.469
     5.668
     6.458
     5.729
     6.511
     6.076
     5.299
     6.917
     5.621
     6.753
     6.369
     6.611
     7.815
     6.012
     5.720
     4.761
     7.296
     4.891
     5.974
     6.152
     6.555
     6.167
     5.599
     7.232
     5.864
     6.334
     5.097
     6.615
     6.403
     7.414
     5.638
     5.904
     6.203
     6.660
     6.355
     5.333
     7.063
     6.734
     6.126
     6.619
     6.336
     6.482
     5.478
     5.601
     4.958
     6.627
     5.207
     5.233
     5.619
     6.351
     5.557
     6.544
     7.451
     6.792
     6.492
     6.975
     6.782
     6.483
     6.523
     7.253
     5.985
     6.367
     6.492
     6.248
     5.910
     5.130
     5.615
     5.494
     7.245
     6.166
     5.297
     6.594
     6.850
     6.705
     6.559
     6.292
     6.264
     6.076
     5.925
     5.629
     5.253
     6.372
     5.689
     6.223
     6.584
     4.861
     6.493
     6.341
     7.022
     6.096
     6.841
     6.841
     6.478
     5.666
     5.810
     6.611
     7.103
     6.785
     6.150
     5.126
     5.727
     5.324
     6.635
     6.987
     6.663
     7.470
     6.577
     6.531
     6.400
     6.657
     5.530
     6.679
     6.489
     5.661
     6.489
     6.708
     4.404
     6.734
     5.250
     5.968
     6.432
     5.747
     5.550
     6.714
     6.569
     6.113
     6.041
     5.681
     6.995
     5.988
     7.216
     3.615
     6.759
     6.655
     5.616
     7.568
     6.551
     6.185
     6.549
     4.944
     6.232
     5.802
     7.324
     6.182
     5.616
     5.688
     7.496
     6.555
     6.453
     7.160
     5.733
     6.970
     7.135
     6.455
     6.424
     5.302
     6.678
     6.999
     6.922
     6.473
     6.567
     6.292
     6.118
     5.762
     4.898
     6.983
     5.381
     5.763
     6.996
     6.686
     5.723
     6.196
     6.466
     6.593
     6.743
     6.053
     6.158
     6.597
     7.400
     6.558
     7.759
     6.474
     5.156
     4.700
     5.751
     7.012
     5.311
     6.089
     5.292
     7.600
     6.104
     6.493
     5.681
     6.664
     6.471
     4.832
     6.224
     5.419
     5.338
     6.745
     5.808
     5.699
     5.989
     6.357
     7.746
     6.659
     5.730
     6.905
     6.062
     6.070
     5.799
     5.403
     5.798
     6.595
     5.922
     6.843
     6.573
     6.363
     6.145
     4.803
     7.030
     6.059
     6.922
     6.738
     6.699
     6.435
     6.081
     6.116
     5.824
     5.460
     6.396
     6.368
     6.754
     5.977
     5.874
     7.369
     6.133
     5.314
     6.428
     5.851
     5.931
     6.366
     6.290
     5.428
     6.964
     7.190
     7.311
     6.952
     5.931
     5.650
     6.606
     6.477
     6.471
     6.118
     6.513
     6.437
     6.333
     5.210
     6.461
     6.486
     5.827
     7.048
     6.620
     6.303
     6.174
     7.108
     6.606
     4.940
     6.417
     5.568
     5.302
     4.660
     5.911
     5.723
     5.399
     7.608
     6.173
     5.074
     7.462
     5.848
     6.594
     4.626
     6.611
     6.299
     7.413
     7.351
     6.760
     6.146
     6.097
     6.331
     5.916
     7.606
     5.045
     5.067
     6.545
     6.506
     6.324
     6.861
     5.762
     6.801
     6.313
     5.959
     6.045
     4.789
     6.007
     6.557
     6.114
     7.015
     6.426
     6.418
     6.660
     6.461
     5.932
     7.491
     6.463
     6.491
     6.345
     6.124
     5.961
     6.582
     7.078
     5.552
     6.218
     5.618
     7.808
     7.534
     7.007
     6.314
     6.737
     6.274
     6.540
     5.423
     5.375
     6.296
     6.740
     6.239
     6.424
     5.443
     6.561
     7.580
     6.432
     7.397
     5.747
     7.884
     6.262
     5.673
     6.347
     6.537
     6.205
     7.606
     6.856
     6.613
     5.843
     6.589
     6.008
     6.170
     5.620
     6.513
     6.403
     5.008
     5.128
     5.596
     5.729
     7.806
     6.531
     6.031
     6.335
     6.738
     5.675
     6.132
     7.379
     6.825
     6.610
     6.250
     6.785
     5.420
     6.338
     6.536
     6.082
     6.730
     5.638
     6.788
     5.840
     6.223
     6.829
     5.901
     6.303
     6.054
     6.369
     6.726
     6.683
     6.488
     6.389
     5.738
     6.054
     7.025
     5.724
     6.920
     5.955
     5.988
     6.528
     6.484
     5.399
     5.707
     6.421
     6.670
     5.783
     5.517
     6.254
     7.062
     6.452
     6.409
     5.579
     6.677
     6.331
     5.200
     6.102
     6.833
     7.227
     5.598
     6.670
     6.640
     6.484
     5.989
     6.443
     6.488
     7.172
     6.157
     5.002
     6.117
     5.420
     6.011
     5.842
     7.027
     6.430
     6.676
     5.024
     6.523
     6.596
     7.559
     6.382
     6.960
     6.921
     6.042
     6.250
     6.523
     6.671
     6.340
     5.642
     7.377
     5.700
     7.456
     7.142
     5.743
     7.113
     5.883
     6.408
     6.027
     6.097
     6.121
     6.554
     6.047
     5.032
     4.789
     5.463
     7.014
     6.571
     7.217
     6.594
     5.489
     6.577
     6.018
     6.024
     6.525
     6.153
     6.320
     6.909
     5.998
     5.789
     5.842
     5.932
     6.487
     6.963
     6.075
     4.747
     6.355
     5.314
     6.696
     6.380
     6.748
     5.937
     6.899
     7.830
     6.233
     6.710
     7.512
     6.991
     6.055
     5.886
     6.552
     5.218
     6.305
     6.702
     6.138
     5.712
     6.750
     6.475
     6.271
     6.572
     7.009
     5.886
     5.598
     5.518
     5.639
     5.885
     5.839
     6.560
     6.125
     4.813
     5.608
     6.537
     6.487
     6.161
     6.574
     6.482
     6.351
     6.628
     6.936
     5.723
     5.780
     6.345
     5.572
     5.852
     6.644
     6.664
     6.522
     6.407
     5.788
     6.558
     6.128
     5.215
     6.867
     6.641
     7.865
     6.229
     5.955
     6.255
     7.484
     6.733
     6.851
     6.122
     6.905
     6.477
     6.225
     6.074
     7.384
     6.783
     6.201
     6.116
     7.078
     6.673
     7.039
     5.847
     5.728
     5.180
     5.673
     6.678
     6.865
     6.433
     5.708
     5.743
     7.526
     6.431
     5.852
     6.088
     7.051
     4.251
     5.163
     6.974
     6.164
     7.327
     6.573
     6.581
     7.041
     7.119
     6.422
     6.937
     5.649
     6.270
     6.581
     6.925
     5.367
     7.017
     5.498
     6.865
     6.849
     5.859
     4.409
     5.855
     5.873
     5.705
     5.514
     6.350
     6.743
     6.490
     4.761
     6.308
     6.823
     6.748
     7.009
     6.288
     6.026
     7.127
     5.125
     5.524
     5.073
     7.717
     7.071
     7.221
     5.906
     6.283
     5.726
     7.378
     6.365
     7.573
     6.390
     6.763
     7.483
     7.261
     6.652
     6.489
     6.085
     7.505
     6.804
     6.825
     5.179
     6.429
     5.444
     5.798
     6.601
     6.866
     6.377
     6.545
     6.140
     5.845
     5.331
     6.592
     6.795
     6.986
     6.289
     6.125
     5.387
     6.620
     6.741
     5.246
     6.760
     6.393
     6.635
     4.925
     5.070
     5.742
     6.581
     6.827
     6.501
     6.511
     6.052
     5.906
     6.207
     5.689
     6.181
     6.136
     5.637
     7.019
     6.332
     5.705
     7.185
     5.657
     6.948
     6.802
     6.951
     6.301
     5.495
     6.519
     6.404
     6.485
     5.624
     6.799
     6.556
     6.456
     6.137
     6.073
     5.751
     6.017
     6.486
     5.585
     6.910
     6.328
     5.951
     5.695
     5.501
     4.701
     5.293
     6.534
     6.470
     5.475
     5.994
     6.631
     5.668
     6.705
     5.904
     5.926
     6.935
     5.722
     6.229
     6.770
     6.066
     6.122
     5.668
     5.443
     5.861
     6.883
     6.131
     6.499
     5.992
     5.497
     6.169
     6.277
     6.933
     6.785
     7.552
     5.824
     5.664
     6.779
     7.165
     5.875
     7.541
     5.691
     6.750
     6.568
     6.511
     6.382
     6.003
     6.613
     7.348
     6.077
     6.607
     6.430
     6.026
     5.941
     5.559
     6.655
     6.147
     5.424
     6.097
     6.723
     5.576
     6.585
     6.805
     6.738
     6.227
     6.354
     4.917
     7.366
     7.289
     5.606
     5.033
     4.957
     6.958
     5.905
     6.664
     4.751
     5.736
     5.199
     5.994
     6.054
     4.428
     6.094
     6.278
     5.443
     5.787
     6.634
     7.519
     6.543
     6.275
     6.673
     6.123
     7.847
     6.051
     6.290
     5.962
     6.355
     5.779
     7.674
     6.125
     7.540
     6.339
     5.877
     7.873
     7.324
     7.006
     5.647
     6.100
     5.959
     6.526
     6.862
     6.751
     6.292
     6.567
     6.505
     5.715
     5.185
     5.361
     6.665
     6.723
     6.929
     5.794
     6.008
     5.569
     6.490
     6.503
     6.573
     5.844
     6.391
     6.368
     6.816
     6.212
     6.281
     6.012
     5.373
     6.227
     5.643
     5.976
     7.838
     6.113
     6.632
     6.851
     6.552
     6.958
     6.583
     6.497
     6.896
     6.893
     6.398
     5.885
     6.273
     6.135
     5.652
     5.471
     6.503
     6.505
     7.122
     6.702
     5.930
     5.608
     6.576
     5.783
     7.370
     6.520
     6.208
     6.906
     6.445
     5.604
     6.998
     6.392
     7.381
     6.661
     6.499
     6.768
     5.857
     6.295
     6.203
     6.661
     6.455
     5.853
     6.150
     5.608
     6.307
     6.821
     7.249
     5.736
     6.335
     5.878
     6.455
     6.384
     5.354
     6.970
     6.441
     5.909
     4.650
     6.203
     6.189
     6.321
     6.116
     5.589
     7.083
     7.023
     6.277
     5.358
     6.499
     6.010
     7.343
     6.620
     6.356
     6.507
     6.677
     5.381
     6.961
     5.842
     5.748
     6.322
     6.674
     7.524
     7.402
     6.265
     6.794
     4.767
     6.995
     5.365
     5.535
     6.672
     6.586
     5.736
     6.970
     6.527
     6.194
     6.459
     6.535
     6.185
     6.659
     4.863
     5.415
     6.800
     7.213
     6.104
     5.654
     4.979
     6.853
     5.059
     5.393
     6.577
     6.325
     6.620
     6.438
     6.359
     6.583
     7.552
     7.589
     5.783
     5.608
     6.066
     6.109
     6.749
     7.645
     6.182
     6.692
     4.416
     5.796
     6.347
     6.552
     5.885
     6.513
     6.520
     4.676
     7.133
     6.674
     7.130
     6.410
     5.758
     5.984
     5.579
     5.696
     4.588
     6.872
     6.311
     5.432
     5.563
     6.484
     6.079
     6.030
     6.103
     5.889
     6.650
     6.132
     5.190
     5.735
     6.672
     6.090
     6.289
     6.111
     6.220
     6.691
     5.910
     6.783
     6.532
     7.584
     5.451
     5.889
     6.960
     6.049
     7.301
     7.460
     6.336
     5.970
     5.609
     5.969
     5.642
     6.663
     6.996
     6.377
     7.693
     5.679
     6.212
     6.297
     6.696
     6.508
     6.064
     6.216
     6.838
     6.477
     6.280
     6.526
     6.586
     5.508
     5.531
     5.865
     5.645
     6.135
     6.865
     5.602
     6.607
     6.479
     7.073
     6.024
     6.036
     6.551
     6.716
     5.773
     7.057
     6.118
     5.939
     6.859
     6.060
     7.818
     6.129
     6.846
     6.722
     6.455
     5.824
     5.447
     6.015
     6.381
     5.571
     5.715
     5.664
     6.377
     6.577
     4.454
     5.553
     6.648
     5.683
     6.503
     6.082
     6.404
     6.684
     6.937
     6.527
     6.887
     7.375
     6.188
     6.616
     6.874
     5.843
     6.393
     5.580
     6.632
     6.558
     6.648
     6.957
     7.063
     6.278
     6.619
     6.013
     7.463
     5.734
     5.669
     6.590
     6.724
     6.779
     7.623
     5.987
     4.633
     6.215
     5.759
     6.045
     5.733
     6.359
     5.698
     5.823
     5.717
     6.123
     6.150
     5.577
     6.504
     5.968
     6.357
     5.977
     6.763
     6.812
     5.856
     5.611
     5.912
     6.594
     5.523
     5.507
     6.298
     6.347
     5.846
     7.035
     5.589
     5.752
     5.968
     6.314
     5.433
     5.915
     6.192
     5.992
     6.922
     6.686
     6.034
     5.666
     7.106
     6.718
     4.817
     5.290
     6.745
     6.213
     6.556
     7.925
     6.491
     5.719
     6.720
     6.311
     6.344
     6.666
     5.674
     7.698
     6.371
     5.853
     5.030
     7.032
     6.342
     6.225
     7.009
     6.391
     6.210
     6.540
     6.338
     5.726
     6.865
     5.838
     6.629
     6.849
     7.175
     6.405
     6.726
     5.511
     7.589
     6.390
     6.898
     5.531
     7.004
     6.451
     6.581
     6.743
     7.027
     7.698
     6.566
     5.798
     5.670
     6.219
     5.861
     7.538
     5.775
     4.992
     6.387
     6.241
     5.933
     6.666
     6.067
     6.618
     6.915
     5.738
     6.343
     5.621
     5.949
     7.365
     6.192
     7.740
     7.053
     6.766
     5.351
     6.588
     6.965
     6.539
     7.451
     4.862
     5.357
     5.417
     4.657
     7.368
     5.570
     6.510
     6.362
     6.118
     6.148
     7.387
     5.626
     6.253
     6.751
     4.866
     6.547
     5.692
     5.923
     5.026
     6.454
     5.885
     5.661
     5.854
     5.819
     6.936
     6.267
     5.633
     6.156
     6.052
     5.476
     5.465
     6.209
     6.700
     6.548
     5.924
     7.172
     5.683
     6.561
     6.104
     5.639
     6.200
     6.730
     6.406
     6.076
     6.037
     6.286
     6.495
     5.414
     6.982
     5.782
     5.834
     6.430
     6.330
     6.734
     6.260
     5.155
     5.997
     6.290
     5.359
     6.654
     5.990
     5.382
     5.631
     6.949
     6.788
     7.075
     6.584
     6.637
     7.183
     6.893
     6.890
     5.797
     6.661
     6.087
     6.780
     6.729
     5.738
     6.252
     6.046
     6.381
     5.439
     7.031
     6.528
     5.353
     7.030
     6.198
     6.440
     5.059
     4.673
     6.050
     5.821
     6.432
     5.615
     6.911
     5.436
     6.489
     7.421
     6.093
     6.059
     6.574
     6.535
     5.670
     6.476
     6.402
     6.509
     5.981
     6.435
     6.825
     6.090
     5.831
     6.464
     5.499
     7.003
     6.089
     7.009
     4.662
     5.525
     6.840
     6.409
     5.607
     7.137
     5.384
     5.798
     5.674
     5.195
     6.204
     5.398
     6.070
     5.752
     6.067
     5.648
     6.381
     6.219
     6.007
     6.149
     6.084
     6.750
     6.721
     5.812
     6.742
     5.903
     7.260
     6.381
     4.688
     5.146
     5.680
     5.603
     6.213
     5.858
     5.360
     5.781
     6.466
     5.978
     7.296
     7.416
     6.817
     7.406
     6.723
     6.764
     5.655
     6.671
     5.685
     5.228
     6.173
     6.648
     6.152
     6.719
     5.527
     5.658
     4.849
     6.448
     6.422
     6.690
     6.270
     5.822
     6.557
     5.747
     5.321
     7.285
     6.825
     6.505
     6.116
     5.684
     5.148
     5.487
     7.761
     6.748
     5.802
     6.499
     7.312
     5.561
     6.043
     5.759
     6.169
     5.167
     5.942
     6.935
     6.747
     5.961
     6.424
     6.498
     6.606
     6.553
     5.774
     7.451
     7.170
     5.084
     6.020
     5.876
     6.773
     6.867
     6.517
     7.229
     5.638
     5.831
     6.482
     5.988
     5.808
     6.521
     6.409
     6.599
     7.437
     6.083
     6.016
     6.560
     6.475
     7.084
     7.035
     6.401
     6.629
     7.301
     5.657
     6.678
     6.050
     5.921
     7.065
     6.299
     5.348
     5.571
     6.164
     6.061
     6.659
     6.258
     6.261
     6.757
     6.537
     6.301
     6.348
     7.033
     6.010
     6.378
     7.358
     5.837
     6.947
     5.471
     6.597
     6.229
     6.563
     6.058
     6.290
     6.656
     5.935
     7.175
     4.661
     6.369
     6.976
     6.094
     6.660
     5.769
     5.950
     5.880
     5.141
     7.173
     7.503
     6.026
     6.828
     5.887
     6.725
     5.865
     6.534
     6.207
     6.172
     6.559
     5.774
     6.624
     6.956
     5.950
     6.418
     7.436
     6.582
     6.593
     5.577
     6.252
     6.614
     6.497
     6.876
     6.221
     7.464
     6.713
     5.712
     6.878
     7.083
     5.029
     5.895
     6.793
     6.385
     6.138
     6.781
     5.907
     7.009
     7.306
     6.479
     5.614
     5.803
     6.831
     5.651
     6.785
     6.682
     6.314
     6.187
     5.015
     7.537
     6.765
     5.738
     5.166
     6.830
     5.862
     5.696
     4.849
     6.819
     5.855
     6.824
     5.610
     6.702
     5.096
     3.783
     7.433
     5.123
     7.830
     7.713
     7.482
     6.682
     5.819
     5.086
     5.748
     5.944
     6.454
     6.222
     5.520
     6.881
     5.926
     7.039
     5.593
     6.449
     6.452
     5.439
     5.701
     6.637
     5.095
     6.242
     6.324
     6.572
     6.674
     5.629
     6.418
     6.430
     6.781
     6.286
     6.657
     6.002
     7.074
     5.639
     7.294
     5.661
     5.937
     5.880
     6.088
     5.804
     6.597
     6.340
     7.046
     6.459
     5.541
     6.395
     6.746
     6.562
     5.557
     6.087
     5.490
     7.880
     5.532
     7.731
     7.017
     6.926
     6.116
     6.843
     5.176
     5.847
     5.421
     6.398
     5.576
     6.860
     7.877
     6.471
     6.562
     7.513
     6.379
     5.730
     5.659
     6.929
     5.676
     5.779
     5.546
     7.914
     7.756
     6.291
     6.938
     7.046
     4.488
     6.468
     6.078
     7.079
     6.312
     6.612
     7.316
     7.216
     6.518
     7.050
     6.304
     6.116
     6.260
     6.374
     6.218
     6.269
     5.885
     5.756
     6.123
     6.661
     5.858
     6.867
     6.616
     6.913
     6.247
     5.500
     6.593
     6.331
     6.148
     7.133
     5.870
     5.572
     6.904
     6.168
     7.088
     6.478
     5.572
     5.792
     5.792
     5.199
     5.114
     6.858
     6.046
     7.693
     6.151
     6.693
     5.442
     6.839
     7.877
     5.434
     7.391
     6.452
     6.582
     6.064
     5.020
     5.623
     6.495
     5.765
     7.015
     5.573
     7.847
     5.365
     6.892
     5.428
     6.039
     6.953
     6.710
     6.477
     6.353
     7.000
     6.835
     6.159
     6.424
     6.937
     6.557
     6.153
     7.502
     5.351
     5.657
     7.062
     6.241
     6.699
     7.080
     6.000
     6.118
     5.884
     6.136
     6.059
     4.416
     5.960
     5.730
     7.486
     5.503
     6.941
     6.913
     6.618
     5.995
     6.151
     6.483
     5.330
     6.222
     6.756
     6.432
     6.592
     6.668
     6.771
     6.776
     7.631
     6.379
     5.238
     6.664
     5.926
     7.351
     6.489
     6.281
     5.561
     5.075
     6.394
     6.344
     6.191
     6.574
     5.761
     6.522
     6.411
     7.166
     7.303
     6.466
     6.492
     6.190
     6.299
     6.358
     6.240
     6.416
     6.308
     7.770
     5.964
     5.170
     6.932
     7.093
     5.642
     6.035
     6.463
     5.816
     6.579
     6.710
     6.023
     6.230
     7.217
     6.512
     7.293
     6.981
     6.828
     6.896
     7.046
     5.862
     6.007
     6.317
     5.852
     5.425
     6.603
     4.879
     6.492
     6.315
     6.694
     6.540
     6.914
     6.849
     5.961
     6.681
     5.856
     5.978
     5.406
     5.661
     6.631
     6.305
     6.264
     5.546
     6.534
     7.643
     7.165
     5.698
     5.601
     5.642
     7.129
     5.809
     7.347
     5.699
     5.636
     5.923
     4.751
     5.957
     6.643
     6.110
     6.448
     6.948
     6.330
     7.421
     6.741
     5.386
     5.283
     5.478
     5.391
     6.512
     6.419
     6.406
     6.354
     6.758
     7.630
     6.037
     7.351
     6.432
     6.837
     5.787
     4.753
     6.013
     5.313
     6.072
     6.820
     5.844
     6.785
     6.542
     7.665
     5.230
     6.993
     4.949
     4.816
     6.288
     4.534
     5.797
     6.305
     7.400
     6.340
     5.577
     5.505
     6.179
     6.289
     6.135
     6.404
     6.226
     6.360
     5.900
     7.228
     7.268
     6.420
     6.549
     6.414
     6.600
     5.631
     6.390
     5.330
     6.601
     6.495
     6.308
     7.495
     6.315
     6.252
     6.540
     6.532
     5.655
     5.926
     5.739
     6.751
     5.082
     6.802
     6.891
     6.420
     6.255
     5.341
     6.632
     5.766
     6.118
     4.480
     6.388
     6.519
     6.771
     5.392
     5.324
     6.116
     5.854
     5.646
     6.582
     6.308
     5.932
     6.424
     5.906
     6.023
     5.740
     5.769
     5.389
     6.694
     6.802
     6.398
     6.603
     5.048
     6.291
     6.390
     6.276
     6.557
     6.515
     6.913
     6.216
     7.422
     6.836
     6.459
     5.498
     6.575
     6.393
     5.971
     5.599
     6.408
     7.427
     5.995
     5.327
     6.392
     6.115
     5.687
     6.275
     5.701
     6.014
     5.833
     6.237
     6.879
     7.284
     4.902
     6.732
     6.215
     5.912
     6.529
     4.549
     6.508
     6.812
     5.930
     6.478
     5.686
     6.661
     6.277
     6.369
     6.365
     6.671
     6.104
     5.834
     5.917
     6.956
     6.210
     5.899
     6.606
     5.985
     6.525
     6.974
     7.517
     7.520
     6.935
     6.056
     6.652
     6.604
     5.678
     5.546
     5.430
     6.614
     6.261
     6.963
     6.499
     5.168
     6.627
     7.035
     5.546
     6.511
     5.805
     6.694
     6.743
     7.475
     6.381
     6.451
     7.837
     5.529
     6.338
     6.027
     6.207
     6.866
     5.554
     5.455
     5.790
     7.250
     5.442
     6.304
     5.923
     4.831
     6.725
     5.877
     5.978
     6.670
     4.672
     6.299
     6.110
     6.506
     6.270
     5.575
     5.892
     5.974
     6.535
     6.499
     7.235
     6.991
     6.339
     6.059
     6.408
     5.652
     6.463
     6.368
     6.521
     5.271
     6.418
     5.828
     6.131
     7.632
     6.781
     6.920
     5.667
     6.064
     6.380
     5.764
     6.500
     6.457
     5.851
     5.110
     6.357
     6.116
     6.516
     6.194
     6.122
     5.325
     5.650
     5.845
     5.964
     7.168
     6.792
     7.267
     6.822
     4.826
     5.165
     7.078
     6.343
     6.279
     6.527
     6.856
     6.710
     6.805
     6.099
     7.062
     6.617
     6.866
     6.943
     6.153
     5.833
     6.418
     6.416
     5.538
     6.075
     6.621
     5.670
     7.436
     6.080
     5.022
     6.336
     5.815
     6.958
     6.191
     7.222
     6.695
     6.506
     6.283
     5.666
     6.708
     6.509
     6.631
     4.623
     6.698
     5.605
     6.058
     5.457
     6.474
     5.646
     6.201
     6.620
     5.628
     6.653
     6.374
     6.881
     6.113
     6.051
     7.259
     5.426
     5.847
     6.206
     7.749
     7.663
     6.323
     5.022
     6.585
     6.181
     5.008
     6.152
     5.840
     6.801
     6.003
     6.514
     5.619
     6.880
     6.904
     6.683
     6.140
     6.441
     6.775
     6.227
     7.143
     6.397
     7.009
     6.133
     6.681
     4.919
     6.613
     6.796
     6.560
     5.936
     6.150
     5.557
     7.253
     6.293
     5.726
     6.764
     6.660
     6.797
     6.215
     6.353
     7.136
     5.658
     6.992
     6.274
     5.838
     5.814
     6.177
     6.263
     6.952
     6.441
     6.443
     6.342
     6.097
     6.537
     6.222
     5.633
     6.481
     6.391
     7.163
     7.313
     6.351
     6.487
     6.093
     6.702
     6.946
     5.443
     6.579
     6.690
     7.799
     6.291
     6.106
     6.945
     6.060
     6.493
     6.055
     6.713
     6.328
     5.720
     7.411
     6.630
     6.451
     6.458
     7.016
     6.678
     6.392
     5.243
     6.451
     6.020
     6.096
     6.665
     5.873
     6.676
     6.606
     6.387
     6.612
     6.919
     6.074
     5.182
     5.386
     6.326
     6.277
     6.609
     5.690
     5.858
     6.955
     5.590
     5.712
     6.296
     6.236
     7.074
     6.395
     6.131
     5.951
     5.848
     6.472
     5.735
     6.605
     6.685
     7.177
     7.603
     6.496
     6.674
     6.832
     6.499
     5.694
     6.910
     5.560
     6.624
     5.921
     6.790
     6.617
     5.949
     6.634
     6.721
     5.386
     6.369
     6.058
     7.616
     6.383
     5.987
     5.702
     7.376
     5.371
     5.978
     6.852
     6.453
     6.088
     6.678
     5.971
     5.365
     6.099
     5.171
     6.574
     6.656
     7.472
     6.203
     6.844
     7.058
     6.790
     5.597
     6.859
     7.290
     7.378
     5.423
     5.999
     6.629
     6.359
     6.323
     5.647
     6.537
     5.674
     5.040
     5.980
     7.137
     5.170
     6.737
     6.002
     7.442
     6.459
     5.506
     6.088
     6.486
     6.295
     6.566
     5.289
     6.158
     6.416
     5.737
     5.451
     6.410
     4.917
     7.103
     5.816
     6.434
     5.878
     6.011
     5.608
     5.686
     6.455
     5.725
     5.596
     6.445
     6.507
     5.690
     6.748
     6.794
     4.842
     7.801
     6.607
     6.607
     6.664
     7.039
     6.221
     5.155
     6.280
     5.927
     6.546
     5.709
     5.650
     5.598
     6.539
     5.133
     6.149
     7.276
     6.050
     6.499
     6.583
     6.362
     6.145
     5.253
     4.684
     6.214
     5.485
     6.201
     7.039
     6.607
     6.585
     6.060
     6.574
     6.802
     6.313
     6.023
     6.527
     6.018
     5.744
     6.698
     7.109
     4.899
     4.848
     6.975
     6.938
     5.521
     5.648
     7.786
     7.355
     6.822
     7.489
     6.120
     6.470
     6.825
     6.801
     4.976
     5.522
     5.971
     6.069
     4.579
     6.117
     5.525
     6.353
     6.396
     6.541
     5.726
     7.370
     6.570
     6.189
     5.463
     5.051
     6.659
     5.979
     6.625
     4.632
     6.541
     6.382
     7.081
     5.584
     5.748
     6.816
     6.031
     6.456
     5.894
     6.628
     5.768
     5.642
     6.929
     5.340
     5.982
     6.653
     5.944
     6.487
     6.229
     5.468
     6.869
     5.816
     5.656
     6.115
     6.731
     6.509
     6.729
     6.325
     5.915
     7.384
     4.827
     6.469
     5.669
     7.500
     6.970
     6.767
     7.486
     6.293
     7.245
     5.909
     6.065
     6.856
     6.090
     6.493
     6.533
     5.140
     6.150
     6.113
     6.510
     6.942
     5.752
     5.170
     6.244
     6.713
     6.423
     6.465
     6.381
     6.300
     6.609
     6.220
     5.746
     6.962
     6.924
     5.650
     5.273
     6.220
     6.056
     4.933
     7.834
     4.926
     6.370
     6.117
     7.780
     5.200
     6.316
     6.019
     6.575
     6.071
     5.996
     6.370
     7.006
     5.625
     6.780
     6.768
     7.299
     6.797
     7.197
     5.468
     4.632
     6.845
     5.803
     6.252
     6.880
     6.353
     6.780
     6.294
     5.569
     5.066
     6.936
     5.600
     6.474
     6.507
     6.231
     5.533
     6.645
     6.250
     6.868
     6.898
     5.730
     7.504
     6.490
     5.588
     6.755
     5.709
     6.537
     6.179
     6.721
     5.467
     5.996
     6.640
     5.709
     6.273
     5.878
     5.779
     6.701
     6.730
     6.291
     6.799
     6.439
     6.210
     6.008
     5.906
     7.655
     5.715
     6.414
     5.625
     5.713
     6.707
     6.672
     4.362
     7.139
     5.885
     6.597
     7.240
     6.535
     5.348
     6.373
     6.343
     6.715
     5.761
     5.138
     7.339
     5.871
     5.673
     6.657
     6.686
     6.037
     7.229
     5.601
     6.725
     5.866
     6.468
     6.527
     7.152
     6.062
     5.367
     5.929
     6.786
     7.257
     6.291
     7.581
     6.781
     6.693
     5.968
     6.810
     5.688
     6.328
     4.828
     5.592
     6.959
     6.433
     5.680
     6.196
     6.473
     5.994
     6.376
     5.981
     6.567
     5.644
     6.563
     6.008
     7.116
     6.279
     6.783
     6.789
     6.124
     6.741
     6.178
     5.523
     5.327
     7.019
     6.039
     6.314
     6.609
     5.570
     6.116
     4.643
     5.719
     6.835
     6.229
     7.195
     6.489
     6.730
     7.692
     5.783
     6.911
     6.940
     7.118
     5.136
     5.098
     6.935
     5.212
     5.769
     6.091
     6.886
     6.715
     6.309
     6.008
     6.707
     6.653
     5.710
     7.488
     6.431
     5.715
     6.163
     6.944
     6.436
     5.789
     5.611
     7.336
     5.440
     5.889
     7.099
     5.621
     5.553
     6.229
     6.285
     6.143
     6.927
     6.353
     6.672
     5.996
     6.126
     6.293
     6.786
     6.469
     6.565
     6.417
     5.900
     5.182
     7.613
     6.499
     7.496
     5.730
     4.631
     6.012
     6.178
     5.467
     6.836
     5.168
     5.811
     5.997
     7.313
     5.955
     6.256
     6.085
     6.016
     5.366
     6.506
     6.331
     5.875
     6.514
     5.559
     6.881
     5.828
     6.523
     7.056
     6.585
     6.526
     6.407
     5.942
     6.116
     5.551
     6.632
     5.991
     6.850
     5.671
     5.290
     5.986
     6.928
     6.363
     6.213
     6.056
     7.065
     5.847
     6.214
     6.433
     4.346
     5.873
     6.620
     6.615
     6.081
     5.658
     5.668
     6.467
     5.614
     6.108
     6.609
     5.863
     6.131
     5.202
     6.242
     6.901
     7.499
     6.335
     6.511
     5.624
     6.317
     7.046
     6.847
     6.689
     7.243
     6.408
     6.454
     6.770
     6.262
     6.645
     7.672
     6.946
     6.146
     7.065
     6.934
     6.484
     6.424
     6.453
     6.317
     6.824
     5.406
     5.243
     6.801
     6.110
     5.855
     4.891
     6.762
     5.487
     7.159
     6.366
     6.004
     6.486
     7.384
     5.846
     6.911
     6.617
     5.701
     5.965
     6.031
     5.691
     6.537
     6.769
     6.499
     6.759
     5.810
     5.338
     6.745
     6.503
     6.016
     5.971
     6.148
     6.230
     6.196
     5.703
     6.743
     7.030
     6.533
     6.784
     6.187
     5.027
     6.835
     6.148
     6.201
     6.908
     6.071
     5.652
     7.230
     6.470
     6.542
     6.019
     6.590
     6.665
     6.848
     5.825
     5.949
     7.482
     6.022
     5.900
     6.284
     6.368
     5.992
     6.206
     6.393
     7.691
     6.392
     6.446
     5.415
     6.201
     6.027
     6.348
     5.640
     6.280
     7.060
     3.660
     6.308
     6.650
     4.929
     5.603
     6.822
     6.106
     6.316
     6.441
     6.220
     6.885
     7.028
     7.145
     5.698
     6.078
     6.015
     5.586
     5.842
     6.383
     7.367
     6.442
     6.693
     6.950
     6.623
     5.865
     7.850
     6.547
     6.824
     5.979
     5.612
     6.301
     5.586
     5.812
     7.499
     5.048
     6.410
     6.303
     6.394
     6.341
     5.423
     7.344
     6.344
     5.451
     5.453
     6.335
     6.531
     4.984
     5.645
     7.347
     6.569
     5.974
     6.807
     5.649
     5.571
     6.570
     6.548
     6.083
     6.918
     6.763
     7.056
     6.974
     4.960
     7.000
     4.944
     5.490
     6.478
     6.165
     6.469
     6.887
     5.499
     6.256
     6.194
     5.009
     7.227
     6.296
     6.460
     6.708
     5.626
     6.547
     5.726
     5.437
     6.516
     6.342
     5.942
     6.256
     6.979
     6.055
     7.648
     6.319
     6.626
     5.840
     6.086
     6.604
     6.344
     6.763
     7.213
     6.681
     7.347
     6.766
     6.460
     6.577
     6.450
     4.863
     5.665
     5.353
     6.325
     6.464
     6.714
     5.296
     5.734
     6.642
     6.258
     5.934
     6.242
     5.905
     5.995
     5.725
     7.833
     5.346
     6.320
     5.965
     5.866
     6.084
     6.857
     5.120
     6.660
     4.906
     6.753
     7.431
     6.462
     5.344
     6.400
     6.382
     5.608
     5.643
     6.571
     6.222
     6.425
     5.851
     5.103
     5.774
     6.327
     6.584
     5.954
     6.188
     6.171
     6.670
     6.180
     5.139
     6.736
     6.405
     6.347
     7.020
     7.071
     5.097
     6.451
     6.463
     6.643
     5.825
     6.321
     6.985
     7.301
     6.914
     6.884
     5.341
     7.118
     7.151
     6.544
     6.230
     6.197
     7.384
     5.925
     5.010
     5.855
     6.314
     5.013
     6.495
     6.338
     3.924
     6.036
     6.562
     7.082
     7.058
     6.870
     6.561
     4.833
     7.120
     7.140
     5.329
     6.630
     6.333
     7.116
     6.710
     6.702
     6.173
     5.990
     6.311
     7.077
     6.082
     5.752
     6.231
     5.910
     5.989
     6.394
     7.266
     6.859
     5.318
     6.314
     6.552
     6.394
     6.222
     5.930
     4.489
     5.937
     6.536
     6.542
     6.272
     6.635
     5.825
     7.030
     5.481
     6.517
     5.822
     6.126
     5.214
     6.146
     5.639
     7.490
     4.710
     6.952
     7.485
     7.109
     5.406
     6.403
     7.116
     6.393
     6.260
     5.978
     6.840
     6.315
     6.841
     5.643
     6.889
     6.968
     6.573
     6.403
     5.516
     7.093
     5.425
     5.615
     6.682
     6.909
     5.622
     6.172
     4.925
     5.890
     6.813
     6.714
     6.054
     6.019
     5.830
     6.389
     6.093
     5.537
     5.894
     5.807
     7.155
     5.858
     6.864
     6.476
     4.676
     5.037
     4.278
     6.771
     6.616
     6.221
     5.973
     5.693
     4.824
     6.249
     6.716
     6.327
     7.673
     6.634
     4.836
     6.522
     6.519
     6.586
     6.493
     6.620
     7.056
     6.786
     6.761
     6.124
     6.440
     5.417
     5.305
     6.982
     6.838
     6.021
     5.875
     6.690
     7.044
     6.593
     7.014
     7.551
     6.392
     6.318
     6.641
     5.995
     6.112
     6.250
     6.436
     6.803
     6.799
     6.854
     5.478
     5.571
     5.141
     5.950
     6.932
     6.554
     7.045
     5.793
     4.746
     6.105
     6.289
     6.045
     6.209
     6.659
     5.693
     6.203
     5.379
     5.671
     5.825
     5.817
     5.636
     6.070
     7.727
     6.039
     6.946
     7.635
     6.314
     7.357
     6.434
     5.851
     7.259
     6.328
     5.447
     6.738
     5.640
     5.748
     7.119
     6.016
     5.545
     6.789
     6.178
     5.714
     6.311
     5.569
     5.707
     5.680
     6.399
     6.711
     5.596
     6.843
     6.823
     6.856
     6.951
     5.664
     6.228
     6.541
     4.923
     6.470
     6.483
     6.435
     7.489
     6.764
     6.146
     5.807
     7.590
     6.649
     6.889
     6.737
     5.774
     6.212
     6.265
     6.692
     6.020
     6.691
     5.919
     6.170
     6.235
     5.928
     5.877
     6.494
     6.159
     7.131
     6.623
     5.711
     6.549
     6.799
     6.849
     6.635
     6.968
     6.850
     6.001
     5.808
     7.451
     5.629
     7.051
     5.260
     7.777
     6.345
     6.385
     6.551
     6.178
     7.109
     5.200
     7.715
     4.838
     6.559
     6.494
     5.993
     6.869
     5.998
     6.691
     6.616
     6.836
     6.372
     5.896
     7.011
     6.378
     6.661
     5.249
     7.322
     7.021
     7.069
     5.701
     5.966
     7.098
     6.656
     5.864
     5.968
     6.478
     6.519
     6.301
     6.758
     6.466
     6.548
     6.652
     6.149
     5.539
     6.782
     4.527
     6.908
     5.677
     5.544
     6.490
     6.144
     4.944
     6.060
     7.302
     6.592
     6.424
     5.727
     7.333
     5.228
     6.208
     7.626
     6.009
     6.601
     6.078
     4.505
     6.882
     6.468
     6.080
     6.963
     5.495
     6.830
     6.382
     6.291
     6.243
     7.188
     6.345
     6.360
     5.395
     5.953
     6.771
     4.955
     7.586
     6.452
     7.325
     7.125
     6.622
     4.513
     7.579
     7.862
     6.622
     7.824
     5.943
     6.404
     6.415
     6.968
     6.169
     6.247
     6.210
     5.788
     6.229
     6.727
     6.770
     6.242
     6.359
     6.420
     6.237
     5.282
     5.370
     6.412
     6.223
     6.169
     6.026
     6.359
     5.251
     7.000
     6.264
     5.581
     5.294
     4.880
     6.195
     5.280
     4.980
     6.395
     6.074
     5.690
     6.718
     7.400
     5.725
     6.493
     6.522
     6.228
     7.284
     6.087
     6.066
     6.710
     6.805
     5.024
     6.317
     6.675
     4.997
     4.899
     6.054
     6.987
     6.114
     6.788
     6.093
     6.744
     5.660
     5.290
     6.633
     7.380
     4.753
     5.617
     5.499
     6.709
     6.456
     7.083
     7.130
     6.833
     6.294
     7.467
     6.945
     6.415
     6.299
     5.578
     6.725
     6.631
     6.393
     5.961
     7.272
     5.059
     6.340
     5.777
     6.577
     6.674
     6.899
     6.557
     7.227
     6.565
     5.559
     6.426
     5.895
     7.028
     6.963
     6.009
     5.607
     6.381
     7.874
     7.202
     6.469
     5.691
     5.818
     5.064
     6.674
     5.811
     6.533
     5.753
     6.201
     5.869
     6.688
     6.005
     6.405
     6.454
     6.380
     6.273
     6.540
     7.283
     5.951
     5.724
     6.162
     6.778
     6.623
     5.874
     6.702
     5.127
     6.629
     6.121
     7.618
     6.736
     5.416
     5.160
     7.134
     6.326
     5.307
     6.946
     6.391
     6.356
     5.395
     5.649
     7.333
     6.144
     5.846
     6.395
     5.818
     6.543
     6.702
     6.468
     4.740
     6.482
     7.530
     6.965
     5.308
     4.949
     5.614
     7.136
     5.731
     7.243
     6.172
     6.474
     5.567
     6.893
     7.882
     5.890
     6.496
     6.412
     6.866
     5.754
     6.530
     6.690
     6.661
     6.910
     6.540
     6.443
     6.047
     5.653
     6.790
     6.936
     5.703
     6.548
     6.917
     6.744
     6.209
     5.921
     6.433
     6.247
     5.520
     5.839
     6.472
     5.163
     6.977
     6.434
     5.245
     5.966
     5.009
     5.575
     6.322
     6.647
     6.966
     6.379
     6.511
     6.584
     7.024
     6.693
     7.159
     6.750
     6.593
     6.875
     6.499
     7.170
     5.643
     6.832
     6.387
     6.409
     7.200
     7.182
     6.749
     6.385
     6.045
     6.214
     6.986
     5.662
     6.044
     6.538
     5.737
     7.182
     7.260
     7.251
     6.605
     6.975
     7.089
     5.607
     6.414
     7.127
     6.144
     6.612
     6.845
     6.869
     5.036
     6.568
     5.213
     7.682
     7.671
     6.458
     5.562
     4.961
     6.091
     5.830
     6.670
     7.202
     7.297
     7.112
     6.711
     7.412
     4.943
     7.032
     6.648
     5.895
     5.802
     6.389
     6.616
     6.370
     7.009
     5.859
     6.551
     6.164
     6.483
     6.777
     6.604
     5.587
     6.527
     7.007
     5.499
     6.224
     6.822
     5.736
     6.163
     6.229
     5.770
     6.525
     5.768
     6.428
     5.925
     5.738
     6.646
     6.057
     6.005
     5.854
     6.676
     5.562
     6.758
     4.613
     7.026
     6.691
     6.244
     5.608
     6.845
     6.036
     6.606
     5.742
     7.060
     6.696
     5.769
     6.003
     6.706
     6.622
     6.749
     6.611
     5.110
     6.463
     6.484
     5.827
     5.245
     6.432
     6.363
     5.931
     6.768
     5.989
     6.985
     5.120
     6.381
     6.687
     6.952
     6.545
     5.636
     5.698
     6.609
     5.614
     6.170
     5.651
     6.598
     6.665
     7.123
     5.933
     6.969
     5.449
     5.939
     5.636
     5.781
     5.593
     5.839
     5.598
     6.669
     5.957
     4.966
     6.587
     6.420
     6.425
     5.234
     5.628
     6.707
     5.671
     7.555
     6.504
     5.282
     5.582
     6.000
     7.225
     6.896
     6.257
     4.830
     7.132
     5.061
     6.515
     6.092
     5.647
     7.088
     6.860
     6.265
     6.707
     5.964
     5.818
     6.135
     7.088
     5.505
     7.363
     4.572
     5.419
     5.403
     6.007
     6.560
     6.349
     6.442
     6.723
     7.161
     5.711
     6.001
     7.365
     5.178
     5.605
     5.849
     5.707
     7.068
     5.969
     5.824
     5.817
     6.241
     6.466
     6.128
     6.403
     5.553
     6.207
     7.016
     7.060
     6.389
     5.674
     6.417
     7.208
     6.407
     5.460
     6.204
     6.665
     5.543
     6.706
     5.706
     5.969
     6.116
     5.592
     6.917
     6.275
     7.069
     6.214
     4.263
     6.771
     5.288
     5.840
     5.896
     7.007
     5.826
     5.497
     5.901
     6.323
     6.375
     6.957
     7.489
     6.938
     5.925
     6.771
     6.210
     4.849
     5.460
     6.525
     5.855
     5.478
     5.843
     6.357
     5.646
     5.692
     6.512
     6.389
     5.855
     6.536
     5.999
     6.541
     6.602
     7.030
     6.639
     6.222
     6.599
     5.838
     5.600
     6.802
     5.836
     7.692
     7.327
     5.757
     6.610
     6.721
     6.677
     5.848
     5.917
     6.657
     6.373
     7.253
     6.291
     6.770
     6.360
     6.499
     5.943
     6.523
     6.840
     5.981
     5.820
     7.877
     5.028
     5.363
     5.841
     6.108
     6.531
     6.554
     5.764
     7.154
     6.886
     6.887
     5.732
     6.759
     6.790
     6.559
     6.880
     6.526
     6.584
     6.625
     5.072
     5.968
     6.204
     6.946
     6.272
     6.500
     7.507
     6.893
     6.468
     5.458
     5.844
     6.405
     7.070
     6.099
     4.616
     6.443
     6.703
     7.092
     7.222
     5.472
     7.094
     6.517
     7.302
     6.909
     7.134
     6.443
     6.224
     6.653
     5.890
     6.669
     6.184
     6.563
     6.934
     5.862
     5.586
     5.596
     5.577
     6.842
     4.902
     5.672
     6.451
     6.488
     6.826
     5.786
     5.655
     7.240
     6.246
     6.679
     7.175
     5.545
     6.659
     7.202
     5.878
     5.548
     7.226
     6.014
     6.595
     6.283
     6.193
     7.583
     6.295
     6.507
     6.488
     6.305
     5.486
     6.342
     7.617
     6.489
     6.872
     6.504
     5.716
     4.759
     7.565
     7.118
     5.795
     5.830
     6.262
     4.787
     6.917
     6.414
     5.086
     6.002
     6.724
     5.702
     6.665
     6.659
     6.956
     5.882
     5.788
     6.678
     5.638
     7.377
     5.053
     5.695
     6.477
     6.849
     7.381
     7.516
     5.926
     6.186
     6.074
     6.426
     7.509
     6.765
     5.726
     6.765
     5.667
     6.418
     6.559
     6.597
     6.440
     6.408
     5.500
     7.421
     6.306
     6.240
     6.585
     6.747
     6.536
     6.649
     6.457
     6.868
     5.441
     7.145
     7.125
     6.655
     6.893
     6.290
     6.402
     7.265
     6.562
     6.418
     6.393
     6.185
     5.876
     6.090
     6.455
     5.722
     6.114
     7.422
     6.152
     6.591
     6.614
     6.793
     5.990
     5.416
     5.194
     6.072
     4.903
     6.915
     7.004
     7.107
     6.897
     5.359
     5.234
     7.391
     6.928
     6.112
     5.901
     5.920
     7.177
     6.374
     6.247
     5.067
     6.431
     6.500
     6.227
     6.282
     5.616
     6.586
     6.253
     6.627
     5.484
     6.694
     6.662
     4.900
     6.804
     6.690
     6.569
     6.011
     6.205
     5.527
     6.887
     5.650
     5.394
     6.091
     6.123
     5.911
     7.132
     6.223
     6.935
     4.903
     6.258
     5.521
     6.756
     6.407
     5.149
     7.016
     6.027
     6.066
     7.761
     6.116
     5.989
     7.526
     6.566
     5.819
     6.276
     6.633
     6.964
     5.991
     6.002
     6.129
     6.156
     6.015
     6.724
     6.611
     6.679
     5.334
     6.101
     7.278
     6.040
     6.257
     6.673
     6.203
     7.123
     6.173
     7.782
     7.016
     6.421
     6.642
     6.745
     6.013
     7.608
     6.745
     6.553
     6.120
     7.243
     6.279
     7.153
     6.224
     6.779
     5.556
     7.462
     5.932
     7.427
     6.853
     7.561
     5.906
     6.582
     6.056
     5.536
     5.846
     7.170
     5.795
     5.196
     6.530
     5.598
     5.910
     5.672
     5.804
     5.075
     7.019
     5.771
     5.904
     6.762
     6.746
     6.188
     5.832
     5.621
     7.122
     5.596
     6.824
     6.612
     5.505
     6.400
     5.792
     6.790
     6.242
     6.223
     4.343
     7.147
     7.613
     6.359
     6.909
     6.769
     6.748
     6.814
     6.895
     6.356
     7.237
     5.644
     5.691
     7.040
     5.554
     5.607
     5.598
     6.243
     6.289
     5.390
     6.209
     6.428
     6.791
     5.589
     6.227
     6.344
     6.605
     6.027
     4.968
     7.118
     6.344
     6.483
     6.050
     6.364
     6.688
     6.593
     6.467
     6.364
     6.773
     6.707
     6.059
     5.466
     6.454
     6.134
     6.462
     6.897
     7.526
     6.979
     7.481
     6.969
     6.035
     7.030
     4.333
     7.023
     6.838
     6.992
     6.634
     4.901
     6.899
     6.044
     5.899
     7.400
     5.714
     5.606
     6.917
     6.169
     6.317
     6.052
     5.920
     7.187
     6.235
     6.255
     7.092
     6.609
     5.838
     5.468
     6.489
     4.976
     6.188
     6.150
     6.294
     6.806
     5.593
     5.984
     6.855
     6.882
     6.842
     5.389
     6.501
     5.075
     6.664
     5.961
     6.013
     6.455
     6.292
     5.224
     5.886
     5.888
     5.402
     5.232
     7.491
     6.156
     6.102
     5.760
     6.736
     6.437
     7.370
     7.101
     4.949
     5.372
     5.673
     5.996
     6.035
     4.265
     5.926
     7.419
     7.320
     6.386
     6.699
     5.888
     7.001
     6.712
     6.247
     6.289
     5.723
     6.390
     6.387
     6.071
     6.254
     6.520
     7.480
     6.093
     6.386
     6.588
     5.870
     6.575
     6.271
     5.665
     6.623
     5.326
     7.274
     6.494
     6.280
     5.686
     6.343
     6.278
     6.034
     6.743
     6.434
     5.748
     5.650
     6.365
     6.894
     7.124
     5.980
     6.971
     6.738
     6.712
     6.489
     6.402
     6.523
     6.537
     7.290
     7.364
     6.942
     6.599
     7.006
     6.670
     6.720
     7.139
     5.764
     6.295
     5.246
     6.198
     4.812
     6.475
     6.597
     6.031
     6.000
     6.117
     6.144
     6.562
     5.526
     6.311
     5.885
     5.337
     5.384
     5.363
     6.771
     5.725
     6.253
     7.079
     7.020
     7.482
     6.387
     7.236
     5.761
     4.378
     6.060
     6.730
     6.830
     7.028
     6.769
     5.999
     6.342
     5.530
     6.874
     5.745
     5.616
     6.991
     6.622
     6.715
     6.684
     6.318
     6.292
     7.413
     7.897
     5.732
     5.671
     5.670
     6.601
     6.659
     4.709
     5.546
     7.926
     6.071
     6.748
     5.817
     6.422
     6.454
     6.776
     6.140
     6.704
     7.709
     5.721
     5.717
     6.459
     5.433
     5.939
     7.428
     6.879
     7.113
     7.410
     7.103
     5.882
     5.025
     4.923
     7.102
     7.070
     6.004
     6.789
     5.637
     6.502
     5.856
     5.971
     5.433
     6.136
     5.431
     6.539
     6.321
     5.827
     4.998
     5.631
     6.701
     5.468
     6.765
     6.248
     6.675
     5.550
     6.636
     6.754
     7.057
     6.781
     5.799
     7.216
     6.824
     6.091
     6.714
     6.932
     6.430
     5.867
     7.324
     5.625
     7.070
     6.876
     5.613
     6.326
     6.140
     6.332
     6.936
     6.475
     6.887
     6.898
     6.164
     5.292
     5.617
     6.900
     7.174
     5.620
     6.188
     7.009
     6.640
     6.864
     5.908
     6.453
     5.913
     6.370
     6.168
     6.761
     6.303
     6.840
     6.373
     6.831
     5.746
     6.958
     6.613
     6.611
     5.930
     6.533
     4.564
     6.416
     6.583
     5.392
     5.813
     6.377
     6.354
     6.841
     6.440
     6.876
     6.573
     6.646
     6.748
     5.896
     7.211
     6.489
     7.322
     5.863
     6.746
     6.511
     6.789
     5.777
     6.567
     5.748
     5.670
     6.696
     4.624
     7.209
     7.267
     5.770
     5.633
     6.450
     5.664
     6.309
     6.092
     6.556
     6.320
     6.053
     6.723
     6.754
     7.182
     6.360
     5.180
     5.418
     6.676
     6.900
     7.616
     6.120
     5.612
     6.989
     5.754
     5.913
     6.793
     7.573
     5.054
     6.545
     6.427
     6.585
     6.257
     6.502
     6.408
     7.590
     5.234
     6.565
     7.440
     6.248
     6.383
     6.498
     6.011
     6.077
     5.892
     6.956
     6.411
     5.755
     7.365
     5.292
     4.708
     6.486
     5.582
     6.863
     6.721
     6.848
     5.631
     6.590
     6.340
     5.245
     5.339
     6.863
     6.415
     6.361
     6.017
     5.831
     5.783
     6.599
     7.138
     6.891
     6.782
     6.740
     6.893
     6.585
     6.934
     6.869
     6.319
     5.910
     6.249
     5.959
     6.410
     6.087
     6.242
     6.245
     5.652
     6.848
     5.101
     5.970
     6.020
     7.086
     6.989
     6.216
     7.077
     6.156
     7.259
     6.257
     5.682
     6.387
     6.473
     6.501
     5.842
     6.645
     5.379
     5.828
     7.353
     6.293
     6.521
     5.967
     5.724
     7.524
     6.990
     6.760
     6.456
     6.452
     5.740
     6.324
     5.642
     6.582
     6.575
     6.917
     7.452
     4.999
     5.516
     6.475
     7.515
     7.519
     7.661
     7.514
     6.653
     5.140
     6.466
     7.301
     7.284
     6.535
     7.165
     6.376
     5.391
     6.993
     5.212
     6.683
     7.612
     5.733
     5.383
     6.659
     6.586
     6.418
     5.579
     5.403
     6.385
     6.892
     5.932
     6.998
     7.080
     6.033
     6.715
     7.766
     6.861
     7.180
     7.458
     6.984
     6.189
     6.064
     4.959
     6.134
     5.104
     5.873
     5.436
     5.824
     6.658
     7.220
     7.015
     6.351
     6.541
     5.635
     6.571
     6.516
     6.465
     6.128
     4.851
     6.635
     6.161
     6.736
     5.608
     6.166
     5.467
     6.076
     5.598
     6.293
     6.526
     6.627
     6.075
     6.759
     5.291
     5.723
     6.484
     7.011
     6.552
     6.264
     6.006
     5.942
     6.781
     6.287
     6.839
     6.040
     7.058
     5.547
     6.110
     7.091
     5.692
     5.333
     6.838
     6.357
     6.820
     5.809
     6.970
     6.774
     5.774
     7.020
     7.039
     6.638
     6.516
     6.700
     7.010
     6.017
     7.086
     6.783
     6.233
     6.430
     6.472
     6.220
     6.450
     5.997
     7.258
     6.670
     6.172
     6.682
     7.034
     6.762
     5.631
     7.189
     5.983
     6.583
     6.490
     6.461
     6.192
     6.112
     7.125
     6.084
     6.645
     5.615
     5.742
     5.865
     6.422
     6.770
     6.161
     6.082
     6.342
     6.245
     5.202
     4.570
     7.692
     5.922
     6.903
     7.379
     5.746
     6.356
     6.830
     5.775
     6.369
     7.232
     6.908
     4.986
     6.106
     6.444
     5.080
     7.612
     5.750
     6.589
     6.980
     7.744
     6.616
     5.705
     6.291
     4.909
     5.911
     7.137
     6.825
     6.567
     6.988
     6.123
     6.678
     5.753
     5.070
     7.339
     6.788
     6.798
     6.604
     6.525
     5.700
     6.032
     6.533
     6.169
     6.470
     5.202
     6.092
     6.911
     6.633
     6.156
     7.309
     6.207
     7.009
     6.447
     5.811
     6.584
     5.865
     7.173
     6.295
     6.830
     6.364
     4.640
     6.729
     5.415
     6.013
     7.120
     7.844
     7.195
     5.339
     7.599
     5.511
     7.020
     5.477
     7.377
     6.580
     6.279
     6.929
     5.650
     6.643
     6.416
     5.368
     7.776
     6.941
     5.981
     6.006
     7.072
     5.982
     7.548
     5.342
     6.282
     6.850
     6.268
     5.572
     6.556
     6.196
     6.201
     5.373
     4.981
     6.801
     6.652
     6.410
     6.144
     5.932
     5.673
     5.640
     5.724
     6.409
     6.398
     6.416
     5.882
     6.962
     5.629
     5.350
     6.567
     5.779
     4.749
     5.514
     4.903
     5.807
     6.567
     6.850
     6.685
     5.833
     6.064
     4.856
     5.831
     7.112
     5.809
     5.580
     6.339
     6.400
     6.983
     6.565
     6.170
     5.680
     7.031
     6.369
     5.830
     6.683
     5.961
     6.249
     5.913
     5.297
     6.236
     6.404
     6.096
     4.715
     6.532
     6.063
     5.760
     6.637
     6.157
     7.015
     6.628
     6.801
     6.599
     6.580
     6.799
     6.560
     6.938
     5.994
     6.587
     7.192
     6.222
     5.853
     6.113
     6.460
     5.288
     6.294
     6.907
     6.373
     5.978
     6.288
     6.946
     5.701
     5.611
     7.447
     7.145
     5.027
     6.575
     6.854
     6.084
     6.492
     7.307
     6.367
     6.492
     6.825
     6.708
     6.470
     6.512
     6.297
     5.932
     7.264
     6.466
     6.084
     5.405
     5.746
     6.817
     6.494
     6.588
     5.853
     5.856
     6.508
     7.200
     6.497
     5.908
     4.464
     6.927
     6.489
     6.476
     6.007
     6.291
     6.233
     6.258
     7.017
     5.788
     7.284
     7.766
     6.914
     5.334
     5.740
     6.470
     7.127
     6.013
     4.401
     6.941
     4.395
     6.248
     5.960
     5.636
     6.367
     6.157
     6.681
     6.042
     5.670
     6.851
     5.913
     4.918
     5.607
     4.341
     7.144
     6.903
     6.981
     6.395
     5.843
     6.026
     7.355
     6.479
     7.536
     5.937
     6.779
     6.595
     6.022
     5.867
     7.623
     7.271
     6.807
     7.325
     6.102
     6.792
     6.114
     4.635
     5.714
     7.475
     5.852
     5.512
     7.173
     6.402
     6.190
     6.438
     6.356
     6.652
     6.340
     5.300
     6.643
     6.979
     6.091
     6.618
     6.473
     6.458
     6.443
     6.987
     6.479
     5.089
     6.289
     6.393
     6.378
     5.411
     6.101
     6.123
     6.766
     6.194
     6.842
     5.300
     5.295
     5.718
     6.511
     4.961
     5.935
     6.267
     6.115
     6.258
     6.939
     6.149
     5.577
     6.307
     6.522
     6.936
     5.718
     6.306
     6.485
     5.619
     5.463
     6.179
     6.898
     6.572
     5.693
     5.223
     5.386
     5.346
     5.002
     6.484
     5.651
     6.832
     6.910
     6.567
     5.718
     6.042
     6.380
     5.817
     6.890
     6.329
     6.618
     7.054
     5.898
     5.891
     5.556
     7.426
     6.159
     6.397
     5.971
     5.907
     5.768
     6.364
     6.081
     7.180
     6.774
     6.673
     6.493
     5.759
     5.149
     6.573
     6.268
     6.017
     6.910
     6.645
     6.518
     6.411
     6.141
     5.400
     6.134
     6.170
     5.662
     6.311
     6.491
     5.682
     6.719
     6.421
     6.040
     5.343
     5.198
     5.437
     7.765
     6.053
     5.580
     5.883
     6.525
     7.498
     6.220
     5.673
     5.345
     6.027
     6.728
     7.486
     6.593
     6.420
     5.791
     6.955
     5.817
     7.016
     6.016
     5.890
     6.603
     5.687
     6.585
     6.304
     6.057
     6.067
     5.977
     7.501
     6.886
     5.775
     6.626
     5.721
     5.461
     6.473
     6.395
     6.712
     6.544
     5.596
     6.311
     5.566
     6.508
     5.738
     4.857
     5.572
     6.794
     6.729
     6.576
     6.733
     5.581
     6.832
     5.011
     4.747
     5.857
     5.010
     7.058
     6.105
     7.291
     6.954
     6.251
     6.324
     5.476
     6.412
     6.417
     6.886
     5.572
     6.468
     6.241
     5.782
     5.829
     6.152
     5.846
     6.993
     5.872
     4.859
     7.723
     6.479
     6.680
     6.000
     6.576
     6.757
     6.196
     6.477
     6.623
     6.813
     6.594
     5.903
     6.255
     4.790
     5.350
     5.664
     6.431
     6.163
     6.254
     6.249
     7.401
     6.136
     5.911
     5.746
     5.926
     6.041
     7.054
     5.759
     6.248
     3.324
     6.531
     6.515
     6.618
     5.367
     6.119
     7.008
     7.659
     6.894
     6.319
     6.431
     6.621
     6.484
     6.168
     5.978
     7.031
     6.382
     7.054
     5.152
     5.950
     6.903
     6.621
     5.911
     7.431
     6.670
     7.447
     6.132
     6.125
     6.577
     6.507
     5.580
     5.687
     5.871
     5.791
     5.997
     6.948
     6.855
     6.205
     5.439
     5.837
     5.316
     6.612
     6.355
     6.233
     6.602
     5.895
     6.353
     6.509
     5.881
     5.325
     6.733
     5.908
     6.433
     6.303
     5.342
     6.532
     5.977
     6.254
     5.754
     6.042
     6.073
     7.130
     5.713
     7.881
     7.619
     5.151
     5.471
     6.168
     6.424
     5.910
     7.574
     5.685
     6.583
     5.895
     6.634
     6.096
     7.740
     6.112
     6.427
     6.752
     6.051
     6.220
     6.825
     6.027
     6.148
     6.464
     5.573
     5.834
     5.753
     5.594
     6.632
     6.072
     7.021
     7.507
     5.465
     5.684
     6.787
     4.889
     6.858
     6.550
     6.367
     6.974
     5.343
     5.854
     6.471
     6.360
     6.482
     6.651
     6.420
     6.362
     6.539
     6.022
     6.842
     5.591
     6.227
     6.521
     7.736
     6.486
     6.735
     6.500
     6.180
     6.820
     6.561
     6.008
     6.626
     7.265
     5.956
     5.880
     6.495
     6.191
     5.706
     6.111
     7.823
     6.354
     6.915
     6.666
     6.150
     5.281
     6.505
     6.620
     6.560
     6.748
     5.577
     6.487
     6.274
     6.491
     5.797
     6.463
     4.906
     6.968
     5.912
     5.644
     6.245
     6.712
     6.001
     6.738
     5.108
     6.725
     6.276
     5.598
     5.661
     5.514
     6.591
     7.482
     4.798
     6.982
     6.535
     6.472
     6.460
     6.189
     7.757
     6.277
     5.648
     5.982
     5.861
     7.005
     6.696
     5.632
     6.474
     7.306
     7.378
     6.553
     6.401
     5.194
     6.052
     5.752
     6.021
     5.660
     6.292
     6.235
     5.763
     6.544
     6.223
     6.075
     6.103
     6.571
     7.552
     6.159
     5.477
     7.179
     5.987
     7.155
     6.619
     5.393
     5.204
     6.073
     5.915
     6.967
     6.577
     6.556
     5.222
     6.774
     7.263
     6.443
     7.390
     6.221
     6.426
     6.866
     6.403
     5.654
     5.573
     6.609
     6.109
     6.656
     5.369
     5.638
     5.934
     5.994
