     5.682
     5.862
     5.595
     5.489
     5.365
     5.210
     4.965
     4.789
     4.769
     4.802
     4.868
     5.052
     5.287
     5.436
     5.538
     5.603
     5.620
     5.621
     5.613
     5.609
     5.613
     5.638
     5.678
     5.712
     5.749
     5.757
     5.775
     5.825
     5.886
     5.915
     5.997
     6.047
     6.055
     6.024
     6.071
     6.076
     6.075
     6.089
     6.149
     6.215
     6.461
     6.579
     6.701
     6.820
     6.936
     7.084
     7.139
     7.150
     7.123
     7.057
     6.971
     6.870
     6.820
     6.734
     6.679
     6.587
     6.493
     6.405
     6.306
     6.221
     6.136
     6.083
     6.105
     6.163
     6.180
     6.217
     6.270
     6.311
     6.332
     6.329
     6.326
     6.342
     6.371
     6.382
     6.382
     6.432
     6.473
     6.511
     6.586
     6.660
     6.744
     6.796
     6.784
     6.809
     6.829
     6.810
     6.954
     7.103
     7.386
     7.607
     7.715
     7.717
     7.669
     7.570
     7.423
     7.310
     7.191
     7.072
     6.908
     6.698
     6.210
     5.783
     5.299
     5.101
     5.050
     5.107
     5.241
     5.573
     5.762
     5.996
     6.227
     6.468
     6.563
     6.538
     6.512
     6.514
     6.445
     6.420
     6.238
     6.174
     6.074
     5.983
     5.919
     5.841
     5.762
     5.590
     5.382
     5.175
     4.956
     4.839
     5.022
     5.417
     5.629
     5.661
     5.679
     5.645
     5.616
     5.701
     6.021
     6.118
     6.122
     6.113
     6.235
     6.358
     6.467
     6.593
     6.725
     6.775
     6.746
     6.664
     6.600
     6.486
     6.382
     6.212
     6.077
     6.066
     6.123
     6.205
     6.362
     6.496
     6.558
     6.514
     6.349
     6.101
     5.627
     5.325
     5.081
     5.059
     5.063
     5.081
     5.079
     5.169
     5.295
     5.433
     5.573
     5.681
     5.888
     5.942
     5.972
     6.086
     6.186
     6.375
     6.499
     6.656
     6.788
     6.831
     6.819
     6.783
     6.737
     6.732
     6.686
     6.665
     6.643
     6.608
     6.562
     6.476
     6.430
     6.389
     6.367
     6.323
     6.224
     6.129
     6.026
     5.949
     5.910
     5.821
     5.662
     5.413
     5.395
     5.721
     6.024
     6.216
     6.364
     6.517
     6.745
     6.956
     7.044
     7.075
     7.044
     6.989
     6.870
     6.586
     6.251
     5.674
     5.438
     5.878
     6.140
     6.443
     6.686
     6.885
     7.047
     7.194
     7.222
     7.229
     7.212
     7.175
     7.033
     6.897
     6.715
     6.388
     5.976
     5.660
     5.887
     6.373
     6.537
     6.563
     6.526
     6.540
     6.564
     6.608
     6.674
     6.717
     6.722
     6.679
     6.588
     6.504
     6.384
     6.188
     5.959
     5.772
     5.629
     5.582
     5.564
     5.533
     5.527
     5.515
     5.558
     5.642
     5.704
     5.711
     5.771
     5.799
     5.789
     5.748
     7.609
     5.779
     6.291
     6.465
     6.992
     6.597
     6.681
     5.866
     5.316
     6.374
     6.705
     7.497
     7.437
     6.256
     6.528
     6.751
     7.015
     6.603
     6.096
     5.983
     5.308
     6.371
     7.170
     5.737
     6.522
     6.581
     6.994
     5.639
     7.055
     6.597
     7.223
     6.881
     5.507
     5.616
     6.083
     4.984
     5.826
     6.103
     6.050
     6.731
     5.882
     4.802
     5.481
     5.753
     6.722
     6.790
     6.905
     6.370
     6.655
     7.093
     6.424
     6.073
     6.732
     6.967
     6.629
     6.685
     6.798
     7.871
     6.337
     6.076
     6.504
     6.573
     7.350
     7.134
     7.315
     4.760
     6.609
     7.481
     6.814
     6.020
     7.059
     4.418
     6.460
     5.815
     6.165
     6.498
     6.253
     6.626
     5.610
     6.534
     5.271
     5.938
     5.348
     6.424
     7.211
     5.677
     6.075
     7.585
     7.059
     4.924
     5.176
     6.844
     5.340
     5.557
     6.094
     6.201
     5.696
     5.719
     6.687
     6.430
     6.208
     6.495
     4.901
     6.560
     5.632
     6.052
     6.579
     6.358
     5.932
     6.306
     6.063
     6.795
     5.335
     6.700
     6.348
     7.668
     5.677
     6.128
     6.632
     6.974
     7.165
     5.988
     6.546
     6.519
     6.397
     5.498
     6.601
     6.603
     6.103
     6.267
     6.678
     7.373
     6.759
     6.285
     6.653
     5.217
     7.653
     6.965
     6.262
     6.408
     5.507
     7.338
     6.919
     5.478
     6.154
     7.160
     6.334
     5.638
     5.989
     5.611
     6.497
     5.928
     4.957
     6.460
     7.221
     5.885
     6.228
     5.970
     6.320
     6.583
     6.179
     6.489
     6.226
     6.152
     5.547
     7.206
     6.163
     5.926
     5.961
     6.983
     7.080
     6.533
     6.335
     6.612
     6.116
     5.238
     6.429
     5.664
     5.704
     5.856
     7.821
     6.088
     6.515
     7.230
     6.802
     5.898
     5.860
     6.165
     5.576
     5.585
     7.278
     5.595
     6.845
     7.043
     6.737
     6.389
     6.270
     6.714
     5.770
     7.019
     7.499
     6.591
     6.741
     6.561
     6.080
     5.838
     6.442
     7.325
     6.941
     6.908
     6.459
     7.593
     6.803
     6.514
     6.641
     5.563
     5.719
     6.586
     6.703
     5.356
     6.759
     5.832
     5.727
     6.669
     7.177
     5.765
     6.105
     6.648
     5.347
     4.817
     6.860
     4.970
     6.245
     6.424
     6.646
     6.785
     5.930
     6.684
     4.405
     5.244
     7.228
     7.187
     5.947
     7.807
     6.131
     5.512
     7.018
     6.145
     6.542
     6.618
     5.670
     6.719
     5.932
     6.294
     5.988
     7.134
     5.629
     6.169
     5.694
     6.760
     7.266
     6.119
     5.080
     6.792
     6.617
     5.497
     7.010
     6.919
     5.701
     5.872
     6.818
     6.710
     6.198
     6.732
     5.750
     4.989
     7.570
     6.821
     6.527
     6.854
     7.405
     5.345
     6.652
     5.851
     5.128
     6.807
     7.514
     6.076
     6.561
     6.661
     6.759
     6.508
     5.970
     7.247
     6.420
     6.212
     6.451
     6.440
     6.600
     6.860
     7.639
     6.383
     5.872
     7.026
     6.455
     6.342
     7.371
     7.479
     5.735
     6.443
     6.162
     7.649
     5.549
     6.318
     5.537
     6.200
     6.324
     6.682
     6.717
     5.598
     6.416
     6.544
     5.485
     6.477
     7.733
     6.206
     5.100
     6.193
     6.328
     5.717
     6.260
     6.360
     7.106
     6.224
     5.554
     5.753
     6.690
     6.365
     6.239
     6.168
     5.510
     5.616
     5.945
     6.115
     6.673
     6.714
     6.038
     5.663
     6.064
     6.002
     6.497
     6.998
     6.542
     7.014
     6.593
     6.186
     6.559
     6.436
     5.036
     6.956
     5.770
     5.730
     6.668
     5.956
     5.886
     6.804
     5.162
     7.302
     5.684
     6.565
     6.131
     6.261
     5.886
     5.667
     6.438
     6.677
     6.370
     6.081
     5.010
     7.071
     5.858
     5.936
     5.571
     6.615
     7.088
     6.789
     6.329
     6.612
     6.632
     6.202
     6.578
     6.384
     6.668
     6.868
     6.516
     6.856
     4.281
     6.772
     5.965
     7.604
     5.427
     7.133
     5.859
     6.169
     6.869
     5.912
     4.899
     5.862
     5.834
     5.450
     6.703
     6.407
     6.185
     6.606
     6.598
     7.909
     6.335
     5.050
     5.335
     7.229
     6.705
     6.234
     6.149
     6.482
     5.856
     6.397
     6.541
     6.111
     7.486
     6.691
     6.835
     6.163
     6.644
     7.249
     6.173
     5.990
     5.636
     6.621
     6.987
     7.183
     5.780
     6.512
     6.634
     6.793
     5.908
     5.718
     6.409
     6.055
     6.369
     5.990
     5.290
     5.752
     6.571
     5.732
     6.560
     6.312
     5.766
     6.782
     7.190
     5.962
     7.822
     5.273
     6.032
     6.127
     5.611
     5.909
     6.777
     6.958
     6.854
     6.680
     6.098
     5.395
     7.669
     6.773
     6.757
     6.028
     6.833
     6.876
     5.557
     5.740
     7.288
     4.855
     6.877
     7.139
     6.594
     5.666
     5.917
     6.775
     6.174
     6.539
     7.015
     6.680
     6.317
     6.305
     6.919
     5.967
     5.437
     5.799
     5.992
     6.671
     6.846
     6.982
     6.379
     6.131
     7.156
     7.823
     6.941
     6.470
     6.205
     5.926
     6.846
     6.502
     5.181
     5.946
     4.074
     6.847
     6.521
     6.861
     5.776
     5.497
     6.257
     5.529
     5.801
     6.464
     7.459
     5.768
     7.677
     5.708
     5.418
     6.358
     5.416
     6.686
     5.954
     6.006
     6.979
     6.187
     7.049
     6.624
     5.673
     7.321
     7.400
     6.627
     6.530
     5.026
     5.806
     5.667
     6.415
     6.322
     6.207
     6.100
     6.200
     7.405
     5.831
     6.270
     7.371
     6.169
     5.877
     7.475
     6.415
     5.858
     5.997
     6.234
     5.783
     6.930
     6.786
     6.458
     6.522
     7.094
     6.545
     4.503
     6.799
     4.872
     5.148
     6.723
     7.687
     6.052
     5.095
     6.073
     6.442
     6.534
     5.768
     7.086
     5.676
     6.396
     7.141
     7.076
     6.519
     5.808
     7.111
     6.022
     6.715
     5.541
     6.090
     5.664
     5.744
     7.408
     6.300
     6.251
     6.117
     7.217
     7.531
     5.953
     5.554
     6.971
     5.964
     5.027
     6.377
     6.278
     5.905
     6.194
     6.323
     5.552
     6.973
     6.365
     6.495
     5.886
     5.710
     6.386
     6.986
     5.767
     6.641
     6.635
     6.579
     5.506
     5.199
     6.851
     6.788
     5.427
     6.366
     5.765
     6.612
     5.829
     6.981
     6.733
     6.124
     5.642
     5.473
     7.341
     6.386
     6.749
     7.441
     7.012
     5.382
     5.290
     6.121
     7.456
     6.381
     6.512
     6.295
     7.028
     6.135
     7.114
     6.892
     7.531
     6.423
     6.762
     6.644
     6.357
     4.424
     6.688
     6.437
     5.996
     6.904
     6.849
     6.433
     6.990
     6.279
     5.774
     5.653
     6.669
     5.953
     6.532
     6.607
     6.688
     4.869
     7.201
     6.282
     6.267
     4.882
     6.763
     6.639
     6.290
     7.690
     6.752
     6.898
     6.688
     5.836
     4.990
     5.754
     7.013
     6.545
     6.777
     5.353
     6.866
     5.934
     7.393
     7.004
     7.396
     5.689
     6.285
     7.249
     6.300
     6.973
     6.671
     6.496
     7.138
     6.547
     7.119
     6.014
     6.423
     5.456
     6.760
     6.859
     6.608
     6.493
     6.594
     6.714
     6.885
     5.751
     5.954
     6.522
     6.658
     6.574
     5.689
     5.735
     7.018
     6.645
     6.484
     6.165
     7.725
     5.652
     7.182
     7.336
     5.776
     6.497
     6.264
     7.129
     6.765
     5.378
     6.644
     5.866
     6.034
     4.998
     6.835
     5.851
     5.915
     5.232
     6.436
     5.643
     6.154
     6.712
     6.715
     7.511
     6.855
     6.093
     7.845
     6.982
     6.730
     6.383
     6.135
     6.912
     6.069
     6.645
     5.913
     7.135
     6.503
     6.733
     6.434
     7.122
     5.387
     6.438
     6.770
     7.212
     6.405
     5.797
     6.058
     6.257
     5.658
     7.125
     6.757
     4.381
     6.859
     6.943
     5.270
     7.202
     6.583
     6.684
     7.037
     5.458
     6.832
     6.115
     4.903
     6.545
     5.381
     6.007
     6.569
     6.042
     5.733
     7.317
     7.513
     6.388
     5.776
     5.722
     6.533
     6.605
     6.050
     6.639
     5.943
     5.985
     5.497
     6.566
     6.422
     6.683
     6.330
     4.643
     6.253
     6.404
     6.375
     6.194
     7.411
     7.044
     7.628
     6.654
     4.701
     5.730
     6.125
     6.688
     6.622
     6.316
     6.126
     7.426
     5.697
     7.736
     6.292
     6.840
     5.624
     5.644
     7.392
     5.298
     6.725
     6.658
     6.100
     6.330
     6.611
     6.526
     7.651
     6.163
     5.840
     4.904
     6.577
     7.159
     4.852
     6.095
     6.613
     6.338
     6.620
     6.045
     7.446
     6.877
     6.565
     5.830
     5.414
     6.176
     7.021
     6.289
     5.818
     5.733
     5.929
     6.422
     6.583
     5.167
     7.103
     7.018
     5.810
     7.023
     6.251
     6.141
     6.676
     6.756
     6.440
     6.785
     5.987
     6.420
     5.892
     7.120
     6.787
     6.269
     5.534
     5.679
     6.076
     6.515
     7.293
     6.371
     6.652
     6.490
     5.726
     6.720
     6.043
     7.005
     6.319
     5.896
     6.643
     5.728
     5.248
     6.613
     6.519
     6.804
     6.575
     5.593
     5.643
     7.403
     6.979
     6.386
     5.866
     6.070
     5.642
     5.368
     5.803
     6.875
     6.336
     6.776
     6.814
     7.595
     5.827
     5.636
     5.920
     6.209
     5.058
     6.572
     6.505
     6.768
     6.688
     6.120
     5.344
     5.428
     6.399
     6.583
     6.193
     6.330
     6.855
     6.084
     5.986
     6.161
     6.605
     5.720
     7.613
     5.930
     5.572
     6.974
     6.902
     7.416
     6.177
     5.793
     6.129
     6.040
     6.450
     4.762
     6.941
     7.247
     6.009
     6.168
     6.458
     5.083
     6.529
     7.092
     6.001
     4.658
     6.804
     5.923
     6.722
     6.743
     6.155
     6.570
     6.508
     6.266
     7.447
     5.152
     5.718
     6.369
     7.339
     6.505
     5.704
     6.719
     6.443
     6.129
     4.917
     7.511
     5.481
     6.612
     5.645
     6.610
     7.135
     5.480
     6.730
     5.485
     6.690
     6.671
     7.121
     6.830
     7.251
     5.494
     5.587
     6.072
     5.726
     6.891
     5.981
     6.592
     4.647
     6.018
     6.191
     6.513
     6.607
     6.273
     5.710
     7.438
     6.376
     7.852
     6.750
     6.548
     6.448
     6.734
     5.953
     5.608
     7.674
     5.896
     6.430
     6.886
     6.321
     7.129
     6.467
     7.007
     7.147
     7.000
     7.327
     6.826
     6.219
     6.993
     6.561
     6.567
     6.419
     5.633
     5.361
     6.516
     6.750
     5.266
     6.134
     5.568
     6.555
     6.428
     6.399
     5.990
     5.054
     6.521
     6.017
     5.570
     6.840
     6.519
     6.698
     5.377
     5.961
     5.760
     6.585
     6.560
     6.117
     6.494
     6.439
     5.645
     6.552
     6.787
     7.022
     6.708
     5.464
     7.046
     7.789
     5.752
     6.801
     5.407
     6.925
     6.905
     6.909
     6.674
     6.774
     6.211
     6.906
     6.735
     6.373
     6.457
     5.495
     6.067
     4.771
     6.601
     5.633
     6.489
     5.778
     5.963
     7.331
     6.064
     6.430
     5.783
     6.267
     7.494
     6.888
     7.677
     4.318
     6.674
     7.635
     6.289
     7.575
     7.156
     6.336
     6.474
     5.844
     6.286
     6.240
     6.179
     5.166
     6.645
     4.566
     5.253
     6.348
     5.602
     5.570
     6.172
     5.701
     5.759
     6.673
     5.758
     5.711
     6.099
     5.741
     6.456
     5.764
     6.136
     6.859
     6.964
     5.517
     5.772
     5.877
     6.057
     5.662
     6.311
     6.215
     6.155
     5.924
     5.769
     6.614
     6.934
     5.543
     6.033
     6.651
     6.199
     5.517
     7.080
     7.021
     6.197
     6.563
     6.252
     6.077
     7.003
     6.326
     5.372
     5.883
     6.121
     4.568
     7.878
     7.874
     5.943
     5.834
     6.769
     6.533
     5.761
     6.016
     5.810
     7.560
     5.967
     7.787
     6.176
     6.300
     5.981
     6.799
     7.545
     6.741
     5.149
     5.925
     5.558
     5.263
     6.490
     7.454
     6.391
     5.655
     6.299
     6.056
     6.036
     6.643
     5.747
     6.163
     6.747
     5.729
     7.153
     5.175
     6.113
     7.300
     7.408
     6.845
     6.464
     6.311
     6.498
     7.072
     5.657
     6.863
     6.701
     6.999
     6.580
     6.304
     5.722
     6.315
     6.607
     6.427
     6.593
     7.587
     6.397
     6.706
     6.137
     7.181
     6.419
     6.683
     7.319
     6.846
     6.003
     5.663
     6.570
     5.369
     6.480
     5.469
     6.586
     6.326
     6.578
     6.486
     6.755
     6.341
     6.311
     6.310
     4.915
     5.669
     5.379
     5.503
     6.564
     5.278
     6.332
     6.113
     5.858
     4.355
     6.679
     6.713
     6.563
     5.331
     5.939
     7.605
     6.137
     6.540
     6.654
     5.979
     6.113
     6.275
     4.943
     6.293
     7.560
     6.268
     6.519
     7.349
     5.688
     6.555
     6.706
     6.841
     6.765
     6.051
     6.390
     6.416
     5.150
     6.677
     6.111
     5.101
     7.040
     6.077
     6.792
     5.808
     6.897
     7.758
     6.176
     5.706
     6.423
     6.423
     6.027
     7.220
     6.707
     6.740
     6.771
     7.257
     7.160
     7.923
     6.768
     6.847
     6.294
     5.211
     7.031
     6.325
     4.274
     6.740
     5.961
     6.798
     7.058
     5.737
     5.985
     6.076
     7.526
     5.890
     7.639
     6.066
     6.282
     5.967
     6.911
     6.271
     3.923
     5.810
     5.791
     6.072
     6.297
     6.489
     6.010
     5.806
     6.614
     5.670
     7.112
     6.682
     6.886
     5.929
     6.560
     6.221
     5.858
     5.416
     6.689
     5.504
     5.704
     6.825
     6.505
     6.947
     5.926
     5.588
     4.740
     5.807
     6.458
     6.807
     6.138
     5.940
     6.727
     5.528
     5.279
     6.169
     5.623
     5.482
     5.448
     6.952
     6.856
     5.795
     6.253
     6.355
     6.997
     6.512
     4.929
     6.350
     6.733
     6.820
     6.119
     6.918
     5.675
     5.148
     6.644
     5.776
     5.887
     7.568
     6.218
     6.104
     7.246
     5.589
     6.567
     6.536
     7.005
     6.496
     6.508
     6.788
     6.407
     6.388
     6.443
     7.026
     6.141
     4.973
     5.725
     6.097
     5.119
     7.087
     6.835
     5.291
     6.656
     5.926
     6.722
     6.337
     6.632
     6.119
     6.872
     5.675
     5.898
     5.289
     5.673
     6.914
     6.075
     6.014
     7.115
     6.038
     6.944
     6.133
     7.090
     6.466
     6.597
     6.575
     5.395
     6.587
     6.549
     5.649
     6.957
     7.054
     5.052
     4.756
     5.059
     6.738
     6.412
     6.221
     5.872
     4.578
     7.041
     5.283
     6.431
     5.873
     5.998
     7.430
     5.953
     7.462
     5.709
     6.490
     5.717
     6.518
     6.283
     5.941
     6.925
     5.412
     7.386
     6.445
     6.247
     6.702
     5.716
     5.982
     7.085
     5.716
     5.431
     6.640
     6.502
     6.352
     6.445
     7.302
     6.271
     5.940
     6.563
     6.740
     6.758
     5.712
     6.303
     6.378
     5.775
     6.139
     6.546
     5.642
     6.078
     6.572
     6.451
     6.444
     6.389
     6.733
     7.144
     5.600
     5.667
     6.497
     6.144
     6.754
     6.611
     6.110
     7.016
     6.337
     5.776
     5.603
     5.909
     6.770
     6.099
     6.966
     5.657
     6.669
     4.889
     6.811
     7.136
     6.772
     6.884
     5.670
     7.170
     5.977
     5.914
     6.434
     6.667
     6.857
     6.085
     6.341
     6.928
     7.753
     5.978
     6.416
     6.577
     6.890
     7.060
     6.173
     5.569
     5.465
     7.508
     6.900
     6.110
     7.036
     6.337
     6.362
     7.363
     6.675
     6.424
     7.630
     6.823
     6.398
     5.601
     5.979
     6.964
     7.242
     5.308
     6.504
     5.691
     4.710
     6.227
     6.668
     7.440
     5.810
     5.765
     6.903
     6.177
     7.264
     5.725
     6.626
     6.602
     5.728
     7.887
     6.821
     6.415
     6.926
     6.062
     5.911
     6.317
     5.706
     5.633
     6.696
     6.562
     6.700
     6.595
     5.900
     5.834
     5.611
     6.120
     6.274
     7.214
     6.582
     5.588
     6.835
     5.120
     6.031
     4.716
     6.721
     6.240
     5.657
     5.821
     6.316
     5.729
     6.660
     6.193
     7.151
     5.658
     6.822
     4.982
     6.056
     7.055
     5.932
     5.878
     6.009
     7.410
     6.714
     6.554
     7.288
     5.300
     6.489
     6.120
     5.483
     6.890
     6.533
     5.339
     6.521
     7.711
     7.410
     7.339
     6.634
     6.426
     6.520
     6.461
     6.121
     6.539
     6.538
     7.381
     6.725
     6.539
     6.151
     5.747
     6.146
     4.914
     6.780
     4.594
     5.683
     6.647
     5.879
     7.172
     6.437
     6.307
     6.088
     6.514
     6.555
     6.683
     5.961
     7.035
     5.672
     6.228
     6.702
     6.724
     6.303
     7.123
     6.743
     6.764
     7.738
     5.069
     5.023
     6.486
     6.456
     6.561
     6.535
     5.821
     6.583
     5.811
     6.063
     5.502
     6.762
     5.851
     6.829
     6.707
     6.904
     5.545
     5.777
     6.279
     7.111
     5.708
     7.231
     7.448
     6.181
     6.386
     5.323
     6.330
     7.256
     7.111
     6.122
     6.733
     5.673
     7.260
     6.083
     6.719
     6.075
     6.671
     5.828
     7.535
     6.258
     6.068
     6.980
     5.672
     7.177
     6.287
     4.986
     6.418
     6.069
     6.506
     5.451
     5.163
     7.030
     6.794
     6.876
     6.588
     5.841
     6.514
     6.485
     5.948
     5.878
     6.079
     5.657
     6.962
     6.026
     6.373
     7.152
     6.820
     7.536
     5.907
     6.303
     5.175
     5.882
     5.046
     6.755
     5.796
     6.376
     6.708
     5.702
     6.703
     6.526
     7.651
     6.364
     5.658
     7.155
     5.168
     5.399
     6.409
     6.171
     6.483
     6.509
     6.465
     6.325
     6.462
     6.348
     6.743
     6.917
     6.696
     5.735
     6.389
     6.024
     6.937
     7.085
     6.830
     5.134
     6.848
     7.481
     6.379
     7.021
     5.679
     5.700
     5.330
     5.711
     6.504
     6.535
     6.708
     6.708
     6.452
     6.434
     6.143
     6.821
     6.208
     5.990
     6.222
     6.232
     6.437
     6.011
     6.466
     5.772
     7.041
     6.276
     7.673
     6.740
     5.321
     6.248
     5.792
     6.647
     7.603
     5.826
     6.260
     6.995
     6.861
     5.815
     6.605
     6.911
     5.962
     6.435
     5.155
     6.257
     7.674
     6.296
     7.422
     6.686
     6.772
     6.876
     7.267
     6.058
     6.030
     7.062
     6.813
     6.561
     6.837
     6.059
     6.042
     6.057
     5.761
     5.501
     5.498
     6.788
     5.749
     6.516
     6.608
     7.096
     6.939
     6.416
     6.742
     6.133
     6.132
     6.332
     5.915
     7.687
     7.356
     6.889
     6.463
     6.760
     5.973
     5.816
     6.256
     6.543
     6.352
     6.453
     6.621
     6.224
     6.536
     6.357
     6.599
     6.698
     6.859
     4.322
     5.624
     6.106
     6.319
     6.072
     5.636
     5.676
     5.653
     6.030
     5.675
     5.331
     6.537
     6.731
     5.946
     5.983
     5.566
     6.380
     5.810
     4.826
     7.076
     7.210
     7.148
     6.848
     7.182
     5.687
     6.434
     5.622
     6.036
     7.253
     5.480
     5.744
     5.817
     5.940
     6.751
     6.474
     6.959
     5.860
     6.663
     5.738
     5.680
     6.176
     5.400
     6.830
     6.182
     7.268
     6.090
     5.254
     6.030
     5.296
     4.941
     6.161
     6.994
     7.058
     6.823
     6.697
     6.032
     7.163
     6.981
     6.478
     5.455
     5.458
     5.805
     5.729
     6.054
     5.769
     5.601
     6.491
     6.354
     5.911
     5.111
     6.144
     6.969
     5.607
     7.155
     6.378
     4.424
     5.626
     6.426
     6.660
     6.567
     6.460
     5.042
     5.248
     6.587
     6.552
     7.254
     6.827
     7.451
     7.283
     6.645
     4.910
     6.356
     5.671
     6.277
     5.966
     7.397
     6.549
     6.581
     7.104
     6.291
     6.884
     5.739
     7.460
     5.935
     6.372
     6.273
     6.661
     6.360
     6.852
     6.522
     5.543
     5.833
     7.050
     5.299
     7.369
     6.488
     6.777
     6.135
     5.449
     5.655
     5.467
     6.972
     5.994
     6.654
     7.086
     6.034
     7.012
     6.830
     7.825
     7.229
     5.455
     5.152
     5.797
     6.379
     6.415
     7.617
     6.732
     6.255
     6.877
     6.760
     6.922
     5.829
     6.385
     7.203
     6.696
     7.118
     6.803
     7.774
     5.850
     6.595
     6.450
     7.259
     6.157
     7.200
     6.503
     6.676
     5.749
     6.634
     4.823
     4.496
     6.566
     6.881
     7.549
     6.047
     6.347
     5.206
     5.876
     6.142
     6.172
     6.562
     5.767
     6.228
     5.655
     6.899
     6.521
     7.248
     6.515
     7.478
     6.716
     5.478
     7.125
     6.540
     6.571
     6.619
     6.841
     6.890
     5.280
     7.333
     6.349
     7.775
     6.917
     5.859
     7.384
     6.761
     6.738
     5.883
     6.311
     6.696
     6.414
     6.906
     5.822
     6.593
     6.791
     6.528
     7.743
     7.097
     7.438
     6.277
     7.111
     6.233
     6.199
     7.269
     5.789
     6.782
     6.670
     6.839
     6.798
     5.834
     7.466
     6.658
     5.970
     7.018
     6.334
     6.929
     6.548
     6.995
     5.767
     5.931
     7.134
     6.501
     5.152
     6.236
     6.324
     7.010
     7.136
     6.103
     6.505
     6.547
     6.583
     6.423
     6.365
     7.045
     7.180
     5.929
     6.345
     6.292
     6.826
     5.915
     5.936
     5.720
     5.477
     6.951
     7.304
     5.993
     6.610
     6.513
     6.552
     6.059
     5.792
     6.477
     5.624
     5.441
     7.011
     6.193
     6.800
     6.012
     6.743
     7.727
     6.234
     6.530
     6.451
     5.876
     6.370
     4.283
     7.020
     6.460
     6.191
     5.839
     6.019
     6.595
     6.525
     7.367
     5.371
     6.780
     6.672
     5.474
     5.317
     6.356
     6.629
     6.180
     6.815
     6.658
     6.551
     5.995
     6.400
     6.283
     6.550
     7.736
     4.018
     5.477
     7.536
     6.538
     4.947
     6.084
     6.831
     7.534
     7.563
     7.302
     6.252
     7.223
     5.644
     6.201
     6.407
     5.868
     6.242
     6.868
     6.882
     6.691
     5.452
     7.892
     6.034
     6.762
     5.229
     6.622
     5.792
     7.304
     5.266
     6.826
     5.832
     7.017
     7.003
     6.962
     6.676
     6.238
     5.760
     5.849
     5.975
     6.924
     5.939
     6.900
     6.886
     6.178
     6.353
     6.054
     5.334
     6.402
     5.711
     5.714
     6.012
     6.404
     6.808
     6.960
     6.270
     6.417
     6.340
     6.643
     6.632
     5.949
     6.015
     6.643
     5.928
     6.134
     6.412
     5.840
     4.491
     5.542
     5.553
     4.846
     5.894
     6.540
     6.665
     5.775
     7.130
     5.945
     5.905
     7.107
     5.338
     7.094
     6.713
     5.625
     5.291
     6.299
     5.637
     6.569
     5.331
     7.113
     6.410
     5.925
     5.200
     5.868
     6.092
     6.253
     6.607
     7.235
     6.168
     5.992
     7.156
     7.174
     6.935
     5.263
     6.636
     5.665
     6.439
     7.399
     5.996
     6.007
     5.784
     6.676
     6.552
     5.833
     6.060
     6.523
     6.737
     6.128
     6.032
     6.346
     7.436
     5.814
     5.815
     5.211
     6.139
     6.667
     6.957
     6.046
     5.550
     6.740
     6.054
     6.566
     6.967
     5.696
     7.394
     6.402
     7.057
     6.263
     5.923
     5.226
     5.523
     5.785
     6.568
     6.509
     6.803
     5.160
     6.482
     4.566
     6.643
     5.681
     7.048
     6.122
     6.244
     5.645
     6.575
     6.356
     5.213
     6.305
     6.094
     6.290
     6.625
     5.597
     6.349
     5.678
     7.070
     4.628
     7.245
     5.839
     6.506
     6.828
     6.733
     6.630
     6.708
     5.426
     5.552
     5.479
     7.136
     6.634
     6.792
     6.136
     6.481
     6.693
     6.084
     6.512
     5.535
     6.827
     5.949
     7.319
     7.651
     6.763
     6.911
     7.589
     6.084
     6.739
     6.463
     6.024
     6.636
     5.944
     7.079
     5.584
     7.162
     5.652
     6.470
     6.556
     6.555
     6.266
     6.657
     6.515
     6.114
     6.772
     7.016
     5.744
     6.186
     5.700
     7.155
     6.822
     5.159
     6.012
     7.116
     7.313
     6.411
     6.587
     6.054
     6.558
     7.064
     7.019
     7.314
     6.183
     5.526
     6.714
     6.409
     6.474
     4.948
     6.292
     5.975
     6.265
     6.625
     5.613
     7.032
     6.800
     5.977
     6.914
     7.267
     6.218
     6.366
     6.733
     5.442
     4.491
     5.644
     7.607
     6.754
     6.314
     6.140
     4.820
     6.555
     6.002
     7.468
     6.815
     6.724
     6.152
     6.965
     6.812
     6.232
     6.444
     5.729
     7.001
     6.910
     5.670
     7.100
     6.100
     6.985
     5.765
     6.518
     7.557
     6.357
     7.458
     6.666
     5.778
     6.332
     6.956
     6.809
     7.534
     6.104
     6.944
     7.066
     7.645
     7.447
     5.693
     5.691
     7.153
     5.972
     6.308
     7.064
     6.310
     6.330
     6.568
     6.647
     6.915
     6.601
     6.702
     5.830
     6.556
     6.568
     5.758
     6.531
     5.693
     6.573
     6.036
     5.384
     6.981
     5.553
     6.771
     6.461
     6.745
     7.822
     6.009
     5.798
     4.874
     7.339
     4.987
     6.047
     6.194
     6.597
     6.212
     5.704
     7.288
     5.911
     6.413
     5.186
     6.622
     6.471
     7.422
     5.676
     5.935
     6.182
     6.746
     6.409
     5.377
     7.064
     6.815
     6.078
     6.644
     6.454
     6.426
     5.513
     5.578
     4.975
     6.728
     5.279
     5.263
     5.598
     6.415
     5.594
     6.620
     7.530
     6.911
     6.631
     7.112
     6.864
     6.574
     6.489
     7.311
     6.044
     6.332
     6.520
     6.296
     5.896
     5.197
     5.650
     5.594
     7.221
     6.240
     5.364
     6.647
     6.951
     6.820
     6.664
     6.264
     6.389
     6.080
     6.051
     5.661
     5.352
     6.500
     5.773
     6.384
     6.626
     4.756
     6.581
     6.435
     7.057
     6.155
     6.998
     6.900
     6.585
     5.672
     5.987
     6.592
     7.141
     6.853
     6.103
     5.204
     5.734
     5.385
     6.674
     7.032
     6.715
     7.496
     6.561
     6.584
     6.452
     6.727
     5.456
     6.765
     6.546
     5.716
     6.532
     6.726
     4.362
     6.802
     5.298
     6.013
     6.516
     5.789
     5.627
     6.808
     6.636
     6.196
     6.180
     5.774
     7.062
     6.071
     7.286
     3.509
     6.810
     6.722
     5.575
     7.582
     6.571
     6.215
     6.615
     5.050
     6.278
     5.908
     7.331
     6.197
     5.646
     5.683
     7.522
     6.591
     6.514
     7.253
     5.774
     7.009
     7.091
     6.587
     6.456
     5.283
     6.767
     6.983
     6.983
     6.577
     6.594
     6.396
     6.168
     5.740
     4.998
     7.047
     5.493
     5.799
     7.043
     6.744
     5.750
     6.292
     6.483
     6.644
     6.811
     6.174
     6.146
     6.612
     7.479
     6.563
     7.769
     6.556
     5.198
     4.777
     5.745
     7.050
     5.364
     6.088
     5.318
     7.705
     6.138
     6.547
     5.644
     6.743
     6.542
     4.854
     6.189
     5.521
     5.318
     6.883
     5.849
     5.818
     6.087
     6.416
     7.755
     6.721
     5.653
     6.981
     6.111
     6.057
     5.852
     5.421
     5.804
     6.662
     5.858
     6.880
     6.671
     6.432
     6.134
     4.804
     7.183
     6.130
     6.918
     6.760
     6.734
     6.405
     6.071
     6.203
     5.865
     5.513
     6.477
     6.399
     6.761
     6.039
     5.904
     7.463
     6.150
     5.307
     6.472
     5.813
     5.882
     6.513
     6.312
     5.489
     7.104
     7.238
     7.425
     6.917
     5.928
     5.697
     6.681
     6.568
     6.497
     6.155
     6.562
     6.512
     6.317
     5.260
     6.498
     6.536
     5.872
     7.119
     6.693
     6.340
     6.280
     7.159
     6.665
     5.058
     6.470
     5.588
     5.412
     4.700
     5.979
     5.747
     5.435
     7.607
     6.216
     4.990
     7.499
     5.890
     6.669
     4.558
     6.661
     6.280
     7.546
     7.377
     6.809
     6.198
     6.106
     6.398
     5.938
     7.604
     5.175
     5.070
     6.576
     6.596
     6.418
     6.996
     5.814
     6.844
     6.405
     5.960
     6.047
     4.737
     6.019
     6.563
     6.124
     7.057
     6.576
     6.577
     6.704
     6.477
     5.894
     7.529
     6.601
     6.501
     6.446
     6.148
     5.899
     6.632
     7.135
     5.559
     6.169
     5.666
     7.804
     7.624
     7.035
     6.310
     6.740
     6.326
     6.646
     5.438
     5.382
     6.262
     6.784
     6.292
     6.533
     5.528
     6.674
     7.630
     6.533
     7.374
     5.832
     7.894
     6.191
     5.736
     6.262
     6.536
     6.307
     7.616
     6.914
     6.680
     5.797
     6.649
     6.021
     6.123
     5.586
     6.487
     6.369
     5.040
     5.085
     5.624
     5.827
     7.800
     6.569
     5.995
     6.385
     6.717
     5.753
     6.160
     7.401
     6.890
     6.701
     6.250
     6.847
     5.324
     6.419
     6.610
     6.239
     6.848
     5.647
     6.867
     5.821
     6.204
     6.790
     6.017
     6.378
     6.097
     6.349
     6.793
     6.675
     6.583
     6.388
     5.757
     6.150
     7.114
     5.764
     6.915
     5.973
     6.051
     6.442
     6.416
     5.444
     5.701
     6.441
     6.736
     5.719
     5.557
     6.271
     7.056
     6.525
     6.483
     5.680
     6.791
     6.417
     5.233
     6.077
     6.850
     7.311
     5.612
     6.743
     6.724
     6.573
     5.916
     6.572
     6.568
     7.315
     6.259
     5.044
     6.101
     5.530
     6.135
     5.833
     7.084
     6.541
     6.708
     5.063
     6.525
     6.651
     7.612
     6.396
     7.051
     6.873
     6.040
     6.364
     6.584
     6.657
     6.298
     5.638
     7.409
     5.633
     7.530
     7.197
     5.805
     7.170
     5.845
     6.509
     5.975
     6.100
     6.205
     6.585
     6.096
     5.064
     4.868
     5.519
     7.158
     6.536
     7.250
     6.638
     5.611
     6.653
     6.043
     6.048
     6.581
     6.110
     6.286
     6.938
     6.025
     5.833
     5.912
     5.854
     6.583
     6.948
     6.154
     4.795
     6.381
     5.413
     6.788
     6.493
     6.783
     5.997
     6.957
     7.843
     6.264
     6.665
     7.541
     6.994
     6.197
     5.863
     6.645
     5.272
     6.419
     6.830
     6.201
     5.755
     6.790
     6.613
     6.302
     6.638
     7.049
     5.970
     5.656
     5.652
     5.686
     5.962
     5.968
     6.561
     6.151
     4.788
     5.618
     6.594
     6.523
     6.225
     6.614
     6.570
     6.308
     6.680
     6.941
     5.755
     5.848
     6.471
     5.627
     5.854
     6.672
     6.691
     6.570
     6.526
     5.901
     6.654
     6.152
     5.315
     6.879
     6.698
     7.862
     6.264
     6.019
     6.433
     7.505
     6.791
     6.890
     6.097
     6.893
     6.411
     6.209
     6.172
     7.439
     6.810
     6.306
     6.251
     7.124
     6.707
     7.171
     5.881
     5.737
     5.266
     5.676
     6.652
     6.866
     6.392
     5.800
     5.778
     7.546
     6.573
     5.883
     6.174
     7.086
     4.311
     5.200
     7.053
     6.158
     7.400
     6.580
     6.651
     7.130
     7.113
     6.404
     7.076
     5.716
     6.317
     6.571
     6.945
     5.351
     7.000
     5.576
     6.838
     6.817
     5.813
     4.416
     5.887
     5.901
     5.843
     5.527
     6.349
     6.803
     6.396
     4.710
     6.368
     6.853
     6.753
     7.104
     6.318
     6.111
     7.175
     5.179
     5.585
     5.071
     7.727
     7.186
     7.234
     5.930
     6.245
     5.756
     7.390
     6.399
     7.561
     6.354
     6.905
     7.612
     7.311
     6.747
     6.563
     6.224
     7.514
     6.776
     6.804
     5.240
     6.401
     5.514
     5.834
     6.666
     6.989
     6.436
     6.687
     6.158
     5.868
     5.360
     6.683
     6.779
     7.132
     6.267
     6.148
     5.488
     6.692
     6.805
     5.296
     6.812
     6.454
     6.705
     4.963
     5.150
     5.711
     6.637
     6.823
     6.593
     6.571
     6.051
     5.927
     6.168
     5.776
     6.252
     6.197
     5.649
     7.097
     6.394
     5.733
     7.245
     5.667
     6.961
     6.934
     6.916
     6.486
     5.463
     6.626
     6.515
     6.557
     5.675
     6.798
     6.622
     6.582
     6.199
     6.154
     5.758
     6.111
     6.565
     5.635
     6.981
     6.320
     5.987
     5.706
     5.464
     4.757
     5.292
     6.621
     6.506
     5.448
     6.066
     6.739
     5.832
     6.710
     5.877
     5.997
     6.965
     5.739
     6.199
     6.812
     6.198
     6.104
     5.700
     5.518
     5.933
     6.947
     6.047
     6.557
     6.051
     5.541
     6.133
     6.303
     7.032
     6.828
     7.641
     5.869
     5.681
     6.846
     7.316
     5.893
     7.632
     5.685
     6.752
     6.547
     6.479
     6.411
     6.018
     6.644
     7.351
     6.065
     6.674
     6.495
     5.963
     6.010
     5.716
     6.731
     6.212
     5.485
     6.221
     6.749
     5.592
     6.663
     6.820
     6.791
     6.309
     6.372
     4.850
     7.384
     7.353
     5.625
     5.139
     4.903
     6.977
     5.954
     6.635
     4.703
     5.765
     5.150
     6.056
     6.123
     4.428
     6.068
     6.316
     5.549
     5.827
     6.759
     7.520
     6.581
     6.330
     6.750
     6.190
     7.853
     6.175
     6.250
     6.027
     6.437
     5.803
     7.692
     6.230
     7.646
     6.330
     5.915
     7.882
     7.333
     6.979
     5.631
     6.184
     6.007
     6.562
     6.950
     6.749
     6.307
     6.644
     6.517
     5.713
     5.239
     5.281
     6.763
     6.681
     6.923
     5.818
     6.021
     5.611
     6.572
     6.583
     6.600
     5.838
     6.416
     6.432
     6.826
     6.255
     6.291
     6.046
     5.369
     6.217
     5.733
     6.064
     7.850
     6.141
     6.553
     6.902
     6.627
     7.003
     6.576
     6.589
     6.888
     6.907
     6.506
     5.908
     6.423
     6.165
     5.807
     5.552
     6.597
     6.579
     7.172
     6.676
     5.893
     5.634
     6.619
     5.809
     7.416
     6.546
     6.190
     6.992
     6.536
     5.638
     7.116
     6.371
     7.470
     6.821
     6.523
     6.768
     5.887
     6.285
     6.212
     6.758
     6.560
     6.017
     6.200
     5.594
     6.441
     6.826
     7.275
     5.849
     6.377
     5.954
     6.544
     6.555
     5.395
     7.018
     6.519
     6.004
     4.506
     6.267
     6.221
     6.417
     6.178
     5.628
     7.098
     7.175
     6.223
     5.380
     6.454
     6.048
     7.365
     6.640
     6.370
     6.589
     6.766
     5.422
     7.026
     5.849
     5.802
     6.438
     6.761
     7.565
     7.419
     6.349
     6.776
     4.881
     7.148
     5.470
     5.579
     6.784
     6.660
     5.779
     7.076
     6.618
     6.324
     6.470
     6.610
     6.087
     6.801
     4.891
     5.405
     6.895
     7.308
     6.094
     5.699
     5.073
     6.852
     5.141
     5.340
     6.560
     6.431
     6.683
     6.393
     6.432
     6.681
     7.569
     7.626
     5.860
     5.643
     6.113
     6.094
     6.729
     7.663
     6.219
     6.757
     4.400
     5.846
     6.378
     6.540
     5.899
     6.475
     6.600
     4.776
     7.206
     6.782
     7.283
     6.446
     5.917
     6.148
     5.625
     5.739
     4.570
     6.990
     6.457
     5.446
     5.522
     6.610
     6.054
     6.008
     6.102
     5.871
     6.702
     6.236
     5.250
     5.807
     6.737
     6.107
     6.351
     6.089
     6.298
     6.724
     5.925
     6.862
     6.569
     7.673
     5.533
     5.917
     7.100
     6.242
     7.321
     7.475
     6.390
     5.935
     5.624
     5.933
     5.628
     6.623
     7.150
     6.396
     7.719
     5.811
     6.310
     6.355
     6.732
     6.467
     6.103
     6.154
     6.845
     6.574
     6.292
     6.575
     6.634
     5.578
     5.591
     5.937
     5.659
     6.169
     6.900
     5.653
     6.582
     6.557
     7.112
     6.086
     6.139
     6.566
     6.706
     5.832
     7.100
     6.128
     5.950
     6.886
     6.232
     7.814
     6.198
     6.835
     6.721
     6.481
     5.772
     5.455
     6.112
     6.377
     5.654
     5.742
     5.736
     6.416
     6.640
     4.445
     5.606
     6.701
     5.735
     6.515
     6.158
     6.372
     6.654
     7.008
     6.662
     6.949
     7.445
     6.205
     6.705
     6.951
     5.856
     6.459
     5.567
     6.725
     6.511
     6.635
     6.949
     7.109
     6.225
     6.672
     6.100
     7.593
     5.770
     5.672
     6.630
     6.748
     6.881
     7.655
     6.017
     4.646
     6.328
     5.785
     6.179
     5.799
     6.334
     5.745
     5.884
     5.852
     6.186
     6.188
     5.583
     6.474
     6.041
     6.354
     6.031
     6.819
     6.873
     5.909
     5.683
     5.979
     6.655
     5.593
     5.534
     6.424
     6.387
     5.889
     7.094
     5.638
     5.706
     5.969
     6.305
     5.549
     5.956
     6.298
     5.988
     7.004
     6.733
     5.963
     5.761
     7.159
     6.739
     4.838
     5.273
     6.828
     6.165
     6.607
     7.931
     6.578
     5.748
     6.862
     6.315
     6.520
     6.695
     5.682
     7.691
     6.419
     5.845
     5.100
     7.132
     6.323
     6.270
     7.158
     6.388
     6.310
     6.670
     6.332
     5.789
     6.906
     5.860
     6.643
     6.990
     7.139
     6.394
     6.773
     5.555
     7.595
     6.353
     7.022
     5.550
     7.149
     6.475
     6.603
     6.715
     7.015
     7.700
     6.601
     5.789
     5.695
     6.293
     5.904
     7.539
     5.762
     5.142
     6.466
     6.308
     5.894
     6.729
     6.113
     6.713
     6.940
     5.801
     6.363
     5.636
     6.056
     7.510
     6.163
     7.729
     7.204
     6.762
     5.365
     6.646
     7.114
     6.667
     7.531
     4.911
     5.476
     5.481
     4.550
     7.433
     5.591
     6.541
     6.323
     6.289
     6.182
     7.452
     5.680
     6.361
     6.802
     4.894
     6.640
     5.717
     5.972
     5.015
     6.427
     5.912
     5.681
     5.864
     5.869
     6.964
     6.363
     5.653
     6.126
     6.018
     5.548
     5.570
     6.315
     6.749
     6.560
     6.024
     7.180
     5.767
     6.707
     6.187
     5.566
     6.154
     6.790
     6.553
     6.163
     6.130
     6.327
     6.543
     5.378
     7.074
     5.864
     5.879
     6.380
     6.379
     6.765
     6.349
     5.160
     6.118
     6.393
     5.467
     6.703
     6.009
     5.342
     5.677
     6.960
     6.844
     7.138
     6.637
     6.655
     7.231
     6.943
     6.991
     5.840
     6.778
     6.088
     6.837
     6.746
     5.765
     6.266
     6.088
     6.445
     5.425
     7.005
     6.579
     5.434
     7.094
     6.276
     6.527
     4.967
     4.800
     6.003
     5.770
     6.407
     5.668
     7.006
     5.498
     6.473
     7.411
     6.202
     6.175
     6.558
     6.597
     5.685
     6.530
     6.457
     6.642
     6.040
     6.571
     6.944
     6.120
     5.797
     6.493
     5.506
     7.043
     6.063
     7.153
     4.547
     5.637
     6.905
     6.467
     5.588
     7.189
     5.444
     5.832
     5.689
     5.216
     6.183
     5.506
     6.078
     5.841
     6.056
     5.640
     6.396
     6.272
     6.036
     6.088
     6.154
     6.733
     6.795
     5.808
     6.851
     6.003
     7.269
     6.454
     4.572
     5.186
     5.714
     5.529
     6.262
     5.896
     5.388
     5.812
     6.551
     6.022
     7.290
     7.437
     6.809
     7.537
     6.811
     6.814
     5.646
     6.731
     5.715
     5.272
     6.179
     6.675
     6.083
     6.712
     5.510
     5.586
     4.851
     6.508
     6.503
     6.735
     6.269
     5.870
     6.715
     5.838
     5.334
     7.340
     6.811
     6.549
     6.238
     5.764
     5.249
     5.519
     7.756
     6.882
     5.822
     6.486
     7.299
     5.698
     6.050
     5.883
     6.165
     5.167
     5.985
     7.003
     6.737
     5.954
     6.464
     6.609
     6.563
     6.616
     5.843
     7.469
     7.186
     5.205
     5.956
     5.960
     6.752
     6.906
     6.586
     7.320
     5.576
     5.919
     6.527
     6.000
     5.841
     6.591
     6.358
     6.710
     7.479
     6.187
     6.064
     6.629
     6.551
     7.165
     7.039
     6.436
     6.649
     7.427
     5.692
     6.782
     6.177
     5.946
     7.095
     6.371
     5.361
     5.626
     6.173
     6.255
     6.658
     6.232
     6.227
     6.823
     6.630
     6.329
     6.438
     7.103
     6.092
     6.427
     7.434
     5.814
     7.034
     5.488
     6.659
     6.335
     6.618
     6.099
     6.317
     6.621
     5.959
     7.225
     4.642
     6.354
     7.038
     6.078
     6.722
     5.781
     5.948
     5.866
     5.209
     7.141
     7.574
     6.223
     6.889
     5.979
     6.823
     6.016
     6.592
     6.180
     6.361
     6.628
     5.782
     6.655
     6.992
     5.988
     6.459
     7.423
     6.560
     6.673
     5.588
     6.251
     6.616
     6.581
     6.939
     6.221
     7.472
     6.785
     5.636
     6.917
     7.102
     4.956
     5.843
     6.854
     6.406
     6.230
     6.917
     5.982
     7.050
     7.364
     6.562
     5.643
     5.993
     6.818
     5.704
     6.776
     6.676
     6.321
     6.126
     4.969
     7.545
     6.852
     5.740
     5.195
     6.911
     6.013
     5.718
     4.812
     6.837
     5.980
     6.926
     5.731
     6.813
     5.128
     3.766
     7.529
     5.174
     7.838
     7.698
     7.508
     6.717
     5.793
     5.183
     5.842
     5.927
     6.528
     6.293
     5.482
     6.868
     5.913
     7.083
     5.652
     6.497
     6.505
     5.429
     5.724
     6.665
     5.286
     6.240
     6.354
     6.642
     6.747
     5.684
     6.539
     6.533
     6.853
     6.431
     6.646
     6.115
     7.094
     5.654
     7.319
     5.694
     5.913
     5.925
     6.087
     5.748
     6.635
     6.329
     7.171
     6.433
     5.603
     6.467
     6.755
     6.697
     5.603
     6.243
     5.475
     7.886
     5.619
     7.729
     7.053
     6.992
     6.203
     6.884
     5.213
     5.788
     5.450
     6.498
     5.592
     7.009
     7.877
     6.563
     6.635
     7.537
     6.412
     5.734
     5.675
     6.923
     5.687
     5.777
     5.634
     7.920
     7.741
     6.272
     6.968
     7.079
     4.417
     6.552
     6.057
     7.129
     6.390
     6.636
     7.355
     7.273
     6.602
     7.014
     6.400
     6.230
     6.365
     6.397
     6.299
     6.308
     5.925
     5.837
     6.075
     6.719
     5.961
     6.930
     6.707
     6.946
     6.352
     5.556
     6.652
     6.406
     6.132
     7.176
     5.819
     5.550
     6.911
     6.289
     7.157
     6.560
     5.588
     5.832
     5.807
     5.314
     5.226
     6.850
     6.077
     7.692
     6.228
     6.694
     5.487
     6.929
     7.868
     5.410
     7.420
     6.450
     6.697
     6.024
     5.045
     5.564
     6.468
     5.812
     7.066
     5.543
     7.850
     5.373
     6.967
     5.315
     6.138
     7.084
     6.698
     6.505
     6.306
     7.038
     6.828
     6.220
     6.466
     6.977
     6.546
     6.190
     7.503
     5.355
     5.782
     7.125
     6.231
     6.788
     7.119
     6.066
     6.078
     6.050
     6.238
     6.160
     4.374
     6.092
     5.818
     7.493
     5.479
     7.037
     6.995
     6.642
     6.075
     6.249
     6.592
     5.445
     6.295
     6.829
     6.474
     6.668
     6.760
     6.787
     6.834
     7.712
     6.430
     5.282
     6.651
     5.900
     7.419
     6.540
     6.240
     5.612
     5.123
     6.464
     6.405
     6.329
     6.614
     5.784
     6.572
     6.360
     7.183
     7.324
     6.484
     6.569
     6.291
     6.417
     6.486
     6.345
     6.466
     6.386
     7.784
     6.031
     5.239
     7.070
     7.230
     5.657
     6.121
     6.440
     5.902
     6.652
     6.689
     6.022
     6.215
     7.261
     6.507
     7.346
     7.051
     6.958
     6.900
     7.102
     5.877
     6.003
     6.419
     5.931
     5.478
     6.673
     4.919
     6.524
     6.399
     6.792
     6.597
     6.968
     6.815
     5.976
     6.638
     5.804
     5.981
     5.447
     5.808
     6.693
     6.310
     6.393
     5.606
     6.632
     7.640
     7.212
     5.653
     5.653
     5.659
     7.186
     5.778
     7.382
     5.751
     5.681
     5.935
     4.852
     5.971
     6.781
     6.035
     6.529
     6.930
     6.520
     7.468
     6.877
     5.437
     5.354
     5.437
     5.379
     6.586
     6.515
     6.310
     6.258
     6.780
     7.643
     6.111
     7.360
     6.468
     6.861
     5.819
     4.736
     6.088
     5.364
     6.121
     6.890
     5.876
     6.808
     6.654
     7.677
     5.244
     7.050
     4.992
     4.840
     6.318
     4.450
     5.811
     6.361
     7.443
     6.518
     5.698
     5.529
     6.225
     6.293
     6.172
     6.482
     6.196
     6.316
     5.956
     7.272
     7.303
     6.538
     6.572
     6.508
     6.699
     5.655
     6.533
     5.384
     6.672
     6.571
     6.291
     7.568
     6.383
     6.306
     6.516
     6.626
     5.668
     5.889
     5.764
     6.902
     5.182
     6.915
     6.893
     6.443
     6.320
     5.430
     6.623
     5.782
     6.196
     4.488
     6.435
     6.573
     6.781
     5.377
     5.400
     6.301
     5.867
     5.678
     6.549
     6.405
     5.965
     6.335
     5.911
     6.099
     5.737
     5.795
     5.455
     6.675
     6.865
     6.426
     6.628
     5.009
     6.458
     6.472
     6.338
     6.632
     6.603
     6.950
     6.238
     7.442
     6.862
     6.458
     5.522
     6.646
     6.418
     5.894
     5.597
     6.430
     7.427
     6.013
     5.321
     6.427
     6.143
     5.726
     6.393
     5.832
     5.968
     5.864
     6.162
     6.920
     7.339
     4.876
     6.719
     6.256
     5.912
     6.605
     4.486
     6.586
     6.959
     5.905
     6.555
     5.685
     6.658
     6.326
     6.462
     6.452
     6.749
     6.119
     5.840
     5.950
     7.079
     6.285
     5.897
     6.648
     6.058
     6.614
     7.118
     7.540
     7.543
     7.028
     6.068
     6.779
     6.735
     5.755
     5.612
     5.410
     6.598
     6.278
     6.996
     6.466
     5.305
     6.651
     7.032
     5.582
     6.531
     5.827
     6.744
     6.810
     7.470
     6.501
     6.379
     7.853
     5.485
     6.347
     6.034
     6.306
     6.943
     5.586
     5.458
     5.822
     7.222
     5.534
     6.400
     5.912
     4.769
     6.764
     5.892
     5.994
     6.770
     4.606
     6.317
     6.260
     6.568
     6.249
     5.623
     6.024
     5.934
     6.507
     6.423
     7.294
     7.130
     6.400
     6.092
     6.433
     5.672
     6.559
     6.404
     6.597
     5.278
     6.483
     5.877
     6.219
     7.651
     6.826
     6.879
     5.678
     6.148
     6.461
     5.838
     6.488
     6.513
     5.938
     5.229
     6.472
     6.194
     6.611
     6.323
     6.152
     5.396
     5.678
     5.911
     6.039
     7.313
     6.864
     7.335
     6.880
     4.856
     5.101
     7.126
     6.372
     6.244
     6.626
     6.838
     6.794
     6.838
     6.072
     7.072
     6.627
     6.844
     6.955
     6.164
     5.803
     6.473
     6.489
     5.627
     6.095
     6.633
     5.776
     7.438
     6.101
     5.067
     6.375
     5.866
     7.010
     6.289
     7.217
     6.749
     6.590
     6.357
     5.643
     6.749
     6.483
     6.666
     4.676
     6.829
     5.756
     6.168
     5.465
     6.591
     5.670
     6.239
     6.681
     5.575
     6.790
     6.395
     6.908
     6.065
     6.114
     7.307
     5.460
     5.900
     6.200
     7.758
     7.676
     6.468
     5.134
     6.582
     6.248
     5.044
     6.129
     5.785
     6.860
     6.005
     6.606
     5.604
     6.925
     6.975
     6.716
     6.256
     6.401
     6.758
     6.327
     7.156
     6.499
     7.075
     6.157
     6.719
     4.990
     6.683
     6.832
     6.606
     5.971
     6.235
     5.532
     7.289
     6.423
     5.754
     6.758
     6.696
     6.776
     6.250
     6.373
     7.191
     5.627
     7.054
     6.243
     5.788
     5.766
     6.172
     6.254
     6.917
     6.454
     6.393
     6.421
     6.269
     6.606
     6.208
     5.663
     6.549
     6.497
     7.214
     7.429
     6.481
     6.487
     6.187
     6.760
     6.937
     5.561
     6.740
     6.803
     7.814
     6.190
     6.233
     7.013
     6.157
     6.568
     5.984
     6.768
     6.415
     5.765
     7.467
     6.726
     6.505
     6.470
     7.053
     6.653
     6.450
     5.293
     6.570
     6.024
     6.131
     6.704
     5.878
     6.684
     6.699
     6.475
     6.681
     6.963
     6.104
     5.225
     5.539
     6.286
     6.281
     6.593
     5.789
     5.877
     7.091
     5.526
     5.750
     6.374
     6.242
     7.129
     6.381
     6.217
     6.044
     5.800
     6.583
     5.668
     6.671
     6.730
     7.210
     7.592
     6.590
     6.731
     6.976
     6.564
     5.740
     6.999
     5.585
     6.630
     6.020
     6.799
     6.692
     5.950
     6.683
     6.787
     5.379
     6.338
     6.045
     7.604
     6.408
     5.916
     5.676
     7.385
     5.383
     6.173
     6.808
     6.460
     6.062
     6.730
     6.030
     5.417
     6.089
     5.211
     6.679
     6.703
     7.500
     6.296
     6.843
     7.167
     6.858
     5.647
     6.992
     7.330
     7.411
     5.483
     6.010
     6.683
     6.499
     6.390
     5.615
     6.555
     5.701
     5.066
     5.988
     7.192
     5.215
     6.711
     6.004
     7.461
     6.539
     5.555
     6.237
     6.561
     6.312
     6.590
     5.328
     6.142
     6.471
     5.806
     5.579
     6.490
     4.955
     7.213
     5.846
     6.502
     5.959
     6.090
     5.664
     5.808
     6.574
     5.757
     5.723
     6.470
     6.485
     5.694
     6.812
     6.779
     4.917
     7.800
     6.661
     6.740
     6.789
     7.002
     6.291
     5.124
     6.438
     6.002
     6.657
     5.794
     5.723
     5.638
     6.649
     5.241
     6.209
     7.266
     6.155
     6.566
     6.678
     6.455
     6.052
     5.279
     4.827
     6.242
     5.581
     6.259
     7.099
     6.700
     6.677
     6.109
     6.637
     6.775
     6.259
     5.944
     6.633
     5.989
     5.698
     6.758
     7.128
     4.947
     4.828
     7.045
     6.907
     5.468
     5.799
     7.787
     7.382
     6.825
     7.528
     6.081
     6.599
     6.887
     6.843
     5.088
     5.633
     6.036
     6.119
     4.564
     6.180
     5.611
     6.405
     6.362
     6.586
     5.843
     7.419
     6.602
     6.223
     5.562
     5.157
     6.732
     5.994
     6.659
     4.616
     6.556
     6.447
     7.090
     5.660
     5.773
     6.846
     6.145
     6.488
     5.929
     6.697
     5.897
     5.679
     6.974
     5.384
     6.005
     6.621
     6.024
     6.599
     6.313
     5.534
     6.897
     5.907
     5.681
     6.128
     6.860
     6.561
     6.759
     6.405
     5.892
     7.459
     4.759
     6.540
     5.643
     7.513
     7.007
     6.756
     7.563
     6.257
     7.309
     5.966
     6.080
     6.925
     6.076
     6.489
     6.521
     5.127
     6.205
     6.100
     6.525
     7.006
     5.717
     5.245
     6.257
     6.794
     6.561
     6.565
     6.441
     6.322
     6.537
     6.208
     5.734
     6.997
     6.960
     5.665
     5.391
     6.209
     6.129
     5.047
     7.828
     4.961
     6.449
     6.213
     7.770
     5.218
     6.348
     6.045
     6.636
     6.098
     6.127
     6.334
     7.103
     5.594
     6.754
     6.820
     7.333
     6.806
     7.257
     5.514
     4.651
     6.850
     5.931
     6.157
     6.946
     6.315
     6.779
     6.359
     5.690
     5.089
     6.994
     5.776
     6.595
     6.536
     6.249
     5.591
     6.636
     6.276
     6.930
     6.989
     5.726
     7.601
     6.566
     5.554
     6.777
     5.681
     6.604
     6.138
     6.753
     5.673
     5.963
     6.710
     5.727
     6.212
     5.940
     5.850
     6.776
     6.727
     6.313
     6.776
     6.517
     6.132
     6.059
     5.924
     7.670
     5.864
     6.433
     5.636
     5.745
     6.700
     6.694
     4.185
     7.198
     5.864
     6.687
     7.289
     6.617
     5.415
     6.418
     6.384
     6.785
     5.779
     5.288
     7.424
     5.889
     5.659
     6.713
     6.714
     6.227
     7.255
     5.626
     6.725
     5.995
     6.499
     6.510
     7.202
     5.991
     5.330
     5.987
     6.901
     7.313
     6.315
     7.644
     6.790
     6.703
     6.011
     6.935
     5.662
     6.331
     4.880
     5.645
     7.058
     6.512
     5.732
     6.312
     6.585
     5.937
     6.359
     6.025
     6.664
     5.712
     6.635
     6.044
     7.122
     6.318
     6.908
     6.884
     6.072
     6.743
     6.224
     5.488
     5.341
     7.001
     6.094
     6.306
     6.643
     5.613
     6.201
     4.657
     5.712
     6.891
     6.301
     7.219
     6.576
     6.797
     7.695
     5.852
     6.958
     7.005
     7.158
     5.163
     5.004
     7.012
     5.256
     5.811
     6.100
     6.882
     6.740
     6.341
     6.101
     6.732
     6.637
     5.666
     7.504
     6.429
     5.726
     6.218
     7.015
     6.527
     5.858
     5.623
     7.316
     5.424
     5.900
     7.250
     5.603
     5.541
     6.357
     6.264
     6.134
     7.026
     6.403
     6.729
     5.941
     6.149
     6.407
     6.825
     6.566
     6.675
     6.479
     6.034
     5.092
     7.705
     6.577
     7.597
     5.682
     4.595
     6.097
     6.280
     5.550
     6.838
     5.248
     5.737
     6.005
     7.337
     6.005
     6.442
     6.025
     6.085
     5.472
     6.489
     6.464
     5.936
     6.579
     5.596
     6.873
     5.821
     6.553
     7.103
     6.609
     6.518
     6.368
     6.070
     6.128
     5.561
     6.691
     6.081
     6.818
     5.750
     5.356
     6.015
     6.969
     6.427
     6.263
     6.084
     7.064
     5.872
     6.172
     6.537
     4.361
     6.043
     6.709
     6.655
     6.018
     5.669
     5.714
     6.498
     5.686
     6.127
     6.661
     5.896
     6.134
     5.291
     6.217
     6.923
     7.579
     6.416
     6.450
     5.680
     6.275
     7.091
     6.988
     6.764
     7.237
     6.389
     6.458
     6.791
     6.376
     6.724
     7.670
     6.974
     6.255
     7.119
     6.977
     6.553
     6.470
     6.421
     6.384
     6.823
     5.515
     5.310
     6.775
     6.186
     5.840
     4.843
     6.751
     5.540
     7.221
     6.454
     6.058
     6.432
     7.389
     5.906
     6.981
     6.655
     5.703
     6.056
     6.055
     5.826
     6.616
     6.749
     6.584
     6.831
     5.856
     5.381
     6.805
     6.604
     6.034
     6.063
     6.192
     6.245
     6.243
     5.746
     6.750
     7.064
     6.642
     6.766
     6.291
     5.058
     6.801
     6.206
     6.162
     7.037
     6.153
     5.656
     7.287
     6.406
     6.683
     5.977
     6.687
     6.703
     6.985
     5.774
     5.954
     7.514
     6.112
     5.845
     6.453
     6.373
     6.105
     6.332
     6.425
     7.695
     6.312
     6.465
     5.391
     6.199
     6.064
     6.321
     5.712
     6.279
     7.013
     3.645
     6.333
     6.749
     5.032
     5.639
     6.831
     6.176
     6.383
     6.582
     6.307
     6.917
     7.084
     7.129
     5.802
     6.058
     6.104
     5.651
     5.891
     6.405
     7.442
     6.396
     6.683
     6.991
     6.696
     5.896
     7.865
     6.601
     6.931
     5.967
     5.664
     6.310
     5.756
     5.852
     7.496
     5.128
     6.385
     6.259
     6.550
     6.357
     5.471
     7.412
     6.326
     5.468
     5.511
     6.338
     6.560
     5.068
     5.712
     7.394
     6.674
     5.987
     6.818
     5.645
     5.693
     6.624
     6.602
     6.048
     7.008
     6.790
     7.119
     7.033
     4.995
     7.017
     5.028
     5.599
     6.459
     6.223
     6.528
     6.925
     5.600
     6.288
     6.177
     5.000
     7.208
     6.271
     6.544
     6.813
     5.634
     6.587
     5.787
     5.430
     6.596
     6.429
     5.937
     6.340
     7.123
     6.128
     7.662
     6.442
     6.694
     5.893
     6.203
     6.711
     6.365
     6.796
     7.218
     6.750
     7.355
     6.759
     6.523
     6.713
     6.524
     4.790
     5.673
     5.357
     6.417
     6.538
     6.747
     5.432
     5.698
     6.719
     6.276
     5.967
     6.422
     5.900
     6.068
     5.747
     7.841
     5.348
     6.415
     6.057
     5.830
     6.178
     6.990
     5.150
     6.759
     4.927
     6.814
     7.455
     6.538
     5.399
     6.467
     6.409
     5.744
     5.686
     6.667
     6.334
     6.478
     5.771
     5.072
     5.827
     6.289
     6.625
     5.876
     6.322
     6.162
     6.733
     6.164
     5.194
     6.705
     6.470
     6.369
     7.061
     7.116
     5.161
     6.506
     6.510
     6.748
     5.837
     6.429
     6.971
     7.346
     7.041
     7.015
     5.443
     7.148
     7.158
     6.640
     6.337
     6.259
     7.415
     5.963
     5.088
     5.853
     6.350
     5.122
     6.496
     6.347
     3.859
     6.036
     6.572
     7.193
     7.121
     6.910
     6.638
     4.856
     7.182
     7.195
     5.322
     6.727
     6.441
     7.160
     6.737
     6.771
     6.124
     6.138
     6.386
     7.115
     6.077
     5.799
     6.214
     5.928
     6.065
     6.426
     7.362
     6.932
     5.452
     6.344
     6.631
     6.473
     6.257
     6.005
     4.414
     5.920
     6.508
     6.653
     6.265
     6.668
     5.815
     7.174
     5.605
     6.595
     5.946
     6.129
     5.245
     6.142
     5.671
     7.495
     4.637
     7.049
     7.477
     7.172
     5.482
     6.448
     7.177
     6.467
     6.242
     6.035
     6.883
     6.426
     6.932
     5.729
     6.894
     6.975
     6.668
     6.555
     5.639
     7.245
     5.462
     5.631
     6.739
     6.926
     5.627
     6.236
     4.944
     5.852
     6.910
     6.697
     6.028
     6.070
     5.783
     6.371
     6.071
     5.607
     5.915
     5.920
     7.262
     5.810
     6.849
     6.550
     4.702
     5.081
     4.275
     6.800
     6.679
     6.252
     5.981
     5.732
     4.944
     6.317
     6.787
     6.362
     7.689
     6.716
     4.786
     6.600
     6.591
     6.647
     6.589
     6.629
     7.109
     6.862
     6.840
     6.186
     6.519
     5.378
     5.373
     7.025
     6.894
     5.956
     5.816
     6.758
     7.106
     6.626
     7.089
     7.599
     6.479
     6.415
     6.606
     6.042
     6.063
     6.231
     6.552
     6.931
     6.866
     6.883
     5.393
     5.693
     5.123
     5.976
     7.076
     6.540
     7.092
     5.876
     4.809
     6.170
     6.389
     6.050
     6.203
     6.739
     5.700
     6.385
     5.409
     5.661
     5.863
     5.859
     5.673
     6.113
     7.720
     6.053
     7.040
     7.649
     6.380
     7.357
     6.491
     5.817
     7.339
     6.355
     5.534
     6.745
     5.778
     5.772
     7.202
     6.028
     5.602
     6.872
     6.263
     5.819
     6.360
     5.598
     5.778
     5.735
     6.479
     6.771
     5.731
     6.918
     6.889
     6.836
     6.986
     5.613
     6.300
     6.633
     4.960
     6.477
     6.560
     6.584
     7.495
     6.903
     6.185
     5.833
     7.597
     6.694
     6.954
     6.867
     5.788
     6.278
     6.299
     6.655
     6.046
     6.752
     6.011
     6.182
     6.354
     5.978
     5.918
     6.569
     6.116
     7.187
     6.680
     5.737
     6.622
     6.867
     6.889
     6.678
     7.014
     6.935
     6.026
     5.840
     7.566
     5.639
     7.191
     5.341
     7.788
     6.444
     6.476
     6.627
     6.283
     7.165
     5.224
     7.711
     4.911
     6.606
     6.534
     6.000
     6.931
     6.111
     6.759
     6.613
     6.822
     6.536
     5.889
     7.162
     6.402
     6.677
     5.309
     7.465
     7.064
     7.116
     5.708
     5.925
     7.086
     6.691
     5.972
     6.108
     6.559
     6.582
     6.418
     6.876
     6.495
     6.605
     6.703
     6.238
     5.575
     6.819
     4.452
     7.029
     5.697
     5.621
     6.529
     6.161
     5.000
     6.162
     7.310
     6.653
     6.384
     5.764
     7.408
     5.160
     6.367
     7.644
     6.045
     6.673
     6.050
     4.489
     6.961
     6.525
     6.133
     7.000
     5.637
     6.895
     6.464
     6.317
     6.268
     7.198
     6.365
     6.341
     5.409
     6.005
     6.886
     5.065
     7.607
     6.508
     7.355
     7.155
     6.690
     4.494
     7.593
     7.874
     6.681
     7.833
     5.962
     6.500
     6.508
     7.114
     6.281
     6.232
     6.352
     5.864
     6.220
     6.805
     6.841
     6.425
     6.425
     6.426
     6.334
     5.386
     5.445
     6.408
     6.281
     6.189
     6.051
     6.389
     5.298
     7.038
     6.410
     5.556
     5.389
     4.819
     6.241
     5.373
     5.010
     6.472
     6.196
     5.678
     6.822
     7.544
     5.697
     6.573
     6.585
     6.273
     7.281
     6.070
     6.058
     6.772
     6.808
     5.122
     6.392
     6.805
     5.109
     4.833
     6.170
     7.048
     6.097
     6.792
     6.174
     6.800
     5.760
     5.373
     6.662
     7.427
     4.676
     5.740
     5.466
     6.780
     6.538
     7.135
     7.191
     6.825
     6.362
     7.451
     6.929
     6.428
     6.326
     5.626
     6.812
     6.668
     6.450
     5.891
     7.338
     5.088
     6.338
     5.756
     6.641
     6.708
     6.973
     6.619
     7.378
     6.657
     5.507
     6.411
     5.927
     7.090
     7.047
     5.958
     5.636
     6.412
     7.885
     7.261
     6.581
     5.698
     5.825
     5.035
     6.762
     5.890
     6.611
     5.794
     6.276
     5.910
     6.726
     6.047
     6.343
     6.537
     6.359
     6.328
     6.610
     7.427
     6.123
     5.761
     6.123
     6.843
     6.718
     5.912
     6.701
     5.205
     6.704
     6.117
     7.726
     6.791
     5.487
     5.213
     7.182
     6.305
     5.467
     7.036
     6.411
     6.404
     5.551
     5.754
     7.399
     6.097
     5.897
     6.431
     5.781
     6.672
     6.793
     6.569
     4.752
     6.495
     7.535
     6.954
     5.232
     5.038
     5.739
     7.161
     5.767
     7.325
     6.125
     6.634
     5.669
     6.979
     7.893
     6.002
     6.573
     6.422
     6.974
     5.834
     6.611
     6.805
     6.688
     6.982
     6.567
     6.499
     6.118
     5.620
     6.792
     7.081
     5.694
     6.616
     7.002
     6.744
     6.233
     5.882
     6.449
     6.277
     5.508
     5.857
     6.641
     5.167
     7.120
     6.436
     5.317
     6.027
     5.088
     5.628
     6.505
     6.716
     7.004
     6.458
     6.425
     6.577
     7.088
     6.769
     7.218
     6.886
     6.613
     6.929
     6.577
     7.256
     5.670
     6.886
     6.461
     6.540
     7.261
     7.231
     6.778
     6.477
     6.036
     6.239
     7.129
     5.638
     6.110
     6.632
     5.815
     7.242
     7.324
     7.315
     6.604
     7.087
     7.141
     5.645
     6.537
     7.171
     6.208
     6.618
     6.914
     6.862
     5.050
     6.639
     5.237
     7.683
     7.670
     6.472
     5.594
     4.997
     6.109
     5.859
     6.797
     7.319
     7.367
     7.159
     6.732
     7.413
     4.962
     7.121
     6.645
     5.925
     5.852
     6.413
     6.664
     6.457
     7.101
     5.897
     6.564
     6.113
     6.567
     6.821
     6.665
     5.600
     6.599
     7.026
     5.598
     6.332
     6.904
     5.768
     6.190
     6.298
     5.792
     6.547
     5.898
     6.535
     5.925
     5.828
     6.650
     6.127
     6.082
     5.909
     6.732
     5.672
     6.771
     4.579
     7.092
     6.728
     6.340
     5.574
     6.971
     6.043
     6.626
     5.725
     7.071
     6.796
     5.796
     6.014
     6.756
     6.719
     6.838
     6.638
     5.124
     6.374
     6.555
     5.789
     5.370
     6.445
     6.426
     5.947
     6.786
     5.986
     7.072
     5.134
     6.398
     6.676
     7.002
     6.671
     5.566
     5.734
     6.654
     5.619
     6.167
     5.682
     6.607
     6.688
     7.190
     5.927
     6.991
     5.461
     5.963
     5.681
     5.773
     5.563
     5.834
     5.737
     6.693
     5.983
     5.064
     6.674
     6.452
     6.408
     5.241
     5.791
     6.757
     5.633
     7.668
     6.596
     5.444
     5.652
     5.942
     7.279
     6.928
     6.227
     4.895
     7.186
     5.177
     6.545
     6.207
     5.689
     7.131
     6.848
     6.269
     6.764
     6.063
     5.853
     6.145
     7.156
     5.433
     7.432
     4.567
     5.483
     5.434
     6.089
     6.537
     6.436
     6.498
     6.788
     7.228
     5.841
     6.038
     7.372
     5.286
     5.768
     5.980
     5.770
     7.126
     6.080
     5.924
     5.849
     6.250
     6.474
     6.133
     6.438
     5.589
     6.235
     7.080
     7.095
     6.476
     5.722
     6.499
     7.269
     6.544
     5.665
     6.236
     6.698
     5.576
     6.788
     5.747
     5.888
     6.236
     5.625
     6.897
     6.380
     7.136
     6.251
     4.257
     6.827
     5.369
     5.929
     5.941
     7.056
     5.933
     5.565
     5.922
     6.418
     6.462
     7.023
     7.516
     6.984
     5.951
     6.893
     6.214
     4.952
     5.477
     6.599
     5.878
     5.456
     5.949
     6.338
     5.726
     5.691
     6.592
     6.490
     5.866
     6.637
     6.090
     6.638
     6.588
     7.025
     6.783
     6.308
     6.684
     5.848
     5.668
     6.832
     5.853
     7.704
     7.398
     5.939
     6.683
     6.810
     6.742
     5.849
     6.044
     6.810
     6.408
     7.307
     6.411
     6.765
     6.485
     6.572
     6.008
     6.598
     6.901
     6.031
     5.809
     7.876
     5.064
     5.560
     5.957
     6.080
     6.529
     6.574
     5.845
     7.212
     7.025
     6.887
     5.691
     6.767
     6.800
     6.619
     6.950
     6.606
     6.579
     6.713
     5.067
     6.061
     6.264
     7.035
     6.393
     6.446
     7.630
     6.883
     6.491
     5.546
     5.834
     6.522
     7.130
     6.129
     4.575
     6.536
     6.844
     7.153
     7.242
     5.446
     7.149
     6.597
     7.317
     6.975
     7.188
     6.502
     6.135
     6.671
     5.878
     6.717
     6.241
     6.672
     6.977
     5.983
     5.644
     5.558
     5.608
     6.928
     4.876
     5.623
     6.455
     6.557
     6.858
     5.844
     5.664
     7.309
     6.243
     6.748
     7.232
     5.572
     6.688
     7.167
     6.003
     5.565
     7.287
     5.953
     6.673
     6.251
     6.190
     7.597
     6.246
     6.636
     6.531
     6.337
     5.436
     6.375
     7.717
     6.630
     6.915
     6.573
     5.705
     4.822
     7.555
     7.168
     5.828
     5.861
     6.424
     4.886
     6.919
     6.450
     5.204
     5.983
     6.791
     5.727
     6.731
     6.659
     6.974
     5.980
     5.743
     6.661
     5.763
     7.394
     5.136
     5.720
     6.555
     6.932
     7.453
     7.538
     5.938
     6.360
     6.128
     6.405
     7.530
     6.872
     5.766
     6.768
     5.678
     6.513
     6.642
     6.644
     6.521
     6.492
     5.457
     7.500
     6.424
     6.257
     6.611
     6.780
     6.551
     6.713
     6.557
     6.932
     5.458
     7.209
     7.169
     6.631
     6.858
     6.338
     6.473
     7.308
     6.634
     6.449
     6.471
     6.250
     5.915
     6.087
     6.540
     5.740
     6.176
     7.426
     6.185
     6.648
     6.608
     6.781
     6.004
     5.456
     5.349
     6.154
     5.010
     6.867
     6.977
     7.079
     7.025
     5.401
     5.309
     7.432
     6.967
     6.089
     5.880
     5.981
     7.231
     6.485
     6.331
     5.076
     6.406
     6.578
     6.266
     6.240
     5.736
     6.569
     6.289
     6.593
     5.561
     6.839
     6.712
     4.982
     6.880
     6.788
     6.601
     6.097
     6.179
     5.474
     6.958
     5.687
     5.449
     6.133
     6.122
     5.913
     7.193
     6.419
     6.920
     4.936
     6.258
     5.419
     6.772
     6.398
     5.237
     7.082
     6.013
     6.063
     7.770
     6.142
     5.963
     7.611
     6.572
     5.843
     6.321
     6.722
     7.100
     6.123
     6.100
     6.099
     6.152
     6.094
     6.734
     6.648
     6.678
     5.316
     6.055
     7.345
     6.020
     6.359
     6.766
     6.269
     7.173
     6.255
     7.774
     7.067
     6.574
     6.670
     6.778
     6.081
     7.702
     6.883
     6.544
     6.197
     7.314
     6.305
     7.199
     6.279
     6.760
     5.641
     7.490
     5.967
     7.475
     6.853
     7.649
     5.920
     6.503
     6.073
     5.551
     5.855
     7.237
     5.859
     5.071
     6.604
     5.710
     5.905
     5.715
     5.836
     5.113
     7.105
     5.766
     5.861
     6.858
     6.815
     6.182
     5.812
     5.747
     7.176
     5.637
     6.903
     6.646
     5.637
     6.435
     5.824
     6.897
     6.308
     6.190
     4.388
     7.206
     7.660
     6.423
     6.942
     6.784
     6.823
     6.855
     6.991
     6.440
     7.292
     5.665
     5.706
     7.141
     5.639
     5.570
     5.637
     6.212
     6.191
     5.432
     6.245
     6.393
     6.810
     5.643
     6.345
     6.303
     6.608
     6.028
     4.995
     7.169
     6.456
     6.540
     6.003
     6.459
     6.665
     6.599
     6.552
     6.349
     6.796
     6.723
     6.062
     5.384
     6.440
     6.088
     6.541
     6.961
     7.515
     7.129
     7.499
     6.992
     6.007
     7.080
     4.327
     7.076
     6.883
     7.044
     6.720
     5.025
     6.907
     6.128
     5.864
     7.471
     5.832
     5.629
     6.982
     6.131
     6.385
     6.027
     5.993
     7.226
     6.201
     6.315
     7.123
     6.681
     5.859
     5.488
     6.603
     5.022
     6.237
     6.276
     6.392
     6.893
     5.568
     5.981
     6.821
     6.850
     6.809
     5.405
     6.608
     5.186
     6.762
     5.916
     5.960
     6.523
     6.325
     5.172
     5.964
     5.844
     5.462
     5.254
     7.494
     6.295
     6.158
     5.774
     6.746
     6.548
     7.349
     7.146
     4.989
     5.416
     5.687
     6.081
     6.021
     4.262
     5.936
     7.462
     7.315
     6.284
     6.761
     5.924
     7.046
     6.762
     6.341
     6.318
     5.736
     6.387
     6.447
     6.143
     6.388
     6.604
     7.564
     6.266
     6.485
     6.549
     5.967
     6.626
     6.454
     5.701
     6.618
     5.296
     7.348
     6.566
     6.288
     5.774
     6.387
     6.257
     6.096
     6.774
     6.570
     5.773
     5.752
     6.432
     6.953
     7.131
     6.044
     7.009
     6.794
     6.695
     6.581
     6.316
     6.477
     6.601
     7.360
     7.495
     6.949
     6.606
     7.045
     6.624
     6.788
     7.192
     5.902
     6.389
     5.305
     6.193
     4.673
     6.502
     6.672
     6.148
     5.934
     6.188
     6.156
     6.536
     5.543
     6.411
     5.897
     5.429
     5.492
     5.355
     6.883
     5.704
     6.442
     7.117
     7.005
     7.487
     6.363
     7.294
     5.867
     4.353
     6.148
     6.764
     6.841
     7.076
     6.786
     5.998
     6.355
     5.637
     6.912
     5.810
     5.626
     7.065
     6.631
     6.756
     6.646
     6.433
     6.280
     7.428
     7.905
     5.784
     5.652
     5.757
     6.628
     6.750
     4.751
     5.566
     7.928
     6.096
     6.789
     5.739
     6.510
     6.496
     6.837
     6.188
     6.665
     7.722
     5.758
     5.766
     6.433
     5.396
     6.014
     7.456
     6.943
     7.180
     7.482
     7.100
     5.912
     5.131
     4.961
     7.159
     7.132
     5.986
     6.851
     5.588
     6.596
     5.888
     6.000
     5.403
     6.045
     5.473
     6.577
     6.386
     5.829
     5.062
     5.712
     6.695
     5.526
     6.805
     6.264
     6.743
     5.625
     6.735
     6.785
     7.144
     6.879
     5.885
     7.351
     6.933
     6.088
     6.699
     6.972
     6.503
     5.942
     7.402
     5.636
     7.047
     6.940
     5.657
     6.353
     6.252
     6.392
     6.943
     6.538
     6.837
     6.963
     6.203
     5.352
     5.522
     6.942
     7.222
     5.704
     6.148
     7.058
     6.619
     6.925
     5.941
     6.593
     5.967
     6.433
     6.218
     6.785
     6.429
     6.887
     6.385
     6.792
     5.797
     6.961
     6.658
     6.661
     5.965
     6.516
     4.575
     6.471
     6.677
     5.303
     5.880
     6.381
     6.295
     6.978
     6.514
     6.915
     6.663
     6.737
     6.812
     5.947
     7.265
     6.484
     7.357
     5.855
     6.781
     6.600
     6.905
     5.796
     6.533
     5.847
     5.725
     6.734
     4.544
     7.282
     7.340
     5.808
     5.691
     6.487
     5.756
     6.312
     6.090
     6.564
     6.294
     6.112
     6.755
     6.803
     7.242
     6.320
     5.229
     5.478
     6.741
     6.972
     7.624
     6.159
     5.630
     7.033
     5.847
     5.911
     6.881
     7.670
     5.129
     6.642
     6.504
     6.656
     6.290
     6.581
     6.486
     7.606
     5.272
     6.562
     7.563
     6.336
     6.363
     6.527
     5.956
     6.011
     5.869
     7.028
     6.503
     5.768
     7.472
     5.328
     4.568
     6.542
     5.521
     6.853
     6.808
     6.887
     5.681
     6.659
     6.331
     5.405
     5.467
     6.874
     6.555
     6.493
     6.031
     5.743
     5.828
     6.631
     7.263
     6.888
     6.832
     6.787
     6.927
     6.613
     7.016
     6.951
     6.367
     5.961
     6.323
     6.007
     6.421
     6.090
     6.304
     6.303
     5.602
     6.933
     5.180
     6.051
     6.091
     7.127
     7.126
     6.194
     7.120
     6.256
     7.280
     6.300
     5.624
     6.518
     6.485
     6.550
     5.790
     6.740
     5.425
     5.831
     7.383
     6.313
     6.615
     6.018
     5.787
     7.537
     7.039
     6.788
     6.501
     6.463
     5.740
     6.341
     5.717
     6.635
     6.614
     6.953
     7.464
     5.110
     5.482
     6.534
     7.622
     7.521
     7.649
     7.540
     6.693
     5.180
     6.549
     7.367
     7.346
     6.631
     7.216
     6.332
     5.466
     7.029
     5.303
     6.762
     7.683
     5.760
     5.456
     6.641
     6.649
     6.382
     5.623
     5.359
     6.523
     6.913
     5.870
     6.994
     7.075
     6.028
     6.810
     7.775
     6.997
     7.208
     7.494
     7.050
     6.156
     6.086
     4.998
     6.209
     5.205
     5.828
     5.493
     5.864
     6.687
     7.250
     7.053
     6.449
     6.486
     5.619
     6.588
     6.534
     6.524
     6.096
     4.881
     6.697
     6.199
     6.773
     5.553
     6.076
     5.390
     6.077
     5.641
     6.259
     6.599
     6.677
     5.997
     6.879
     5.401
     5.762
     6.568
     7.060
     6.570
     6.360
     6.042
     5.967
     6.757
     6.271
     6.863
     6.153
     7.137
     5.555
     6.150
     7.220
     5.791
     5.442
     6.853
     6.467
     6.840
     5.803
     6.987
     6.763
     5.832
     7.089
     7.107
     6.629
     6.596
     6.761
     7.053
     6.043
     7.134
     6.793
     6.241
     6.460
     6.542
     6.278
     6.569
     5.924
     7.365
     6.691
     6.165
     6.737
     7.167
     6.862
     5.559
     7.244
     5.942
     6.573
     6.557
     6.524
     6.304
     6.222
     7.184
     6.059
     6.669
     5.701
     5.832
     5.862
     6.391
     6.740
     6.352
     6.190
     6.384
     6.343
     5.252
     4.563
     7.716
     5.949
     6.922
     7.395
     5.712
     6.425
     6.863
     5.785
     6.380
     7.283
     6.894
     5.069
     6.135
     6.473
     5.080
     7.672
     5.935
     6.698
     7.036
     7.742
     6.605
     5.758
     6.468
     5.064
     6.001
     7.189
     6.840
     6.518
     7.015
     6.121
     6.749
     5.775
     5.199
     7.322
     6.787
     6.848
     6.713
     6.600
     5.805
     6.106
     6.518
     6.101
     6.590
     5.311
     6.022
     7.037
     6.730
     6.212
     7.351
     6.308
     7.051
     6.562
     5.762
     6.617
     5.965
     7.234
     6.331
     6.898
     6.442
     4.657
     6.741
     5.519
     6.051
     7.080
     7.851
     7.226
     5.384
     7.599
     5.518
     7.171
     5.434
     7.492
     6.655
     6.282
     7.061
     5.675
     6.656
     6.433
     5.403
     7.792
     6.989
     6.019
     6.085
     7.110
     5.983
     7.547
     5.499
     6.374
     6.894
     6.293
     5.630
     6.690
     6.226
     6.239
     5.442
     5.067
     6.835
     6.676
     6.477
     6.226
     5.993
     5.721
     5.743
     5.745
     6.433
     6.428
     6.510
     5.905
     6.983
     5.609
     5.438
     6.617
     5.794
     4.708
     5.565
     5.006
     5.853
     6.642
     6.866
     6.747
     5.870
     6.073
     4.903
     5.834
     7.126
     5.838
     5.629
     6.486
     6.523
     7.098
     6.625
     6.179
     5.710
     7.182
     6.404
     5.775
     6.759
     6.089
     6.264
     5.949
     5.408
     6.257
     6.526
     6.097
     4.660
     6.570
     6.102
     5.839
     6.672
     6.247
     7.084
     6.726
     6.833
     6.638
     6.639
     6.866
     6.670
     6.968
     6.052
     6.610
     7.253
     6.326
     5.894
     6.287
     6.532
     5.376
     6.199
     6.995
     6.342
     6.078
     6.456
     7.095
     5.756
     5.565
     7.461
     7.189
     5.176
     6.602
     6.825
     6.086
     6.623
     7.386
     6.351
     6.559
     6.807
     6.825
     6.393
     6.540
     6.289
     6.011
     7.296
     6.591
     6.107
     5.368
     5.809
     6.826
     6.583
     6.652
     5.814
     5.888
     6.549
     7.236
     6.569
     5.964
     4.543
     7.029
     6.492
     6.553
     6.025
     6.363
     6.263
     6.336
     7.037
     5.870
     7.368
     7.775
     6.971
     5.408
     5.696
     6.488
     7.099
     6.058
     4.233
     6.985
     4.234
     6.211
     5.962
     5.662
     6.430
     6.190
     6.684
     6.126
     5.683
     6.871
     5.969
     4.903
     5.678
     4.239
     7.201
     6.899
     7.025
     6.472
     5.830
     6.047
     7.377
     6.494
     7.560
     5.962
     6.885
     6.682
     6.067
     5.971
     7.653
     7.279
     6.797
     7.347
     6.201
     6.937
     6.082
     4.639
     5.780
     7.521
     5.902
     5.609
     7.270
     6.363
     6.240
     6.396
     6.379
     6.627
     6.375
     5.231
     6.755
     7.045
     6.081
     6.709
     6.555
     6.534
     6.503
     7.128
     6.513
     5.149
     6.259
     6.485
     6.507
     5.453
     6.112
     6.143
     6.740
     6.247
     6.863
     5.303
     5.309
     5.745
     6.474
     4.958
     5.981
     6.264
     6.101
     6.248
     6.932
     6.256
     5.488
     6.395
     6.466
     7.025
     5.726
     6.483
     6.431
     5.797
     5.485
     6.277
     6.935
     6.618
     5.862
     5.249
     5.393
     5.331
     5.098
     6.607
     5.647
     6.850
     6.919
     6.501
     5.794
     6.065
     6.486
     5.883
     6.917
     6.387
     6.581
     7.064
     5.927
     6.009
     5.608
     7.428
     6.140
     6.494
     6.010
     5.935
     5.807
     6.438
     6.108
     7.234
     6.776
     6.725
     6.547
     5.891
     5.051
     6.627
     6.262
     6.040
     6.976
     6.711
     6.582
     6.547
     6.326
     5.478
     6.212
     6.107
     5.733
     6.313
     6.546
     5.597
     6.735
     6.383
     6.124
     5.364
     5.284
     5.408
     7.763
     5.964
     5.588
     5.851
     6.483
     7.555
     6.181
     5.706
     5.331
     6.015
     6.836
     7.505
     6.612
     6.470
     5.803
     7.105
     5.990
     7.108
     6.052
     5.987
     6.618
     5.796
     6.647
     6.381
     6.120
     6.058
     5.910
     7.484
     6.886
     5.785
     6.643
     5.698
     5.498
     6.448
     6.448
     6.822
     6.566
     5.639
     6.338
     5.546
     6.589
     5.723
     4.885
     5.629
     6.847
     6.834
     6.598
     6.818
     5.536
     6.814
     5.096
     4.755
     5.886
     5.036
     7.093
     6.196
     7.266
     7.115
     6.276
     6.356
     5.452
     6.508
     6.501
     6.950
     5.556
     6.520
     6.359
     5.849
     5.828
     6.214
     5.909
     7.056
     5.888
     4.850
     7.731
     6.536
     6.729
     6.032
     6.600
     6.739
     6.232
     6.558
     6.702
     6.768
     6.717
     5.985
     6.175
     4.842
     5.394
     5.696
     6.590
     6.228
     6.328
     6.300
     7.470
     6.270
     5.931
     5.758
     5.949
     6.107
     7.087
     5.798
     6.216
     3.243
     6.442
     6.431
     6.691
     5.366
     6.073
     7.111
     7.667
     6.920
     6.291
     6.416
     6.703
     6.568
     6.183
     6.042
     7.100
     6.385
     7.041
     5.265
     6.051
     6.977
     6.684
     5.928
     7.456
     6.814
     7.500
     6.160
     6.153
     6.648
     6.490
     5.711
     5.803
     5.820
     5.844
     6.058
     6.974
     6.915
     6.199
     5.471
     5.885
     5.403
     6.675
     6.388
     6.191
     6.707
     5.899
     6.441
     6.542
     5.808
     5.260
     6.787
     5.877
     6.439
     6.425
     5.351
     6.656
     6.148
     6.298
     5.791
     6.031
     6.128
     7.180
     5.758
     7.892
     7.606
     5.235
     5.524
     6.142
     6.553
     5.919
     7.588
     5.718
     6.670
     5.864
     6.707
     6.225
     7.755
     6.122
     6.574
     6.749
     6.007
     6.306
     6.882
     6.188
     6.249
     6.524
     5.583
     5.911
     5.859
     5.687
     6.751
     6.030
     7.164
     7.591
     5.570
     5.727
     6.824
     4.997
     6.922
     6.624
     6.497
     7.024
     5.347
     5.855
     6.547
     6.353
     6.581
     6.717
     6.450
     6.390
     6.632
     6.006
     6.827
     5.651
     6.368
     6.619
     7.728
     6.451
     6.810
     6.616
     6.208
     6.809
     6.628
     6.031
     6.677
     7.331
     5.947
     5.851
     6.487
     6.171
     5.786
     6.158
     7.827
     6.408
     6.998
     6.692
     6.104
     5.321
     6.579
     6.701
     6.670
     6.761
     5.625
     6.532
     6.307
     6.576
     5.873
     6.474
     4.929
     7.115
     5.993
     5.610
     6.255
     6.784
     5.966
     6.786
     5.197
     6.811
     6.360
     5.571
     5.628
     5.577
     6.619
     7.601
     4.712
     7.012
     6.594
     6.462
     6.446
     6.169
     7.772
     6.377
     5.691
     6.063
     5.903
     7.069
     6.793
     5.750
     6.551
     7.363
     7.459
     6.521
     6.535
     5.220
     6.127
     5.853
     6.032
     5.583
     6.280
     6.220
     5.804
     6.612
     6.271
     6.131
     6.203
     6.654
     7.555
     6.110
     5.599
     7.264
     5.968
     7.206
     6.647
     5.365
     5.320
     6.163
     5.942
     7.013
     6.578
     6.644
     5.292
     6.838
     7.269
     6.406
     7.401
     6.246
     6.468
     6.848
     6.422
     5.621
     5.541
     6.671
     6.263
     6.739
     5.407
     5.650
     5.952
     6.011
