     5.251
     5.082
     5.173
     5.076
     4.966
     4.832
     4.606
     4.422
     4.374
     4.375
     4.363
     4.412
     4.479
     4.473
     4.442
     4.411
     4.374
     4.366
     4.395
     4.465
     4.560
     4.676
     4.778
     4.833
     4.846
     4.820
     4.796
     4.793
     4.805
     4.796
     4.821
     4.827
     4.841
     4.834
     4.881
     4.895
     4.903
     4.920
     4.968
     5.020
     5.239
     5.361
     5.495
     5.618
     5.689
     5.807
     5.860
     5.889
     5.894
     5.856
     5.779
     5.681
     5.626
     5.538
     5.479
     5.417
     5.382
     5.335
     5.275
     5.229
     5.172
     5.123
     5.140
     5.198
     5.229
     5.275
     5.333
     5.377
     5.402
     5.394
     5.374
     5.365
     5.372
     5.375
     5.373
     5.422
     5.475
     5.540
     5.657
     5.766
     5.855
     5.889
     5.858
     5.848
     5.826
     5.772
     5.862
     5.964
     6.195
     6.381
     6.467
     6.466
     6.424
     6.342
     6.216
     6.114
     5.999
     5.886
     5.736
     5.558
     5.118
     4.776
     4.419
     4.313
     4.334
     4.440
     4.595
     4.884
     5.019
     5.187
     5.349
     5.524
     5.582
     5.548
     5.532
     5.560
     5.509
     5.506
     5.371
     5.346
     5.291
     5.251
     5.230
     5.188
     5.137
     4.996
     4.824
     4.643
     4.445
     4.328
     4.468
     4.778
     4.912
     4.863
     4.834
     4.819
     4.842
     4.946
     5.158
     5.189
     5.170
     5.179
     5.331
     5.493
     5.586
     5.662
     5.730
     5.738
     5.709
     5.683
     5.652
     5.584
     5.543
     5.457
     5.389
     5.420
     5.483
     5.522
     5.617
     5.695
     5.701
     5.603
     5.447
     5.248
     4.870
     4.601
     4.326
     4.267
     4.250
     4.288
     4.312
     4.386
     4.449
     4.500
     4.578
     4.639
     4.800
     4.830
     4.868
     5.021
     5.139
     5.338
     5.498
     5.709
     5.889
     5.949
     5.932
     5.896
     5.860
     5.866
     5.822
     5.785
     5.723
     5.652
     5.592
     5.518
     5.489
     5.466
     5.454
     5.409
     5.311
     5.223
     5.142
     5.087
     5.083
     5.041
     4.940
     4.771
     4.802
     5.094
     5.325
     5.450
     5.538
     5.639
     5.814
     5.991
     6.058
     6.071
     6.021
     5.948
     5.816
     5.515
     5.164
     4.587
     4.361
     4.807
     5.085
     5.386
     5.620
     5.811
     5.963
     6.094
     6.124
     6.130
     6.120
     6.092
     5.974
     5.860
     5.724
     5.472
     5.162
     4.928
     5.085
     5.432
     5.539
     5.541
     5.494
     5.480
     5.469
     5.477
     5.511
     5.538
     5.540
     5.507
     5.436
     5.380
     5.300
     5.172
     5.021
     4.892
     4.778
     4.737
     4.722
     4.700
     4.722
     4.754
     4.839
     4.957
     5.054
     5.088
     5.185
     5.262
     5.302
     5.299
     6.630
     4.672
     5.360
     5.796
     6.055
     5.732
     5.615
     4.930
     4.704
     5.849
     5.873
     6.000
     6.233
     5.499
     5.607
     5.552
     5.968
     5.834
     5.027
     4.984
     4.250
     5.423
     6.207
     5.147
     5.926
     5.879
     5.773
     4.863
     5.837
     5.762
     5.972
     5.928
     4.758
     4.664
     5.025
     4.415
     5.255
     5.079
     5.105
     5.611
     4.979
     3.808
     4.705
     5.273
     5.874
     5.770
     5.889
     5.522
     5.379
     5.940
     5.236
     4.967
     6.105
     6.058
     5.672
     5.854
     5.959
     6.469
     5.608
     5.375
     5.666
     5.713
     6.197
     6.088
     6.207
     4.091
     5.762
     6.337
     5.698
     5.064
     5.984
     3.150
     5.725
     5.027
     5.328
     5.887
     5.200
     5.782
     4.921
     5.707
     4.318
     4.942
     4.488
     5.195
     6.046
     4.666
     5.074
     6.651
     6.236
     4.083
     4.451
     5.863
     4.407
     5.145
     5.382
     5.343
     4.617
     4.640
     5.802
     5.598
     5.369
     5.510
     4.065
     5.929
     5.229
     5.133
     5.646
     5.309
     4.898
     5.390
     5.568
     5.720
     5.018
     5.891
     5.397
     6.325
     4.729
     5.085
     5.625
     6.258
     5.932
     5.224
     5.260
     5.625
     5.350
     4.523
     5.822
     5.559
     5.560
     5.060
     5.901
     6.164
     5.439
     5.417
     5.859
     4.649
     6.387
     5.937
     5.535
     5.094
     4.708
     6.098
     6.024
     4.681
     5.312
     6.194
     5.530
     4.784
     4.965
     4.634
     5.637
     4.592
     4.527
     5.504
     6.106
     4.694
     5.397
     4.972
     5.754
     5.745
     5.483
     5.431
     5.269
     5.109
     4.779
     6.031
     5.500
     5.531
     5.112
     6.029
     6.096
     5.566
     5.208
     5.626
     5.198
     4.490
     5.595
     4.663
     5.155
     4.892
     6.439
     5.120
     5.462
     6.200
     6.032
     5.177
     5.043
     5.259
     4.842
     4.781
     6.322
     5.134
     5.566
     6.059
     5.730
     5.432
     5.506
     5.728
     5.114
     6.043
     6.428
     5.743
     5.613
     5.961
     5.210
     4.818
     5.465
     6.269
     5.688
     6.013
     5.482
     6.476
     5.816
     5.887
     5.898
     4.895
     5.396
     5.529
     5.507
     4.038
     5.705
     4.862
     4.671
     5.935
     6.229
     4.954
     5.280
     5.351
     4.382
     4.089
     5.735
     4.203
     5.053
     5.774
     5.930
     5.722
     5.308
     5.961
     3.589
     4.477
     6.131
     5.985
     4.959
     6.430
     5.309
     4.410
     6.067
     5.281
     5.659
     5.754
     4.855
     5.637
     5.086
     5.484
     5.346
     5.877
     4.786
     5.309
     5.119
     6.099
     6.232
     5.149
     4.622
     5.829
     5.896
     4.634
     6.075
     5.837
     4.804
     4.813
     5.968
     5.659
     5.591
     5.939
     4.628
     4.269
     6.239
     6.003
     5.482
     5.542
     6.314
     4.980
     5.695
     4.992
     4.580
     5.800
     6.288
     5.457
     5.442
     5.592
     5.720
     5.663
     4.927
     6.162
     5.354
     5.390
     5.238
     5.490
     5.873
     5.811
     6.664
     5.347
     5.135
     6.090
     5.566
     5.541
     6.207
     6.265
     4.947
     5.621
     4.989
     6.648
     5.227
     5.739
     4.455
     5.057
     5.189
     5.819
     5.591
     4.687
     5.396
     5.839
     4.510
     5.366
     6.409
     5.554
     4.013
     5.057
     5.574
     4.830
     5.178
     5.379
     6.190
     4.960
     4.654
     4.804
     5.761
     5.780
     5.420
     5.564
     4.584
     4.688
     5.136
     5.234
     5.811
     5.629
     4.798
     4.610
     5.103
     4.963
     5.598
     6.142
     5.720
     5.706
     5.663
     5.185
     5.589
     5.289
     4.672
     6.071
     5.051
     4.860
     5.853
     5.115
     5.345
     5.761
     4.391
     6.060
     5.254
     5.894
     5.720
     5.260
     5.044
     4.848
     5.420
     5.893
     5.409
     5.239
     4.239
     6.242
     5.022
     5.080
     4.640
     5.713
     6.097
     5.623
     5.225
     5.855
     5.653
     5.376
     5.803
     5.464
     5.730
     6.209
     5.752
     5.947
     3.307
     5.775
     5.537
     6.323
     4.653
     6.009
     4.743
     5.187
     5.908
     5.012
     4.039
     4.777
     5.150
     4.691
     5.813
     5.439
     5.367
     5.691
     5.438
     6.484
     5.303
     4.062
     4.363
     6.126
     5.685
     5.097
     5.294
     5.607
     5.111
     5.644
     5.559
     5.436
     6.349
     5.585
     5.768
     5.182
     5.705
     6.137
     5.223
     5.082
     4.609
     5.326
     5.875
     6.320
     5.298
     5.743
     5.726
     5.765
     5.373
     4.699
     5.622
     5.384
     5.748
     4.934
     5.050
     4.868
     5.814
     5.112
     5.385
     5.708
     4.873
     5.877
     6.112
     5.084
     6.459
     4.620
     5.028
     5.231
     5.006
     5.535
     5.592
     5.835
     5.768
     5.805
     5.383
     4.795
     6.373
     5.880
     5.720
     5.002
     5.832
     5.866
     4.728
     4.751
     6.029
     4.062
     5.966
     5.936
     5.537
     4.844
     5.266
     5.406
     5.064
     5.898
     6.082
     5.893
     5.669
     4.999
     6.012
     5.309
     4.599
     4.889
     4.900
     5.312
     5.948
     6.083
     5.594
     5.015
     6.152
     6.452
     6.281
     5.880
     5.173
     5.300
     5.840
     5.526
     4.352
     5.284
     2.719
     5.808
     5.325
     5.949
     4.736
     5.004
     5.270
     4.717
     4.678
     5.517
     6.363
     4.960
     6.366
     4.938
     4.588
     5.157
     4.240
     5.593
     4.931
     5.050
     5.898
     5.201
     5.927
     5.732
     4.835
     6.176
     6.414
     5.753
     5.779
     4.225
     4.813
     4.687
     5.186
     5.421
     5.387
     4.953
     5.131
     6.256
     5.390
     5.611
     6.174
     5.293
     4.924
     6.239
     5.852
     4.714
     5.073
     5.493
     5.032
     5.995
     5.905
     5.654
     5.711
     6.084
     5.669
     3.721
     5.892
     3.867
     4.392
     5.677
     6.324
     4.872
     4.567
     5.226
     5.527
     5.881
     5.175
     5.976
     4.718
     5.485
     6.173
     6.132
     5.790
     4.999
     6.225
     5.389
     5.715
     4.395
     5.297
     4.593
     5.112
     6.369
     5.262
     5.292
     5.286
     6.157
     6.337
     5.136
     4.987
     6.069
     4.981
     4.466
     5.495
     5.459
     4.777
     5.292
     5.304
     4.801
     5.966
     5.846
     5.754
     5.102
     4.809
     5.254
     6.026
     4.890
     5.631
     6.014
     5.778
     4.477
     4.117
     5.910
     5.805
     4.876
     5.388
     4.960
     5.447
     4.841
     5.840
     5.442
     5.423
     4.806
     4.442
     6.327
     5.243
     5.823
     6.005
     5.993
     4.490
     4.762
     5.108
     6.481
     5.574
     5.459
     5.449
     6.089
     5.165
     6.141
     5.921
     6.270
     5.447
     5.557
     5.532
     5.462
     3.565
     5.830
     5.292
     5.352
     5.697
     5.774
     5.377
     5.914
     5.192
     5.168
     5.253
     5.832
     5.065
     5.734
     5.870
     5.819
     3.946
     6.156
     5.699
     5.529
     4.369
     5.822
     5.815
     5.530
     6.685
     5.682
     5.588
     5.648
     5.005
     4.508
     4.830
     5.773
     5.559
     5.782
     4.546
     5.793
     5.262
     6.417
     5.953
     6.207
     4.522
     5.112
     6.264
     5.474
     5.948
     5.803
     5.709
     6.073
     5.633
     6.057
     5.014
     5.733
     4.592
     5.801
     5.989
     5.801
     5.361
     5.475
     5.432
     5.762
     4.719
     4.833
     5.421
     5.575
     5.805
     5.071
     4.747
     6.002
     5.841
     5.873
     5.037
     6.429
     5.227
     5.879
     6.237
     4.807
     5.830
     5.473
     6.282
     5.723
     5.114
     5.858
     4.961
     5.169
     4.299
     6.012
     5.056
     4.985
     3.798
     5.679
     5.186
     5.275
     5.751
     5.320
     6.476
     5.581
     5.234
     6.471
     6.070
     5.810
     5.718
     5.231
     5.713
     5.175
     5.781
     5.462
     6.179
     5.800
     5.673
     5.551
     5.962
     4.639
     5.421
     5.689
     6.155
     5.231
     5.197
     4.973
     5.452
     5.281
     6.051
     6.137
     3.688
     6.146
     5.847
     4.991
     6.157
     5.927
     5.828
     5.956
     4.489
     5.765
     5.152
     4.056
     5.860
     4.601
     5.212
     5.598
     5.490
     4.671
     6.191
     6.507
     5.443
     5.219
     4.980
     5.576
     5.929
     5.170
     5.739
     4.950
     5.093
     4.625
     5.921
     5.343
     5.953
     5.501
     3.618
     5.166
     5.319
     5.423
     5.550
     6.129
     6.071
     6.511
     5.919
     3.593
     4.993
     5.211
     5.762
     5.890
     5.427
     5.162
     6.183
     4.913
     6.408
     5.651
     5.572
     4.869
     5.337
     6.241
     4.756
     5.683
     5.723
     4.912
     5.398
     5.854
     5.350
     6.720
     5.291
     4.807
     4.244
     5.468
     6.077
     4.270
     5.453
     6.000
     5.370
     5.648
     5.208
     6.171
     5.961
     5.508
     4.924
     4.364
     4.978
     6.104
     5.559
     4.819
     4.954
     4.867
     5.551
     5.710
     4.413
     6.149
     5.726
     5.428
     6.274
     5.421
     5.186
     5.534
     5.698
     5.202
     5.611
     5.011
     5.481
     5.055
     5.906
     5.851
     5.428
     4.683
     4.727
     5.229
     5.568
     6.054
     5.766
     5.673
     5.713
     4.768
     5.589
     4.989
     5.952
     5.260
     5.282
     5.760
     4.650
     4.700
     5.887
     5.879
     5.568
     5.365
     4.879
     4.707
     6.194
     5.944
     5.787
     4.762
     5.017
     4.643
     4.641
     5.253
     5.877
     5.253
     5.852
     5.745
     6.592
     5.254
     4.868
     5.117
     5.195
     4.492
     5.800
     5.780
     5.818
     5.713
     4.996
     4.659
     4.892
     5.531
     5.608
     5.270
     5.379
     6.078
     5.325
     4.914
     5.316
     5.938
     4.610
     6.313
     5.291
     4.499
     5.745
     6.149
     6.422
     5.279
     5.048
     5.121
     4.955
     5.484
     4.428
     5.711
     6.258
     5.026
     5.004
     5.739
     3.820
     5.751
     6.245
     5.149
     3.916
     5.748
     4.992
     5.923
     5.612
     5.581
     5.644
     5.558
     5.611
     6.263
     3.786
     4.574
     5.435
     6.013
     5.568
     4.843
     5.898
     5.789
     5.141
     3.740
     6.267
     4.619
     5.887
     4.943
     5.444
     6.323
     5.057
     5.883
     4.586
     5.822
     5.914
     6.000
     5.919
     6.152
     5.162
     4.440
     5.402
     5.187
     6.001
     5.443
     5.714
     3.724
     5.245
     5.419
     5.305
     5.797
     5.426
     4.661
     6.150
     5.457
     6.449
     5.882
     5.803
     5.418
     5.840
     5.063
     4.615
     6.705
     4.967
     5.529
     5.973
     5.528
     6.212
     5.574
     6.043
     6.118
     5.997
     6.254
     5.868
     5.279
     6.037
     5.451
     5.607
     5.307
     5.014
     4.518
     5.594
     5.794
     4.904
     5.244
     4.728
     5.678
     5.590
     5.644
     5.123
     4.588
     5.492
     5.340
     4.563
     5.988
     5.694
     5.797
     4.557
     4.972
     4.946
     5.535
     5.806
     5.361
     5.858
     5.332
     4.653
     5.879
     5.670
     6.017
     5.749
     5.047
     5.872
     6.475
     4.720
     5.758
     4.644
     5.941
     5.789
     5.582
     5.868
     6.154
     5.129
     6.000
     5.580
     5.827
     5.290
     4.956
     5.146
     3.977
     5.583
     4.605
     5.549
     4.624
     5.094
     6.056
     5.392
     5.456
     4.896
     4.980
     6.274
     5.579
     6.296
     3.482
     5.326
     6.311
     5.393
     6.268
     6.021
     5.063
     5.578
     5.478
     5.370
     5.099
     5.305
     4.553
     5.699
     3.615
     4.634
     5.674
     4.662
     4.781
     5.287
     4.728
     5.177
     5.741
     4.839
     4.836
     5.255
     4.964
     5.691
     4.688
     5.546
     5.724
     5.895
     4.526
     4.891
     4.843
     5.348
     4.993
     5.682
     5.389
     5.398
     5.240
     4.951
     5.741
     5.726
     4.786
     5.150
     5.773
     5.146
     5.215
     6.042
     5.796
     5.391
     5.805
     5.363
     5.092
     6.053
     5.252
     4.696
     5.015
     4.935
     3.563
     6.487
     6.457
     5.364
     4.996
     5.871
     5.733
     4.796
     4.807
     4.825
     6.501
     4.941
     6.408
     5.059
     5.322
     5.104
     5.631
     6.310
     5.728
     3.938
     4.843
     4.456
     4.627
     5.879
     6.379
     5.772
     4.851
     5.266
     5.417
     4.925
     5.595
     4.948
     4.969
     5.914
     5.023
     5.990
     4.431
     5.087
     6.172
     6.120
     5.652
     5.505
     5.213
     5.248
     5.996
     5.186
     5.838
     5.703
     6.074
     5.603
     5.153
     4.710
     5.392
     5.869
     5.583
     5.717
     6.356
     5.664
     5.785
     5.298
     6.327
     5.405
     5.496
     6.147
     5.998
     5.390
     4.635
     5.364
     4.578
     5.619
     4.342
     5.548
     5.268
     5.812
     5.522
     5.694
     5.066
     5.346
     5.211
     4.368
     4.759
     4.431
     4.615
     5.545
     4.848
     5.130
     4.982
     4.887
     3.408
     5.699
     5.899
     5.892
     4.863
     4.931
     6.556
     5.672
     5.822
     5.799
     5.318
     5.112
     5.095
     4.682
     5.229
     6.644
     5.785
     5.616
     6.146
     4.686
     5.513
     5.235
     5.895
     5.816
     5.178
     5.429
     5.702
     4.488
     5.663
     5.517
     4.806
     6.100
     5.295
     5.578
     4.992
     6.002
     6.406
     5.088
     5.201
     5.687
     5.416
     5.105
     6.253
     5.611
     5.767
     5.713
     6.054
     6.122
     6.520
     5.822
     5.986
     5.447
     4.485
     6.023
     5.726
     3.192
     5.803
     4.781
     5.886
     6.230
     5.191
     4.849
     5.018
     6.302
     4.856
     6.344
     5.119
     5.481
     5.048
     6.258
     5.386
     3.338
     5.207
     5.196
     5.052
     5.401
     5.355
     5.055
     5.274
     5.673
     5.243
     5.924
     5.826
     5.532
     5.039
     5.582
     5.761
     4.836
     4.484
     5.596
     4.724
     4.666
     5.763
     5.809
     5.815
     4.957
     4.456
     4.046
     4.787
     5.538
     5.799
     5.144
     4.733
     5.867
     5.077
     4.457
     5.265
     4.714
     4.467
     4.674
     5.852
     5.878
     4.901
     5.103
     5.547
     6.057
     5.606
     4.074
     5.344
     5.896
     5.636
     5.140
     5.844
     4.678
     4.392
     5.843
     4.854
     4.972
     6.353
     5.582
     5.049
     6.299
     4.883
     5.795
     5.853
     6.057
     5.687
     5.793
     5.725
     5.299
     5.365
     5.424
     6.049
     5.314
     4.305
     4.914
     5.217
     4.339
     6.117
     5.907
     4.476
     5.512
     5.292
     5.623
     5.318
     5.806
     5.176
     5.984
     4.693
     5.064
     4.279
     5.063
     6.045
     5.415
     4.788
     6.045
     5.203
     5.947
     5.069
     6.022
     5.343
     5.766
     5.872
     4.848
     5.983
     5.315
     4.743
     6.062
     6.152
     4.358
     3.840
     4.283
     5.546
     5.536
     5.446
     4.806
     3.571
     6.085
     4.193
     5.884
     5.160
     5.316
     5.939
     5.407
     6.183
     5.316
     5.574
     5.166
     5.650
     5.320
     4.873
     5.860
     4.536
     6.263
     5.154
     5.168
     5.810
     4.963
     5.590
     6.081
     4.917
     4.682
     5.623
     5.162
     5.637
     5.474
     6.436
     5.262
     4.909
     5.740
     5.549
     5.496
     5.344
     5.636
     5.456
     4.722
     5.038
     5.776
     5.200
     5.216
     5.853
     5.174
     5.427
     5.486
     5.801
     6.099
     4.795
     4.700
     5.541
     5.306
     5.743
     5.742
     5.101
     6.030
     5.433
     5.006
     4.520
     4.931
     5.746
     5.194
     5.983
     5.227
     5.587
     3.836
     5.438
     6.144
     5.971
     5.828
     5.111
     5.979
     5.206
     4.793
     5.294
     5.608
     6.133
     5.093
     5.642
     6.261
     6.416
     5.569
     5.835
     5.741
     5.933
     5.927
     5.379
     5.078
     4.842
     6.339
     5.990
     5.182
     5.909
     5.402
     5.058
     6.149
     5.864
     5.652
     6.366
     5.752
     5.672
     4.643
     4.848
     6.083
     6.070
     4.639
     5.696
     5.155
     3.687
     5.494
     5.515
     6.114
     4.587
     4.653
     6.015
     4.970
     6.205
     4.935
     5.748
     5.494
     4.947
     6.498
     5.858
     5.675
     5.973
     5.387
     4.939
     5.194
     4.727
     4.633
     5.703
     5.965
     6.030
     5.505
     5.066
     5.194
     4.644
     5.056
     5.339
     6.206
     5.646
     4.623
     5.960
     4.403
     5.640
     3.799
     6.079
     5.428
     4.893
     5.030
     5.368
     4.947
     5.740
     5.303
     6.042
     5.226
     5.561
     4.430
     5.158
     5.936
     5.025
     5.018
     5.199
     6.326
     5.770
     5.699
     6.204
     4.606
     5.676
     5.304
     4.911
     5.953
     5.679
     4.481
     5.535
     6.405
     6.191
     6.049
     5.858
     5.176
     5.772
     5.747
     4.970
     5.795
     5.627
     6.280
     5.888
     5.919
     5.341
     4.865
     5.063
     4.139
     5.871
     3.554
     5.064
     5.895
     5.268
     6.249
     5.729
     5.362
     5.313
     5.518
     5.583
     5.642
     4.798
     5.896
     4.906
     5.245
     5.638
     5.826
     5.073
     6.024
     5.648
     5.484
     6.762
     4.201
     4.132
     5.672
     5.657
     5.675
     5.170
     4.909
     5.517
     4.969
     5.185
     5.278
     5.968
     4.853
     5.943
     5.842
     6.039
     4.827
     4.992
     5.460
     6.137
     4.787
     6.239
     6.432
     5.106
     5.523
     3.889
     5.185
     6.194
     5.901
     5.008
     5.843
     4.751
     6.083
     5.181
     5.724
     5.019
     5.945
     5.294
     6.333
     5.700
     4.948
     6.013
     4.656
     6.237
     5.817
     4.430
     5.603
     5.237
     5.539
     4.696
     4.432
     5.981
     5.781
     5.680
     5.730
     5.153
     5.370
     5.825
     5.048
     5.082
     5.425
     4.633
     5.937
     5.114
     5.568
     6.061
     5.820
     6.194
     5.007
     5.473
     4.340
     5.251
     4.141
     5.828
     5.168
     5.646
     5.671
     5.186
     5.548
     5.706
     6.381
     5.600
     4.685
     6.034
     4.562
     4.636
     5.508
     5.585
     5.537
     5.415
     5.536
     5.469
     5.861
     5.739
     5.827
     6.261
     5.576
     4.872
     5.539
     5.134
     5.866
     5.890
     5.464
     4.150
     5.504
     6.321
     5.414
     5.852
     4.895
     5.280
     4.805
     4.699
     5.714
     5.932
     5.748
     5.830
     5.671
     5.561
     5.418
     5.914
     5.006
     5.184
     5.161
     5.363
     5.644
     5.140
     5.219
     5.103
     5.974
     5.672
     6.364
     5.483
     4.303
     5.183
     5.336
     5.774
     6.338
     5.406
     5.197
     5.979
     5.832
     4.901
     5.855
     6.015
     4.799
     5.441
     4.518
     5.235
     6.366
     5.321
     6.480
     5.494
     5.956
     5.787
     6.159
     5.411
     5.201
     6.061
     5.957
     5.842
     5.888
     5.048
     5.178
     5.144
     4.592
     4.438
     4.731
     5.471
     4.726
     5.580
     5.793
     6.138
     5.826
     5.570
     5.653
     5.480
     5.561
     5.289
     4.946
     6.636
     6.222
     5.930
     5.289
     5.906
     5.218
     5.227
     5.374
     5.588
     5.343
     5.435
     5.755
     5.143
     5.502
     5.239
     5.835
     5.624
     5.989
     3.422
     4.562
     5.389
     5.596
     5.183
     4.806
     4.934
     4.667
     5.264
     4.716
     4.228
     5.400
     5.807
     5.130
     5.072
     4.750
     5.531
     4.833
     4.064
     6.094
     6.198
     6.199
     5.906
     6.123
     5.143
     5.419
     4.640
     5.137
     6.176
     4.602
     4.718
     4.967
     4.821
     5.879
     5.512
     5.836
     5.031
     5.506
     5.116
     5.164
     5.109
     4.779
     5.816
     5.089
     6.040
     5.506
     4.937
     4.964
     4.521
     4.152
     4.997
     5.960
     5.941
     5.743
     5.339
     5.170
     5.934
     6.061
     5.406
     4.593
     4.529
     4.947
     4.913
     5.167
     5.313
     4.397
     5.574
     5.743
     4.906
     4.331
     5.322
     6.035
     4.737
     6.205
     5.558
     3.550
     5.124
     5.241
     5.879
     5.806
     5.546
     4.634
     4.695
     5.896
     5.209
     6.288
     5.957
     6.439
     5.999
     5.603
     3.992
     5.260
     5.113
     5.465
     4.874
     6.233
     5.628
     5.582
     6.097
     5.680
     5.786
     4.718
     6.500
     5.205
     5.476
     5.133
     5.634
     5.605
     5.783
     5.736
     5.136
     5.078
     6.129
     4.521
     6.400
     5.468
     5.901
     5.161
     4.901
     4.744
     4.425
     5.784
     4.982
     5.687
     6.098
     5.232
     6.178
     5.885
     6.436
     6.024
     4.888
     4.602
     4.974
     5.428
     5.472
     6.647
     5.560
     5.351
     6.211
     5.953
     5.636
     5.107
     5.610
     6.103
     5.798
     6.146
     5.965
     6.445
     5.029
     5.559
     5.739
     6.001
     5.258
     6.117
     5.650
     5.527
     5.098
     5.440
     4.162
     3.492
     5.764
     5.829
     6.520
     5.049
     5.396
     4.455
     5.246
     5.200
     5.211
     5.807
     5.046
     5.261
     4.665
     5.906
     5.387
     6.191
     5.298
     6.216
     5.619
     4.578
     6.112
     5.908
     5.551
     5.822
     5.777
     5.894
     4.983
     6.186
     5.390
     6.400
     6.238
     5.252
     6.335
     5.528
     5.904
     4.953
     5.443
     5.687
     5.381
     5.937
     4.703
     5.909
     5.884
     5.325
     6.390
     6.008
     6.349
     5.427
     6.030
     5.480
     5.461
     6.303
     5.287
     6.043
     5.648
     5.686
     5.607
     4.881
     6.215
     5.494
     5.406
     5.779
     5.373
     5.854
     5.483
     6.026
     4.857
     5.122
     6.109
     5.665
     4.632
     5.239
     5.397
     5.856
     6.142
     5.346
     5.807
     5.939
     5.978
     5.592
     5.211
     6.071
     6.068
     4.961
     5.316
     5.343
     5.888
     5.323
     5.080
     4.799
     4.534
     5.982
     6.115
     5.066
     5.790
     5.679
     5.705
     5.362
     4.740
     5.890
     5.251
     4.745
     5.951
     5.470
     5.991
     5.055
     5.830
     6.414
     5.417
     5.936
     5.462
     5.059
     5.584
     3.495
     5.984
     5.452
     5.503
     4.619
     5.369
     5.896
     5.912
     6.409
     4.658
     5.826
     5.768
     4.917
     4.564
     5.525
     5.861
     5.578
     5.929
     5.877
     5.902
     5.022
     5.448
     5.696
     5.554
     6.384
     2.537
     4.636
     6.253
     5.566
     4.248
     5.200
     5.989
     6.331
     6.392
     6.296
     5.443
     6.163
     4.772
     5.262
     5.454
     5.261
     5.456
     5.839
     5.848
     5.823
     5.009
     6.485
     4.972
     5.834
     4.571
     5.742
     4.954
     6.311
     4.784
     5.939
     4.662
     5.696
     6.067
     5.979
     5.401
     5.467
     4.955
     5.129
     5.110
     6.006
     5.074
     5.737
     5.812
     5.155
     5.294
     5.158
     4.418
     5.398
     4.570
     4.709
     4.854
     5.207
     5.639
     6.070
     5.511
     5.455
     5.665
     5.854
     5.642
     5.039
     5.139
     5.978
     5.370
     5.412
     5.633
     4.814
     3.755
     4.776
     4.460
     4.103
     5.267
     5.796
     5.572
     4.701
     6.107
     4.951
     5.292
     6.094
     4.334
     6.174
     5.699
     5.317
     4.530
     5.306
     4.974
     5.669
     4.771
     6.085
     5.808
     5.494
     4.661
     4.911
     5.633
     5.344
     5.721
     6.019
     5.304
     4.802
     6.030
     6.073
     5.937
     4.429
     5.669
     4.875
     5.385
     6.372
     4.748
     4.846
     5.429
     5.651
     5.702
     4.693
     4.888
     5.368
     5.781
     5.397
     5.223
     5.521
     6.200
     5.252
     4.759
     4.683
     5.129
     5.792
     6.285
     5.412
     4.410
     5.843
     5.092
     5.749
     5.751
     5.227
     6.172
     5.250
     6.121
     5.455
     4.930
     4.337
     4.498
     5.049
     5.320
     5.914
     6.140
     4.507
     5.686
     3.664
     5.416
     4.829
     5.890
     5.105
     5.697
     4.716
     5.782
     5.611
     4.390
     5.366
     4.904
     5.358
     5.569
     4.667
     5.386
     4.671
     5.864
     3.228
     6.157
     4.994
     5.661
     5.739
     5.670
     5.802
     5.743
     4.372
     4.864
     4.868
     5.877
     5.954
     5.790
     5.111
     5.857
     5.611
     5.264
     5.559
     4.614
     5.627
     5.010
     6.078
     6.647
     5.920
     6.008
     6.608
     5.255
     5.662
     5.520
     4.949
     5.708
     4.966
     6.123
     4.403
     6.157
     4.995
     5.767
     5.711
     5.768
     5.151
     5.822
     5.732
     4.972
     5.925
     5.691
     4.945
     5.129
     4.664
     6.213
     5.823
     4.434
     5.107
     6.283
     6.202
     5.523
     5.730
     4.905
     5.654
     6.016
     6.079
     6.146
     5.171
     4.754
     5.719
     5.416
     5.704
     4.244
     5.556
     5.066
     5.182
     5.741
     4.612
     5.776
     5.851
     5.170
     5.839
     6.192
     5.162
     5.806
     5.589
     5.033
     3.637
     4.844
     6.261
     5.756
     5.425
     5.380
     4.149
     5.349
     4.951
     6.287
     5.869
     5.943
     5.258
     6.036
     5.857
     5.514
     5.646
     4.935
     6.076
     5.854
     4.579
     5.868
     4.967
     6.051
     4.836
     5.305
     6.273
     5.637
     6.289
     5.677
     4.757
     5.122
     5.728
     5.604
     6.435
     5.190
     5.623
     5.904
     6.296
     6.343
     4.677
     4.369
     6.173
     5.040
     5.409
     5.959
     5.619
     5.509
     5.868
     5.651
     5.822
     5.624
     5.598
     4.997
     5.786
     5.511
     5.133
     5.703
     4.646
     5.741
     5.035
     4.829
     6.171
     4.465
     5.463
     5.894
     5.686
     6.423
     5.146
     4.689
     4.446
     6.184
     4.465
     5.403
     5.232
     5.624
     5.267
     5.122
     6.212
     4.905
     5.307
     4.518
     5.499
     5.742
     6.163
     4.608
     4.941
     5.220
     5.864
     5.448
     4.614
     5.944
     5.842
     5.113
     5.546
     5.665
     5.207
     4.758
     4.661
     4.217
     5.897
     4.711
     4.502
     4.611
     5.487
     5.161
     5.803
     6.540
     5.974
     5.656
     6.129
     5.974
     5.845
     5.446
     6.183
     5.174
     5.311
     5.515
     5.338
     5.108
     4.529
     5.338
     4.865
     5.904
     5.399
     4.796
     5.686
     6.018
     5.919
     6.020
     5.071
     5.674
     4.957
     5.216
     4.902
     4.557
     5.893
     5.011
     5.517
     5.262
     3.280
     5.897
     5.518
     5.970
     5.277
     6.154
     5.879
     5.785
     4.721
     5.285
     5.467
     6.027
     5.805
     5.055
     4.620
     4.857
     4.653
     5.757
     5.950
     5.904
     6.025
     5.576
     5.926
     5.677
     5.770
     4.506
     5.740
     5.965
     5.230
     5.672
     5.379
     3.518
     5.875
     4.864
     5.168
     5.806
     5.228
     5.033
     5.778
     5.875
     5.534
     5.606
     4.828
     6.045
     5.308
     6.104
     2.844
     5.856
     5.843
     4.711
     6.351
     5.603
     5.307
     5.884
     4.696
     5.348
     5.207
     6.098
     5.385
     5.069
     5.189
     6.423
     5.582
     5.555
     6.129
     4.803
     5.973
     5.856
     5.972
     5.453
     4.421
     5.775
     5.844
     5.990
     5.464
     5.468
     5.706
     5.290
     4.932
     4.579
     6.220
     4.627
     4.881
     5.967
     5.902
     4.874
     5.383
     5.521
     5.912
     5.867
     5.388
     5.288
     5.469
     6.380
     5.726
     6.461
     5.885
     4.307
     4.253
     5.144
     5.947
     4.931
     5.059
     5.030
     6.731
     5.253
     5.660
     4.759
     5.829
     5.821
     3.864
     5.000
     4.972
     4.488
     6.113
     5.062
     5.468
     5.173
     5.316
     6.440
     5.669
     4.565
     5.832
     5.509
     5.030
     5.257
     4.585
     5.237
     5.878
     5.311
     5.783
     5.911
     5.556
     4.973
     4.073
     6.219
     5.323
     5.764
     5.773
     5.841
     5.292
     4.973
     5.153
     5.179
     4.812
     5.336
     5.411
     5.908
     5.242
     4.898
     6.535
     5.057
     4.387
     5.660
     4.800
     4.902
     5.668
     5.443
     4.640
     6.271
     6.100
     6.364
     5.585
     5.041
     4.764
     6.074
     5.705
     5.792
     5.337
     5.889
     5.452
     5.108
     4.313
     5.453
     5.310
     4.928
     6.108
     5.925
     5.260
     5.645
     6.084
     5.829
     4.773
     5.187
     4.738
     5.169
     4.069
     5.307
     4.575
     4.297
     6.344
     5.679
     4.635
     6.326
     4.897
     5.865
     3.723
     5.659
     5.568
     6.575
     6.186
     6.099
     5.451
     4.998
     5.626
     5.085
     6.283
     4.608
     4.246
     5.572
     5.585
     5.715
     5.998
     4.839
     5.825
     5.649
     4.855
     4.937
     3.743
     5.167
     5.573
     5.149
     5.789
     5.663
     5.682
     5.693
     5.792
     5.033
     6.300
     5.981
     5.550
     5.799
     5.062
     4.830
     5.889
     6.094
     4.732
     5.125
     4.678
     6.457
     6.634
     5.747
     5.328
     5.775
     5.738
     5.843
     5.112
     5.072
     5.233
     5.826
     5.543
     5.671
     4.839
     5.988
     6.557
     5.800
     6.128
     5.086
     6.502
     5.499
     5.001
     5.174
     5.474
     5.549
     6.363
     6.053
     5.745
     4.900
     5.793
     5.001
     5.110
     4.564
     5.451
     5.202
     4.313
     4.628
     4.528
     5.503
     6.418
     5.597
     4.931
     5.810
     5.693
     4.977
     5.281
     6.115
     6.178
     5.830
     5.131
     6.024
     4.427
     5.646
     5.832
     5.310
     5.939
     5.321
     5.906
     4.991
     5.298
     5.653
     5.198
     5.804
     4.875
     5.363
     5.861
     5.629
     5.873
     5.273
     5.407
     5.408
     6.129
     4.752
     5.585
     4.912
     5.155
     5.340
     5.311
     4.573
     4.708
     5.419
     5.829
     4.713
     4.753
     5.191
     6.112
     5.819
     5.553
     5.141
     5.696
     5.595
     4.440
     5.212
     5.765
     6.240
     5.169
     5.806
     5.764
     5.531
     4.925
     5.962
     5.910
     6.307
     5.434
     4.345
     4.689
     4.694
     5.078
     5.014
     6.052
     5.607
     5.809
     4.351
     5.430
     5.777
     6.568
     5.427
     6.074
     5.671
     5.236
     5.729
     5.881
     5.603
     5.148
     4.746
     6.228
     4.499
     6.504
     6.117
     5.010
     6.083
     4.862
     5.442
     4.973
     4.969
     5.167
     5.569
     5.089
     4.239
     4.320
     4.385
     6.267
     5.476
     6.146
     5.790
     4.932
     5.708
     5.124
     5.061
     5.621
     5.194
     5.205
     5.822
     5.058
     5.247
     5.171
     4.763
     5.939
     6.051
     5.357
     4.235
     5.452
     4.748
     6.001
     5.662
     5.700
     5.452
     5.896
     6.462
     5.214
     5.500
     6.290
     5.760
     5.509
     4.785
     5.965
     4.391
     5.813
     5.912
     5.500
     5.157
     5.818
     5.775
     5.320
     5.734
     6.105
     5.348
     4.899
     4.876
     5.146
     5.573
     5.258
     5.462
     5.191
     3.759
     4.699
     5.805
     5.643
     5.500
     5.602
     5.881
     5.166
     5.772
     6.031
     5.425
     5.267
     5.846
     4.606
     4.989
     5.694
     5.725
     5.226
     5.557
     5.158
     5.898
     5.460
     4.617
     5.484
     5.704
     6.457
     5.286
     5.142
     5.674
     6.199
     5.778
     5.819
     5.067
     5.613
     5.438
     5.174
     5.256
     6.379
     5.634
     5.388
     5.329
     6.133
     5.639
     6.263
     4.794
     4.791
     4.428
     5.226
     5.363
     5.969
     5.310
     5.075
     5.437
     6.312
     5.768
     5.112
     5.543
     5.985
     3.892
     4.473
     6.085
     4.985
     6.267
     5.655
     5.842
     6.004
     6.016
     5.409
     6.211
     5.081
     5.448
     5.545
     5.641
     4.354
     6.095
     4.536
     5.500
     5.598
     4.889
     3.507
     5.101
     5.017
     5.250
     5.171
     5.374
     6.166
     5.306
     3.490
     5.451
     5.859
     5.728
     6.038
     5.388
     5.216
     6.104
     4.507
     4.990
     4.025
     6.446
     6.124
     6.096
     5.036
     5.231
     4.732
     6.131
     5.478
     6.283
     5.414
     6.066
     6.687
     6.185
     5.912
     5.810
     5.660
     6.286
     5.600
     5.646
     4.486
     5.365
     4.426
     5.468
     5.828
     6.174
     5.771
     5.656
     4.893
     5.053
     4.602
     5.555
     5.500
     6.310
     5.424
     5.150
     4.807
     5.766
     5.789
     4.564
     5.425
     5.540
     5.761
     4.108
     4.544
     4.739
     5.647
     5.548
     5.882
     5.792
     4.917
     5.018
     5.144
     5.093
     5.591
     5.073
     4.706
     6.008
     5.640
     4.717
     6.195
     4.694
     5.792
     6.051
     5.715
     5.513
     4.873
     5.656
     5.585
     5.693
     4.764
     5.906
     5.660
     5.836
     5.142
     5.082
     4.837
     5.322
     5.674
     4.595
     6.003
     5.225
     5.027
     4.691
     4.373
     3.990
     4.477
     5.904
     5.507
     4.439
     4.991
     5.680
     4.990
     5.602
     4.964
     5.193
     5.940
     4.633
     5.014
     5.752
     5.518
     4.952
     4.603
     4.630
     5.145
     6.249
     5.094
     5.622
     5.503
     4.778
     5.047
     5.008
     6.080
     5.801
     6.664
     4.804
     4.895
     6.012
     6.328
     4.977
     6.616
     4.640
     5.553
     5.374
     5.339
     5.503
     5.157
     5.802
     6.100
     4.916
     5.795
     5.537
     4.952
     5.191
     4.874
     5.831
     5.649
     4.371
     5.332
     5.612
     4.816
     5.782
     5.921
     6.011
     5.210
     5.410
     3.943
     6.134
     6.252
     4.638
     4.787
     4.443
     5.817
     4.761
     5.582
     3.318
     4.805
     4.053
     5.179
     5.234
     3.539
     5.196
     5.244
     4.729
     4.812
     5.805
     6.253
     5.604
     5.197
     5.921
     5.424
     6.453
     5.437
     5.204
     5.451
     5.526
     5.378
     6.372
     5.101
     6.704
     5.429
     4.914
     6.486
     6.128
     5.800
     4.710
     5.396
     5.100
     5.726
     6.041
     5.576
     5.345
     5.762
     5.550
     5.198
     4.548
     4.856
     5.939
     5.472
     5.821
     4.843
     5.035
     4.826
     5.860
     5.648
     5.613
     4.999
     5.550
     5.349
     5.663
     5.616
     5.232
     5.133
     4.553
     5.343
     5.098
     5.247
     6.464
     5.292
     5.700
     5.819
     5.816
     5.913
     5.410
     5.732
     5.688
     5.543
     5.845
     4.928
     5.487
     5.219
     5.259
     4.755
     5.876
     5.646
     6.092
     5.452
     4.831
     4.690
     5.632
     4.835
     6.276
     5.547
     4.995
     6.018
     5.808
     4.657
     6.084
     5.135
     6.362
     5.825
     5.260
     5.611
     4.687
     5.373
     5.345
     5.661
     5.957
     5.419
     5.271
     4.404
     5.730
     5.951
     6.059
     5.114
     5.436
     5.251
     5.670
     5.757
     4.597
     5.944
     5.256
     5.485
     3.434
     5.080
     5.257
     5.483
     5.261
     4.872
     5.855
     6.309
     5.132
     5.024
     5.515
     4.931
     6.292
     5.604
     5.341
     5.886
     5.700
     4.882
     6.280
     5.188
     5.280
     5.811
     5.634
     6.456
     6.203
     5.593
     5.776
     4.485
     6.325
     4.645
     4.740
     5.851
     5.822
     4.758
     6.092
     5.910
     5.541
     5.608
     5.705
     5.092
     5.939
     4.075
     4.419
     6.033
     6.273
     4.937
     4.700
     4.463
     5.948
     4.635
     4.700
     5.461
     5.770
     5.770
     5.337
     5.446
     6.055
     6.250
     6.519
     5.224
     4.612
     5.289
     4.975
     5.624
     6.398
     5.472
     5.815
     3.394
     4.862
     5.425
     5.585
     4.789
     5.332
     5.843
     4.374
     6.290
     5.901
     6.312
     5.426
     5.194
     5.489
     4.876
     5.232
     3.381
     6.001
     5.640
     4.639
     4.741
     5.690
     5.195
     5.157
     5.014
     4.794
     5.890
     5.738
     4.537
     5.195
     5.860
     5.082
     5.718
     5.187
     5.716
     5.591
     5.002
     5.988
     5.294
     6.693
     4.601
     4.930
     6.154
     5.337
     6.053
     6.162
     5.824
     4.970
     4.420
     5.097
     4.559
     5.420
     6.320
     5.224
     6.403
     5.179
     5.522
     5.514
     5.799
     5.385
     5.351
     4.977
     5.793
     5.842
     5.286
     5.627
     5.653
     4.829
     4.816
     5.133
     4.868
     5.178
     5.641
     5.282
     5.581
     5.872
     5.994
     5.669
     5.523
     5.587
     5.899
     5.293
     6.012
     5.615
     5.125
     5.748
     5.353
     6.467
     5.308
     5.824
     5.830
     5.500
     4.825
     4.355
     5.526
     5.415
     4.735
     4.854
     4.941
     5.380
     5.818
     3.696
     4.626
     5.897
     5.053
     5.598
     5.559
     5.254
     5.465
     6.043
     5.795
     5.771
     6.352
     4.914
     5.551
     5.986
     5.027
     5.898
     4.569
     5.806
     5.732
     5.556
     6.058
     6.037
     5.056
     5.861
     5.169
     6.644
     4.742
     4.804
     5.556
     5.617
     5.915
     6.212
     5.071
     3.661
     5.491
     5.286
     5.359
     5.128
     5.220
     4.926
     4.843
     4.997
     5.456
     5.290
     5.198
     5.560
     5.651
     5.529
     5.130
     5.831
     5.913
     5.316
     5.218
     5.232
     5.766
     4.796
     4.531
     5.828
     5.430
     4.699
     6.122
     4.698
     4.843
     4.930
     5.399
     5.122
     4.965
     5.515
     4.808
     6.008
     5.750
     5.030
     4.917
     5.928
     5.880
     4.088
     4.864
     5.883
     5.086
     5.663
     6.509
     5.940
     4.738
     6.009
     5.270
     5.486
     5.753
     4.638
     6.381
     5.635
     4.892
     4.547
     6.117
     5.195
     5.277
     6.210
     5.668
     5.631
     5.789
     5.353
     5.040
     5.859
     5.027
     5.551
     6.027
     5.910
     5.410
     5.782
     4.652
     6.327
     5.258
     6.017
     5.191
     6.208
     5.681
     5.529
     5.724
     6.088
     6.409
     5.249
     5.046
     4.747
     5.467
     5.507
     6.294
     4.827
     4.903
     5.582
     5.419
     4.796
     5.819
     4.883
     5.586
     5.621
     4.649
     5.524
     4.692
     5.328
     6.517
     5.181
     6.407
     6.228
     5.845
     4.606
     5.886
     6.156
     5.886
     6.476
     4.217
     4.696
     4.760
     3.715
     6.188
     5.296
     5.652
     5.161
     5.465
     5.201
     6.383
     4.881
     5.719
     5.837
     4.122
     5.769
     4.687
     5.423
     4.089
     5.237
     5.294
     4.656
     4.772
     5.041
     5.889
     5.537
     5.211
     4.971
     5.051
     4.415
     4.844
     5.760
     5.774
     5.570
     5.151
     5.945
     5.299
     5.913
     5.074
     4.466
     5.103
     5.907
     5.955
     5.505
     5.309
     5.463
     5.633
     4.620
     6.112
     5.056
     5.028
     5.174
     5.751
     5.419
     5.844
     4.384
     5.502
     5.415
     4.747
     5.684
     5.149
     4.164
     4.919
     5.761
     5.833
     6.110
     5.644
     5.591
     6.145
     5.754
     6.047
     4.974
     5.868
     5.115
     5.783
     5.662
     4.644
     4.979
     5.130
     5.499
     4.520
     5.668
     5.790
     4.944
     6.243
     5.543
     5.729
     4.436
     4.388
     5.071
     4.878
     5.209
     4.624
     6.042
     4.985
     5.796
     6.133
     5.389
     5.579
     5.599
     5.693
     4.808
     5.798
     5.521
     5.768
     5.321
     5.968
     6.015
     5.225
     4.916
     5.460
     4.514
     5.993
     4.889
     6.238
     3.464
     4.866
     6.253
     5.887
     4.736
     6.098
     4.679
     4.936
     4.882
     4.425
     5.462
     4.967
     5.438
     5.225
     4.981
     4.597
     5.441
     5.328
     5.029
     5.008
     5.233
     5.513
     5.835
     4.709
     5.906
     4.948
     5.997
     5.562
     3.115
     4.329
     4.674
     4.492
     5.583
     4.972
     4.502
     4.853
     5.871
     5.196
     6.096
     6.217
     5.621
     6.631
     5.843
     5.805
     4.689
     5.918
     4.695
     4.388
     5.133
     5.783
     5.015
     5.543
     4.415
     4.432
     3.810
     5.555
     5.640
     5.707
     5.459
     5.237
     5.655
     5.072
     5.060
     6.240
     5.956
     5.457
     5.242
     4.698
     4.618
     4.590
     6.413
     6.095
     4.819
     5.291
     6.086
     4.907
     5.042
     5.339
     5.202
     4.131
     5.109
     6.048
     5.686
     4.902
     5.455
     5.854
     5.434
     5.824
     5.084
     6.191
     5.760
     4.554
     5.046
     5.326
     5.563
     6.032
     5.735
     6.312
     4.520
     5.057
     5.482
     5.129
     4.916
     6.002
     5.276
     5.908
     6.312
     5.284
     5.221
     5.900
     5.795
     6.111
     5.879
     5.152
     5.289
     6.388
     5.264
     5.945
     5.511
     5.304
     5.897
     5.267
     4.514
     4.827
     5.166
     5.509
     5.787
     5.319
     5.093
     6.180
     5.883
     5.198
     5.600
     6.132
     5.342
     5.799
     6.376
     4.987
     6.061
     4.670
     5.879
     5.806
     5.519
     4.988
     5.374
     5.427
     4.937
     6.095
     3.651
     5.237
     6.143
     4.907
     5.848
     5.356
     4.854
     4.903
     4.454
     5.860
     6.556
     5.407
     5.882
     5.056
     5.962
     5.191
     5.805
     5.003
     5.406
     5.826
     4.970
     5.710
     5.883
     5.148
     5.141
     6.202
     5.295
     5.931
     4.625
     5.278
     5.541
     5.432
     6.273
     5.186
     6.249
     6.154
     4.578
     5.837
     5.861
     4.354
     4.965
     5.999
     5.440
     5.787
     6.024
     5.344
     5.928
     6.280
     5.913
     4.573
     5.221
     5.572
     4.652
     5.692
     5.824
     5.379
     5.195
     4.046
     6.243
     5.914
     4.659
     4.099
     6.003
     5.374
     4.613
     3.862
     5.952
     5.227
     5.944
     5.039
     5.929
     4.355
     3.089
     6.463
     4.405
     6.452
     6.372
     6.315
     5.777
     4.739
     4.561
     5.195
     4.977
     5.905
     5.502
     4.448
     5.915
     5.068
     6.070
     4.673
     5.824
     5.552
     4.448
     4.840
     5.360
     4.715
     5.664
     5.362
     5.876
     5.862
     4.643
     5.743
     5.624
     5.883
     5.847
     5.602
     5.399
     5.883
     4.600
     6.069
     4.784
     5.064
     5.001
     4.943
     4.690
     5.652
     5.449
     6.115
     5.417
     4.471
     5.872
     5.408
     5.808
     4.647
     5.331
     4.553
     6.474
     4.972
     6.409
     5.951
     6.295
     5.449
     5.814
     4.492
     4.882
     4.579
     5.590
     4.675
     6.182
     6.470
     5.717
     5.847
     6.357
     5.455
     4.741
     4.898
     5.914
     4.683
     5.107
     5.061
     6.491
     6.386
     5.246
     5.833
     6.103
     3.127
     5.801
     5.147
     6.034
     5.522
     5.669
     6.179
     6.087
     5.873
     5.835
     5.533
     5.366
     5.463
     5.125
     5.266
     5.383
     5.278
     5.182
     5.156
     5.693
     5.285
     5.951
     5.538
     5.901
     5.685
     4.779
     6.045
     5.631
     5.087
     6.039
     4.898
     4.984
     5.462
     5.394
     5.965
     5.860
     4.646
     4.834
     4.659
     4.686
     4.638
     5.612
     5.278
     6.355
     5.372
     5.612
     4.767
     6.047
     6.468
     4.593
     6.228
     5.474
     5.821
     5.158
     4.310
     4.437
     5.260
     5.265
     5.994
     4.677
     6.435
     4.555
     6.006
     4.015
     5.614
     6.111
     5.609
     5.459
     5.186
     5.938
     5.845
     5.317
     5.801
     5.840
     5.256
     5.312
     6.209
     5.114
     4.893
     6.053
     5.168
     5.925
     5.986
     5.380
     5.155
     5.211
     5.677
     5.452
     3.357
     5.512
     4.952
     6.239
     4.388
     6.039
     5.932
     5.618
     5.390
     5.507
     5.564
     4.777
     5.435
     6.143
     5.486
     5.775
     5.958
     5.620
     6.082
     6.710
     5.524
     4.537
     5.527
     4.977
     6.380
     5.742
     5.207
     4.602
     4.114
     5.467
     5.657
     5.590
     5.702
     4.948
     5.722
     5.248
     6.007
     6.129
     5.375
     5.887
     5.537
     5.799
     5.760
     5.435
     5.635
     5.577
     6.492
     4.852
     4.556
     6.188
     6.220
     5.261
     5.321
     5.287
     4.975
     5.841
     5.491
     4.915
     5.012
     6.156
     5.770
     6.240
     6.099
     6.069
     5.824
     6.063
     4.817
     5.121
     5.849
     5.278
     4.734
     5.764
     4.006
     5.490
     5.680
     5.970
     5.815
     5.947
     5.524
     5.346
     5.520
     4.865
     4.987
     4.673
     4.894
     5.939
     5.284
     5.544
     4.830
     5.734
     6.330
     6.077
     4.809
     4.687
     4.507
     6.117
     4.938
     6.235
     4.736
     4.645
     5.030
     4.372
     5.122
     5.811
     4.951
     5.586
     5.737
     5.641
     6.360
     6.014
     4.685
     4.841
     4.659
     4.993
     5.708
     5.811
     5.275
     5.238
     5.818
     6.385
     5.469
     5.849
     5.486
     5.816
     4.910
     3.971
     5.260
     4.909
     5.186
     5.966
     4.856
     5.713
     5.728
     6.412
     4.154
     6.152
     4.153
     3.935
     5.335
     3.499
     4.771
     5.460
     6.291
     5.603
     5.087
     5.043
     5.376
     5.297
     5.212
     5.624
     5.003
     4.912
     5.306
     6.124
     6.105
     5.695
     5.462
     5.785
     5.922
     4.669
     5.746
     4.758
     5.800
     5.832
     5.439
     6.580
     5.533
     5.642
     5.469
     5.843
     5.243
     5.068
     4.854
     6.053
     4.610
     5.999
     5.780
     5.116
     5.463
     5.208
     5.591
     4.799
     5.081
     3.486
     5.521
     5.903
     5.485
     4.535
     4.628
     5.635
     4.714
     4.676
     5.368
     5.698
     5.090
     5.229
     4.813
     5.269
     4.691
     4.713
     4.515
     5.477
     6.215
     5.423
     5.648
     4.733
     5.642
     5.605
     5.586
     5.548
     5.889
     5.844
     5.035
     6.142
     5.566
     5.351
     4.746
     5.809
     5.634
     5.245
     5.132
     5.352
     6.112
     5.127
     4.374
     5.414
     5.271
     5.099
     5.601
     5.368
     5.073
     4.963
     5.110
     5.846
     6.203
     4.075
     5.640
     5.196
     5.105
     5.837
     3.676
     5.895
     6.068
     5.442
     5.895
     5.235
     5.571
     5.424
     5.733
     5.632
     5.813
     5.315
     4.870
     4.926
     6.138
     5.552
     4.755
     5.742
     5.444
     5.855
     6.235
     6.325
     6.336
     6.087
     5.195
     5.812
     5.821
     5.178
     5.054
     4.950
     5.707
     5.669
     5.720
     5.400
     4.736
     5.673
     6.066
     4.610
     5.450
     4.937
     5.971
     5.828
     6.174
     5.870
     5.396
     6.493
     4.678
     5.346
     4.823
     5.820
     5.962
     5.146
     4.488
     4.978
     6.004
     4.815
     5.574
     4.857
     3.881
     5.850
     5.068
     4.832
     5.722
     3.758
     5.585
     5.560
     5.606
     5.308
     4.645
     5.058
     5.059
     5.344
     5.387
     6.248
     6.266
     5.467
     5.391
     5.188
     5.356
     5.672
     5.621
     5.781
     4.430
     5.184
     5.087
     5.599
     6.137
     5.808
     5.610
     5.321
     5.223
     5.435
     5.441
     5.485
     5.825
     5.182
     4.549
     5.587
     5.460
     5.801
     5.561
     5.179
     4.811
     4.811
     4.757
     4.939
     6.412
     5.921
     6.164
     5.863
     3.806
     4.442
     6.093
     5.417
     5.008
     5.542
     5.534
     5.947
     5.760
     5.018
     5.963
     5.489
     5.573
     5.796
     5.113
     4.810
     5.545
     5.646
     4.680
     5.186
     5.822
     5.044
     6.233
     5.170
     4.350
     5.529
     5.281
     5.998
     5.482
     6.056
     5.930
     5.435
     5.468
     4.784
     5.691
     5.533
     5.424
     3.993
     5.995
     5.186
     5.464
     5.041
     5.586
     4.764
     5.462
     5.317
     4.766
     5.920
     5.310
     6.020
     5.008
     5.247
     6.179
     4.480
     4.883
     5.114
     6.376
     6.318
     5.603
     4.491
     5.431
     5.343
     4.284
     5.238
     4.886
     5.936
     5.120
     5.876
     4.442
     5.857
     5.987
     5.743
     5.666
     5.284
     5.645
     5.506
     5.975
     5.537
     6.059
     4.899
     5.794
     4.142
     5.869
     5.753
     5.643
     5.101
     5.463
     4.594
     6.130
     5.512
     5.256
     5.691
     5.619
     5.592
     5.244
     5.064
     6.100
     4.719
     5.978
     5.264
     4.894
     4.873
     5.055
     5.140
     5.724
     5.506
     5.603
     5.588
     5.413
     5.767
     5.112
     4.713
     5.699
     5.841
     6.119
     6.539
     5.575
     5.337
     5.282
     5.876
     6.059
     4.934
     5.865
     5.778
     6.443
     5.171
     5.645
     5.833
     5.720
     5.687
     4.955
     5.824
     5.587
     5.012
     6.364
     5.748
     5.529
     5.500
     5.982
     5.466
     5.471
     4.579
     5.637
     5.196
     5.100
     5.658
     4.869
     5.508
     5.750
     5.795
     5.769
     6.015
     5.115
     4.495
     4.995
     5.225
     5.335
     5.403
     4.859
     5.263
     6.208
     4.450
     4.718
     5.280
     5.408
     6.150
     5.162
     5.143
     5.210
     4.806
     5.767
     4.667
     6.040
     5.353
     6.079
     6.313
     5.821
     5.774
     6.041
     5.940
     4.725
     5.891
     4.646
     5.534
     5.140
     5.744
     5.888
     4.877
     5.670
     5.789
     4.490
     5.278
     4.997
     6.313
     5.132
     4.931
     4.686
     6.172
     4.490
     5.322
     5.618
     5.497
     5.027
     5.786
     5.487
     4.657
     5.092
     4.496
     5.736
     5.814
     6.298
     5.532
     5.936
     6.203
     5.871
     4.613
     6.117
     6.203
     6.267
     4.744
     5.002
     5.815
     5.674
     5.699
     4.387
     5.713
     4.736
     4.321
     4.955
     5.967
     4.122
     5.629
     4.973
     6.234
     5.919
     5.165
     5.278
     5.701
     5.399
     5.638
     4.994
     4.949
     5.684
     4.608
     4.997
     5.680
     4.234
     6.270
     5.453
     5.876
     4.984
     5.259
     5.324
     5.113
     5.945
     4.754
     4.989
     5.792
     5.462
     5.216
     5.925
     5.853
     4.241
     6.461
     5.853
     5.881
     5.908
     5.761
     5.808
     4.710
     5.598
     5.349
     5.801
     5.028
     5.178
     4.692
     5.650
     4.520
     5.676
     5.954
     5.536
     5.819
     5.536
     5.713
     5.070
     4.933
     4.610
     5.221
     4.962
     5.499
     6.189
     5.900
     5.611
     5.224
     5.693
     5.596
     5.153
     4.964
     5.941
     4.784
     4.819
     5.969
     5.867
     4.093
     3.838
     6.082
     5.759
     4.465
     5.195
     6.411
     6.214
     5.744
     6.392
     5.196
     5.988
     6.239
     5.792
     4.786
     5.072
     5.395
     5.474
     3.548
     5.576
     4.884
     5.397
     5.337
     5.597
     4.960
     6.294
     5.270
     5.260
     4.907
     4.501
     5.831
     4.815
     5.661
     3.607
     5.871
     5.532
     5.862
     4.850
     5.271
     5.738
     5.365
     5.469
     5.031
     5.718
     5.020
     4.674
     5.897
     4.628
     5.051
     5.547
     5.311
     5.607
     5.559
     4.863
     5.902
     5.416
     4.658
     5.009
     5.951
     5.753
     5.849
     5.568
     4.834
     6.355
     3.776
     5.816
     4.852
     6.276
     6.001
     5.415
     6.566
     5.099
     6.127
     5.590
     4.829
     6.023
     5.221
     5.477
     5.524
     4.277
     5.473
     5.107
     5.508
     6.024
     4.943
     4.604
     5.292
     5.952
     5.704
     5.913
     5.339
     5.365
     5.693
     5.298
     5.075
     5.951
     5.988
     4.702
     4.752
     5.237
     5.256
     4.590
     6.458
     4.107
     5.627
     5.423
     6.431
     4.465
     5.411
     5.089
     5.806
     5.182
     5.566
     5.219
     6.116
     4.833
     5.580
     6.065
     5.974
     5.822
     6.204
     4.710
     3.927
     5.742
     5.159
     5.128
     6.248
     5.659
     5.629
     5.519
     5.149
     4.255
     5.994
     5.029
     5.696
     5.224
     5.365
     4.935
     5.608
     5.487
     6.262
     6.094
     5.171
     6.570
     5.862
     4.763
     5.698
     4.901
     5.949
     5.066
     5.856
     5.042
     4.728
     5.781
     4.939
     5.272
     5.279
     4.709
     6.067
     5.615
     5.467
     5.616
     5.509
     5.097
     5.242
     4.721
     6.327
     5.241
     5.497
     4.703
     4.627
     5.590
     5.600
     2.886
     6.161
     5.029
     5.939
     6.170
     5.641
     4.698
     5.601
     5.760
     5.773
     4.743
     4.771
     6.293
     4.732
     5.113
     5.856
     5.707
     5.377
     6.035
     4.798
     5.385
     5.328
     5.509
     5.310
     5.976
     4.958
     4.809
     5.411
     5.940
     6.236
     5.370
     6.605
     5.604
     5.806
     4.892
     6.013
     4.729
     5.355
     4.252
     4.633
     6.118
     5.403
     5.269
     5.549
     5.663
     4.803
     5.195
     5.337
     5.896
     5.131
     5.794
     5.047
     5.951
     5.409
     5.965
     5.953
     5.042
     5.705
     5.292
     4.732
     4.528
     6.090
     5.385
     5.137
     5.578
     4.656
     5.290
     3.917
     5.169
     6.205
     5.424
     6.001
     5.862
     5.863
     6.401
     5.131
     5.953
     6.238
     6.182
     4.344
     4.478
     6.009
     4.507
     5.051
     5.274
     5.815
     5.695
     5.473
     5.464
     5.417
     5.407
     4.827
     6.307
     5.288
     5.304
     5.728
     6.075
     5.915
     5.097
     4.705
     6.087
     4.403
     5.172
     6.327
     5.070
     5.063
     5.661
     5.289
     4.955
     6.083
     5.604
     5.846
     4.948
     5.284
     5.351
     5.756
     5.650
     5.633
     5.871
     5.183
     4.363
     6.729
     5.907
     6.658
     4.787
     3.564
     5.628
     5.162
     4.585
     5.836
     4.520
     5.128
     4.828
     6.074
     5.014
     5.741
     5.114
     4.842
     4.923
     5.245
     5.856
     5.292
     5.829
     5.033
     5.981
     5.007
     5.856
     6.118
     5.539
     5.732
     5.327
     5.375
     4.880
     4.694
     5.780
     5.670
     5.490
     4.986
     4.686
     5.364
     5.851
     5.787
     5.708
     5.144
     5.647
     4.745
     5.099
     5.419
     3.703
     5.259
     6.063
     5.614
     5.003
     5.295
     5.199
     5.466
     4.578
     4.867
     5.741
     5.340
     4.995
     4.407
     5.040
     5.809
     6.589
     5.286
     5.435
     4.644
     5.142
     6.051
     6.096
     5.808
     6.057
     5.397
     5.494
     5.868
     5.488
     5.810
     6.382
     6.008
     5.406
     6.024
     5.821
     5.678
     5.632
     5.395
     5.458
     5.476
     4.775
     4.782
     5.577
     5.753
     4.763
     3.801
     5.706
     4.972
     6.005
     5.685
     5.181
     5.224
     6.129
     5.364
     6.006
     5.834
     4.873
     5.165
     5.373
     5.247
     5.823
     5.606
     5.874
     5.958
     5.083
     4.646
     5.834
     5.500
     5.186
     5.625
     5.238
     5.124
     5.451
     4.869
     5.829
     5.830
     5.738
     5.660
     5.525
     4.261
     5.566
     5.344
     5.096
     6.158
     5.400
     5.247
     6.215
     5.324
     5.844
     5.118
     5.897
     5.787
     6.087
     4.883
     4.898
     6.321
     5.070
     4.714
     5.644
     5.298
     5.294
     5.558
     5.463
     6.411
     5.326
     5.486
     4.555
     5.137
     5.098
     5.106
     5.064
     5.421
     5.780
     3.251
     5.388
     5.742
     4.661
     4.585
     5.942
     5.346
     5.516
     5.750
     5.526
     5.879
     6.126
     5.801
     4.892
     5.024
     5.374
     5.010
     4.859
     5.496
     6.453
     5.433
     5.490
     5.911
     5.808
     5.003
     6.493
     5.968
     5.934
     4.832
     4.656
     5.196
     4.964
     5.250
     6.256
     4.614
     5.379
     5.093
     5.755
     5.692
     4.332
     6.342
     5.385
     5.122
     4.692
     5.474
     5.612
     4.319
     4.675
     6.254
     5.611
     4.789
     5.788
     4.782
     5.168
     5.893
     5.864
     5.054
     6.042
     5.822
     6.077
     6.106
     3.993
     5.819
     4.541
     5.210
     5.490
     5.275
     5.545
     5.820
     4.708
     5.426
     4.984
     4.001
     6.034
     5.176
     5.583
     5.934
     4.641
     5.601
     4.970
     4.501
     5.724
     5.720
     5.086
     5.536
     6.153
     4.980
     6.332
     5.829
     5.745
     5.527
     5.301
     5.712
     5.047
     5.732
     5.997
     5.846
     6.137
     5.926
     5.608
     5.844
     5.699
     3.350
     4.687
     4.559
     5.625
     5.738
     5.449
     5.056
     4.870
     5.820
     5.536
     4.985
     5.666
     5.151
     5.048
     4.630
     6.436
     5.056
     5.878
     5.266
     4.830
     5.340
     6.147
     4.411
     5.878
     4.199
     5.935
     6.193
     5.841
     4.649
     5.605
     5.515
     5.001
     4.693
     5.709
     5.701
     5.807
     4.688
     3.811
     5.298
     5.203
     5.922
     4.907
     5.738
     5.131
     5.830
     4.989
     4.506
     5.510
     5.470
     5.407
     5.937
     6.035
     4.438
     5.637
     5.549
     5.720
     5.009
     5.650
     6.068
     6.191
     6.077
     6.096
     4.581
     5.966
     5.956
     5.845
     5.552
     5.651
     6.247
     4.901
     4.577
     5.072
     5.236
     4.425
     5.528
     5.314
     3.078
     5.053
     5.599
     6.113
     6.124
     5.898
     5.782
     4.087
     6.126
     6.082
     4.372
     5.613
     5.558
     6.141
     5.859
     5.927
     5.164
     5.498
     5.169
     5.996
     5.390
     5.255
     5.217
     5.084
     5.004
     5.428
     6.245
     5.973
     4.875
     5.405
     5.735
     5.898
     5.481
     4.866
     3.545
     4.790
     5.312
     5.769
     5.239
     5.787
     4.991
     6.189
     5.041
     5.841
     5.323
     5.306
     4.460
     5.242
     5.266
     6.154
     3.626
     6.096
     6.236
     6.165
     4.559
     5.515
     6.154
     5.595
     5.024
     5.003
     5.811
     5.588
     6.024
     5.167
     5.872
     5.868
     5.507
     5.717
     4.899
     6.267
     4.894
     5.331
     5.576
     5.790
     4.648
     5.394
     4.208
     5.010
     5.959
     5.510
     5.084
     5.342
     4.882
     5.213
     4.987
     4.505
     4.778
     5.233
     6.292
     4.722
     5.658
     5.714
     3.686
     4.200
     3.408
     5.601
     5.760
     5.388
     4.985
     4.854
     4.695
     5.058
     5.915
     5.435
     6.356
     5.718
     3.627
     5.825
     5.912
     5.772
     5.795
     5.458
     6.159
     5.938
     5.966
     5.415
     5.669
     4.158
     4.780
     5.924
     6.172
     4.914
     4.813
     5.997
     6.059
     5.644
     6.094
     6.523
     5.579
     5.711
     5.370
     5.163
     5.121
     5.205
     5.809
     6.022
     5.970
     5.497
     4.476
     4.880
     4.203
     5.103
     6.242
     5.471
     6.017
     5.139
     4.211
     5.616
     5.501
     5.045
     5.183
     5.946
     4.708
     5.525
     4.714
     5.151
     5.023
     4.890
     4.583
     5.065
     6.403
     5.186
     6.095
     6.396
     5.718
     6.161
     5.928
     5.016
     6.181
     5.434
     4.899
     5.868
     5.018
     4.738
     6.176
     5.181
     4.885
     5.947
     5.330
     5.137
     5.604
     4.796
     5.384
     5.390
     5.872
     5.657
     4.907
     5.958
     6.243
     5.895
     5.858
     4.402
     5.389
     5.535
     4.177
     5.673
     5.925
     5.625
     6.230
     5.909
     5.349
     4.963
     6.348
     5.681
     6.288
     6.021
     5.382
     5.560
     5.345
     5.528
     4.947
     5.738
     5.292
     5.018
     5.743
     5.552
     5.099
     5.975
     5.138
     6.229
     5.819
     5.267
     5.766
     5.914
     5.951
     5.701
     5.943
     5.980
     5.120
     4.755
     6.568
     4.676
     6.298
     4.807
     6.410
     5.777
     5.780
     5.756
     5.361
     6.093
     4.484
     6.358
     4.135
     5.606
     5.515
     5.006
     6.268
     5.268
     5.823
     5.595
     5.728
     5.578
     5.150
     6.200
     5.238
     5.402
     4.628
     6.553
     6.097
     6.147
     4.917
     5.089
     5.926
     5.778
     5.349
     5.120
     5.896
     5.691
     5.497
     5.994
     5.676
     5.284
     5.742
     5.418
     4.821
     5.724
     3.056
     6.092
     4.740
     4.856
     5.788
     5.453
     4.202
     5.537
     6.016
     5.780
     5.441
     4.985
     6.449
     4.200
     5.469
     6.308
     5.013
     5.800
     5.169
     3.734
     5.906
     5.700
     5.264
     5.893
     5.195
     6.216
     5.725
     5.344
     5.480
     6.013
     5.611
     5.281
     4.591
     4.902
     6.036
     4.563
     6.090
     5.687
     6.146
     6.005
     6.070
     3.510
     6.332
     6.487
     5.632
     6.436
     4.790
     5.764
     5.770
     6.151
     5.690
     5.394
     5.766
     5.237
     4.894
     5.828
     5.867
     5.429
     5.544
     5.138
     5.598
     4.804
     4.835
     5.496
     5.348
     5.146
     5.129
     5.429
     4.676
     5.978
     5.659
     4.933
     4.812
     3.855
     5.484
     4.956
     4.925
     5.659
     5.392
     4.684
     5.870
     6.591
     4.864
     5.778
     5.825
     5.150
     6.106
     5.220
     4.931
     5.955
     5.460
     4.736
     5.869
     5.822
     4.477
     4.347
     5.311
     6.006
     5.121
     5.892
     5.372
     5.799
     5.468
     4.680
     5.613
     6.306
     3.773
     5.201
     4.665
     5.867
     5.658
     6.177
     6.244
     5.895
     5.535
     6.196
     6.045
     5.645
     5.355
     4.619
     5.912
     5.676
     5.881
     4.802
     6.241
     4.304
     5.601
     5.017
     5.801
     5.786
     6.047
     5.899
     6.411
     5.819
     4.232
     5.219
     5.131
     6.143
     6.052
     4.960
     4.676
     5.429
     6.493
     6.269
     5.649
     4.730
     4.699
     4.214
     5.868
     5.079
     5.880
     5.352
     5.263
     4.927
     5.497
     5.162
     5.213
     5.421
     5.398
     5.405
     5.825
     6.418
     5.213
     5.304
     4.962
     5.912
     5.865
     5.083
     5.675
     4.557
     5.768
     4.955
     6.766
     6.128
     4.451
     4.398
     6.101
     5.075
     5.041
     6.109
     5.265
     5.462
     5.107
     4.862
     6.403
     5.149
     5.246
     5.412
     4.987
     6.021
     5.785
     5.736
     4.047
     5.265
     6.331
     5.656
     3.816
     4.330
     5.106
     6.001
     4.954
     6.321
     5.068
     5.570
     5.022
     5.914
     6.500
     5.368
     5.695
     5.300
     6.038
     4.930
     5.717
     5.782
     5.724
     5.887
     5.753
     5.853
     5.501
     4.861
     5.415
     6.273
     4.859
     5.886
     6.036
     5.496
     5.338
     5.060
     5.499
     5.318
     4.467
     5.010
     5.604
     4.319
     6.225
     5.460
     4.741
     5.467
     4.588
     4.910
     5.509
     5.832
     6.028
     5.610
     5.605
     5.585
     6.131
     5.910
     6.163
     5.931
     5.529
     5.938
     5.843
     6.271
     4.635
     5.857
     5.700
     5.937
     6.204
     6.138
     5.732
     5.778
     5.183
     5.126
     6.283
     4.939
     5.410
     5.873
     5.189
     6.283
     6.346
     6.352
     5.741
     6.144
     6.147
     4.569
     5.801
     5.952
     5.656
     5.780
     5.941
     5.564
     4.013
     5.826
     4.448
     6.396
     6.376
     5.537
     4.747
     4.196
     5.239
     5.236
     5.888
     6.264
     6.333
     6.062
     5.640
     6.148
     4.248
     6.142
     5.536
     5.118
     5.280
     5.507
     5.315
     5.719
     6.087
     5.077
     5.434
     5.088
     5.819
     5.817
     5.849
     4.620
     5.690
     5.916
     4.823
     5.548
     5.880
     5.032
     5.225
     5.744
     4.843
     5.573
     5.348
     5.868
     4.915
     5.300
     5.647
     5.269
     5.416
     5.372
     5.872
     5.119
     5.732
     3.546
     6.123
     5.849
     5.560
     4.402
     5.967
     5.365
     5.404
     4.775
     5.806
     5.698
     4.673
     4.916
     5.683
     5.984
     5.943
     5.500
     4.370
     5.265
     5.761
     4.824
     4.772
     5.397
     5.747
     5.080
     5.793
     5.094
     6.041
     4.326
     5.374
     5.866
     5.965
     5.773
     4.492
     4.769
     5.455
     5.237
     5.266
     5.251
     5.624
     5.693
     6.224
     4.800
     5.681
     4.342
     5.062
     4.643
     5.378
     5.221
     4.907
     5.214
     5.732
     5.038
     4.493
     5.863
     5.426
     5.411
     4.039
     4.923
     5.783
     4.718
     6.705
     5.817
     4.810
     4.902
     5.040
     6.182
     5.811
     5.341
     4.313
     6.209
     4.555
     5.458
     5.359
     4.691
     5.999
     5.891
     5.431
     5.826
     5.016
     5.247
     4.966
     6.123
     3.979
     6.447
     3.558
     4.729
     4.533
     5.328
     5.369
     5.666
     5.183
     5.838
     6.275
     5.103
     5.330
     6.099
     4.640
     4.879
     5.010
     5.181
     6.180
     5.172
     5.091
     5.075
     5.288
     5.778
     5.000
     5.568
     4.779
     5.298
     6.101
     5.992
     5.636
     5.250
     5.655
     6.241
     5.935
     5.018
     5.112
     5.769
     4.671
     5.792
     4.724
     4.939
     5.355
     4.832
     5.559
     5.816
     6.108
     5.483
     3.335
     5.798
     4.868
     4.983
     5.316
     5.892
     5.010
     5.065
     4.978
     5.589
     5.279
     6.042
     6.325
     6.045
     5.006
     5.979
     5.295
     4.417
     4.666
     5.797
     4.831
     4.583
     5.026
     5.112
     5.109
     5.227
     5.444
     5.569
     4.880
     5.980
     5.425
     5.895
     5.586
     5.889
     5.961
     5.628
     6.070
     4.890
     4.911
     5.737
     4.773
     6.374
     6.432
     5.175
     5.855
     5.782
     5.823
     4.859
     5.580
     5.750
     5.372
     6.211
     5.512
     5.587
     5.615
     5.920
     5.195
     5.800
     6.242
     5.124
     4.827
     6.489
     4.265
     4.943
     5.320
     5.119
     5.385
     5.598
     5.192
     6.174
     6.184
     5.808
     4.816
     5.442
     5.475
     6.027
     5.784
     5.810
     5.388
     5.544
     4.138
     5.142
     5.477
     6.057
     5.534
     5.639
     6.685
     5.674
     5.493
     4.837
     4.975
     5.631
     6.058
     5.495
     3.780
     5.645
     6.005
     6.144
     6.065
     4.525
     6.126
     5.823
     6.060
     6.022
     6.163
     5.902
     5.110
     5.562
     4.971
     5.705
     5.392
     5.884
     5.860
     5.298
     4.627
     4.861
     4.835
     5.893
     4.056
     4.815
     5.188
     5.905
     5.823
     5.153
     5.220
     6.351
     5.202
     5.912
     6.081
     4.695
     5.712
     5.942
     5.328
     4.684
     6.250
     4.812
     5.871
     5.232
     5.192
     6.342
     5.079
     5.888
     5.698
     5.406
     4.392
     5.549
     6.749
     6.014
     5.878
     5.689
     5.108
     4.198
     6.283
     6.011
     5.058
     4.915
     5.696
     4.390
     5.718
     5.480
     4.559
     5.130
     5.853
     4.738
     5.857
     5.499
     5.869
     5.294
     4.658
     5.398
     5.010
     6.176
     4.398
     4.868
     5.908
     5.992
     6.371
     6.371
     5.127
     5.526
     5.100
     5.346
     6.274
     5.841
     4.990
     5.447
     4.887
     5.717
     5.744
     5.716
     5.772
     5.666
     4.829
     6.530
     5.587
     5.096
     5.810
     5.825
     5.599
     5.789
     5.742
     5.899
     4.632
     6.201
     6.034
     5.665
     5.659
     5.695
     5.699
     6.198
     5.741
     5.482
     5.724
     5.190
     4.920
     5.185
     5.669
     4.873
     5.463
     6.173
     5.629
     5.660
     5.596
     5.638
     5.149
     4.698
     5.004
     5.182
     4.577
     5.682
     5.824
     5.896
     6.103
     4.527
     4.327
     6.232
     5.867
     5.213
     4.802
     5.605
     6.164
     5.726
     5.562
     4.044
     5.460
     5.809
     4.999
     5.132
     5.088
     5.311
     5.326
     5.400
     4.890
     5.813
     6.026
     4.442
     5.923
     5.718
     5.592
     5.111
     5.209
     4.400
     6.047
     4.653
     4.597
     5.120
     5.236
     5.027
     6.171
     5.526
     5.785
     4.032
     5.207
     4.446
     5.498
     5.192
     4.404
     6.078
     5.216
     5.018
     6.389
     5.483
     5.006
     6.624
     5.727
     4.647
     5.323
     5.677
     6.060
     5.417
     5.349
     4.941
     4.976
     5.329
     5.392
     5.639
     5.494
     4.335
     5.025
     6.383
     4.936
     5.710
     5.696
     5.622
     6.093
     5.661
     6.390
     6.009
     5.777
     5.632
     5.652
     5.387
     6.730
     6.011
     5.442
     5.358
     6.336
     5.551
     6.077
     5.403
     5.464
     5.256
     6.315
     4.992
     6.342
     5.670
     6.672
     4.851
     5.635
     5.130
     4.678
     4.715
     6.254
     5.253
     3.723
     5.844
     4.780
     4.829
     4.762
     5.243
     4.376
     6.080
     5.090
     4.990
     6.007
     5.915
     5.172
     4.983
     5.202
     6.084
     5.320
     5.973
     5.694
     5.040
     5.479
     4.944
     5.874
     5.436
     5.115
     3.626
     6.165
     6.588
     5.197
     5.822
     5.756
     5.878
     5.791
     6.089
     5.727
     6.204
     4.710
     4.747
     6.058
     4.922
     4.741
     4.675
     5.043
     5.152
     4.651
     5.455
     5.235
     5.698
     4.688
     5.351
     5.198
     5.489
     4.903
     4.188
     6.079
     5.423
     5.410
     5.098
     5.757
     5.379
     5.613
     5.875
     5.369
     5.741
     5.647
     5.188
     4.840
     5.472
     5.178
     5.775
     6.043
     6.233
     6.177
     6.184
     6.077
     5.023
     6.054
     3.375
     5.980
     5.961
     6.103
     5.955
     4.770
     5.964
     5.162
     4.998
     6.425
     4.922
     4.665
     6.286
     5.173
     5.823
     4.963
     5.348
     6.107
     5.205
     5.813
     5.883
     5.768
     4.920
     4.621
     5.609
     4.238
     5.440
     5.671
     5.573
     5.778
     4.384
     5.127
     5.512
     5.573
     5.587
     5.069
     5.785
     4.589
     5.909
     4.969
     4.978
     5.650
     5.396
     4.637
     5.315
     4.892
     4.706
     4.986
     6.253
     5.585
     5.440
     4.694
     5.676
     5.776
     6.110
     6.038
     4.120
     4.551
     4.826
     5.433
     5.057
     3.323
     5.070
     6.320
     6.095
     5.227
     5.870
     4.722
     6.029
     5.565
     5.574
     5.330
     5.219
     5.491
     5.568
     5.275
     5.554
     5.858
     6.590
     5.324
     5.885
     5.470
     5.075
     5.802
     5.467
     4.799
     5.559
     4.325
     6.382
     5.811
     5.352
     5.149
     5.498
     5.041
     5.523
     5.899
     5.823
     4.845
     4.946
     5.356
     6.036
     5.866
     4.975
     6.001
     5.910
     5.628
     5.941
     5.209
     5.262
     5.779
     6.363
     6.485
     5.730
     5.426
     5.945
     5.482
     6.061
     6.099
     5.082
     5.576
     4.621
     5.119
     3.233
     5.456
     5.828
     5.445
     4.938
     5.365
     5.206
     5.799
     5.113
     5.688
     4.894
     4.884
     4.617
     4.436
     5.934
     4.708
     5.465
     5.945
     6.106
     6.325
     5.336
     6.210
     4.956
     3.353
     5.144
     5.828
     5.759
     5.986
     5.708
     4.902
     5.595
     5.060
     5.827
     5.207
     4.825
     6.069
     5.784
     5.704
     5.446
     5.694
     5.467
     6.202
     6.499
     4.615
     4.700
     4.975
     5.581
     5.767
     3.907
     4.571
     6.507
     5.103
     5.807
     4.650
     5.664
     5.586
     5.867
     5.299
     5.491
     6.420
     4.849
     4.815
     5.478
     4.371
     5.193
     6.282
     6.282
     6.179
     6.485
     5.951
     4.946
     4.599
     4.244
     6.091
     6.082
     5.125
     6.213
     4.410
     5.883
     4.853
     4.986
     4.363
     5.075
     4.708
     5.530
     5.806
     5.003
     4.442
     5.245
     5.603
     4.894
     5.756
     5.451
     5.811
     5.049
     5.924
     5.897
     6.153
     5.790
     4.796
     6.329
     5.890
     5.206
     5.579
     5.924
     5.698
     5.146
     6.441
     4.644
     5.907
     6.108
     4.890
     5.417
     5.502
     5.465
     6.031
     5.889
     5.632
     6.224
     5.465
     4.661
     4.457
     5.903
     6.148
     4.912
     5.148
     5.817
     5.411
     5.948
     4.950
     5.984
     5.011
     5.632
     5.668
     5.645
     5.811
     5.882
     5.314
     5.501
     5.252
     5.528
     5.771
     5.664
     5.019
     5.802
     3.835
     5.903
     5.672
     4.108
     5.272
     5.282
     5.088
     6.008
     5.690
     5.858
     5.528
     5.605
     6.092
     5.323
     6.178
     5.397
     6.182
     5.121
     5.755
     5.877
     5.869
     5.360
     5.503
     5.143
     5.080
     5.701
     3.723
     6.193
     6.237
     5.266
     4.896
     5.639
     5.111
     5.193
     4.990
     5.553
     5.077
     5.206
     5.804
     5.910
     6.192
     5.208
     4.528
     4.779
     5.866
     5.997
     6.352
     5.203
     4.777
     5.954
     5.163
     5.050
     5.796
     6.682
     4.592
     5.531
     5.657
     5.853
     5.563
     5.809
     5.728
     6.358
     4.503
     5.759
     6.589
     5.436
     5.206
     5.508
     4.890
     4.934
     4.978
     6.028
     5.800
     4.902
     6.410
     4.435
     3.152
     5.679
     4.616
     5.925
     5.877
     5.883
     4.888
     5.847
     5.387
     4.881
     5.207
     5.699
     5.630
     5.683
     4.808
     5.115
     4.896
     5.643
     6.411
     5.656
     5.775
     5.758
     5.823
     5.642
     6.047
     5.995
     5.595
     5.136
     5.291
     5.003
     5.453
     4.974
     5.379
     5.560
     4.558
     5.970
     4.471
     5.258
     5.259
     5.996
     6.150
     4.990
     6.031
     5.484
     6.014
     5.757
     4.715
     5.915
     5.517
     5.861
     4.885
     5.631
     4.474
     4.952
     6.180
     5.358
     5.879
     5.521
     5.008
     6.302
     5.990
     5.728
     5.621
     5.407
     4.894
     5.205
     4.621
     5.937
     5.293
     5.930
     6.278
     4.527
     4.482
     5.753
     6.622
     6.280
     6.347
     6.101
     5.338
     4.432
     5.802
     6.304
     6.312
     5.563
     6.104
     5.207
     4.901
     5.926
     4.785
     5.831
     6.664
     4.718
     4.836
     5.538
     5.809
     5.221
     4.831
     4.193
     5.924
     5.611
     4.918
     5.715
     5.779
     5.029
     5.970
     6.388
     6.188
     5.981
     6.334
     6.090
     5.027
     5.274
     4.112
     5.413
     4.703
     4.860
     4.733
     4.972
     5.641
     5.919
     5.929
     5.754
     5.727
     4.787
     5.611
     5.319
     5.560
     5.031
     3.942
     5.833
     5.230
     5.711
     4.490
     5.077
     4.596
     5.231
     4.577
     5.130
     5.793
     5.681
     4.896
     5.975
     4.850
     4.942
     5.480
     6.099
     5.692
     5.636
     5.070
     5.019
     5.598
     5.194
     5.838
     5.298
     5.973
     4.486
     5.463
     6.301
     5.120
     4.594
     5.508
     5.866
     5.537
     4.738
     5.902
     5.542
     5.306
     6.049
     6.070
     5.584
     5.835
     5.860
     6.048
     5.233
     6.065
     5.500
     5.419
     5.453
     5.809
     5.261
     5.965
     4.843
     6.286
     5.597
     5.057
     5.886
     6.105
     5.770
     4.543
     6.168
     4.741
     5.811
     5.810
     5.649
     5.673
     5.620
     6.094
     4.967
     5.644
     5.125
     4.795
     4.796
     5.313
     5.432
     5.418
     5.410
     5.435
     5.743
     4.448
     3.837
     6.412
     5.055
     5.715
     6.144
     4.932
     5.551
     5.589
     4.980
     5.447
     6.187
     6.031
     4.499
     5.109
     5.572
     3.884
     6.627
     5.133
     5.672
     5.899
     6.432
     5.617
     4.977
     5.473
     4.816
     5.557
     6.103
     5.954
     5.302
     6.052
     5.287
     5.863
     5.149
     4.910
     6.019
     5.593
     5.839
     5.909
     5.754
     5.144
     5.237
     5.358
     5.167
     5.814
     4.514
     4.966
     6.041
     5.790
     5.483
     6.202
     5.397
     5.889
     5.663
     4.458
     5.578
     5.315
     6.197
     5.321
     5.812
     5.730
     3.801
     5.363
     4.840
     5.200
     5.864
     6.445
     6.091
     4.632
     6.307
     4.557
     6.209
     4.650
     6.459
     5.814
     5.106
     6.062
     4.831
     5.676
     5.477
     4.629
     6.431
     5.926
     4.890
     5.297
     5.824
     5.216
     6.253
     5.064
     5.591
     5.854
     5.246
     4.620
     5.699
     5.410
     5.483
     5.175
     4.571
     5.789
     5.653
     5.868
     5.144
     5.138
     4.556
     4.789
     4.711
     5.463
     5.455
     5.641
     4.753
     5.843
     4.391
     4.820
     5.868
     4.976
     3.905
     5.074
     4.424
     5.262
     5.789
     5.501
     5.861
     4.897
     5.193
     4.239
     4.738
     5.880
     4.887
     4.632
     5.720
     5.722
     6.091
     5.795
     5.533
     4.673
     6.223
     5.374
     4.858
     5.802
     5.141
     4.970
     4.955
     4.798
     5.356
     5.743
     4.948
     3.612
     5.540
     5.554
     5.020
     5.782
     5.465
     5.901
     5.939
     5.824
     5.743
     5.565
     6.197
     5.844
     5.842
     5.390
     5.487
     6.147
     5.712
     4.883
     5.577
     5.720
     4.519
     5.427
     5.948
     5.178
     5.322
     5.685
     6.269
     4.580
     4.710
     6.215
     5.950
     4.916
     5.556
     5.599
     5.062
     5.994
     6.317
     5.153
     5.684
     5.512
     6.005
     5.278
     5.545
     5.240
     4.961
     6.140
     5.710
     5.292
     4.630
     5.230
     5.668
     5.921
     5.857
     4.950
     4.971
     5.546
     6.039
     5.630
     5.107
     3.952
     6.069
     5.645
     5.762
     5.145
     5.163
     5.368
     5.839
     5.819
     5.021
     6.340
     6.426
     6.098
     4.803
     4.809
     5.392
     5.777
     5.115
     2.908
     5.907
     3.137
     5.123
     5.014
     4.778
     5.502
     5.211
     5.675
     5.394
     4.688
     5.863
     5.420
     3.934
     5.280
     2.795
     6.108
     5.980
     6.046
     5.601
     4.786
     5.129
     6.222
     5.530
     6.292
     4.979
     5.918
     5.792
     5.179
     5.184
     6.373
     6.104
     5.563
     6.073
     5.281
     6.100
     5.203
     3.622
     4.998
     6.479
     5.052
     4.941
     6.296
     5.300
     5.648
     5.316
     5.614
     5.244
     5.493
     3.848
     5.849
     6.107
     4.965
     5.564
     5.771
     5.761
     5.855
     6.255
     5.435
     4.399
     5.259
     5.893
     5.663
     4.890
     5.120
     5.167
     5.551
     5.216
     5.826
     5.012
     4.999
     5.036
     5.292
     3.911
     5.098
     5.184
     5.218
     5.073
     5.813
     5.463
     4.468
     5.814
     5.483
     6.051
     4.782
     5.689
     5.479
     5.031
     5.196
     5.478
     5.833
     5.253
     5.082
     4.495
     4.611
     4.453
     4.680
     5.961
     5.169
     5.882
     5.912
     5.646
     5.077
     5.110
     5.525
     5.060
     5.788
     5.461
     5.455
     5.846
     4.980
     5.201
     4.827
     6.156
     5.417
     5.486
     5.138
     5.077
     5.223
     5.583
     5.276
     6.165
     5.581
     5.939
     5.915
     5.291
     4.535
     5.644
     5.173
     5.136
     6.067
     5.855
     5.694
     5.654
     5.605
     4.916
     5.488
     5.064
     5.137
     5.227
     5.914
     4.326
     5.576
     5.249
     5.482
     4.492
     4.678
     4.883
     6.429
     4.989
     5.245
     4.851
     5.360
     6.496
     5.053
     4.893
     4.464
     4.953
     5.922
     6.295
     5.351
     5.581
     4.959
     6.291
     5.258
     6.140
     5.113
     5.394
     5.511
     5.133
     5.430
     5.621
     5.568
     5.018
     4.927
     6.223
     6.005
     4.874
     5.572
     4.898
     4.724
     5.232
     5.829
     5.911
     5.871
     4.581
     5.229
     4.403
     5.727
     5.041
     4.110
     4.638
     6.158
     5.932
     5.638
     5.736
     4.726
     5.834
     4.558
     3.984
     5.025
     4.258
     5.991
     5.248
     6.025
     6.274
     5.464
     5.406
     4.943
     5.819
     5.679
     5.930
     4.601
     5.533
     5.637
     5.055
     4.963
     5.343
     5.078
     6.056
     5.017
     3.827
     6.344
     5.568
     5.709
     5.002
     5.621
     5.578
     5.433
     5.865
     5.832
     5.606
     5.812
     5.017
     5.206
     4.220
     4.634
     4.724
     5.569
     5.375
     5.482
     5.429
     6.453
     5.684
     4.797
     4.725
     5.359
     5.158
     5.805
     4.853
     5.062
     2.521
     5.391
     5.368
     5.766
     4.960
     4.634
     6.114
     6.332
     5.903
     5.305
     5.564
     5.979
     5.797
     5.328
     5.447
     6.124
     5.400
     6.110
     4.561
     5.112
     6.058
     5.845
     5.077
     6.220
     5.967
     6.430
     5.297
     5.212
     5.766
     5.260
     4.985
     5.088
     4.880
     5.300
     5.496
     5.682
     6.216
     5.296
     4.594
     5.081
     4.481
     5.804
     5.362
     5.036
     5.712
     5.152
     5.577
     5.552
     4.866
     4.462
     5.815
     5.027
     5.475
     5.802
     5.057
     5.993
     5.486
     5.204
     4.900
     5.199
     4.999
     6.128
     5.423
     6.493
     6.314
     4.482
     4.877
     5.011
     5.736
     4.946
     6.421
     4.632
     5.524
     4.802
     5.797
     5.413
     6.392
     5.168
     5.635
     5.843
     5.061
     5.402
     5.912
     5.538
     5.605
     5.632
     5.223
     5.080
     5.249
     5.012
     5.764
     5.007
     6.204
     6.566
     4.911
     4.723
     5.764
     4.460
     6.156
     5.744
     5.882
     5.963
     4.399
     5.031
     5.676
     5.195
     5.932
     5.921
     5.114
     5.426
     5.524
     4.863
     5.696
     5.053
     5.783
     5.473
     6.406
     5.412
     6.153
     5.993
     5.325
     5.968
     5.672
     5.097
     5.918
     6.172
     4.991
     4.837
     5.339
     5.271
     5.076
     5.374
     6.474
     5.557
     6.142
     5.596
     5.124
     4.571
     5.750
     5.835
     5.977
     5.603
     5.361
     5.843
     5.247
     5.864
     5.256
     5.648
     4.145
     6.153
     5.298
     4.731
     5.206
     5.835
     4.972
     6.034
     4.664
     5.812
     5.165
     4.675
     4.731
     4.724
     5.675
     6.684
     3.714
     5.753
     5.710
     5.754
     5.732
     4.973
     6.416
     5.692
     5.365
     5.008
     5.341
     6.278
     5.962
     5.121
     5.847
     6.302
     6.490
     5.347
     5.929
     4.431
     5.443
     5.280
     4.830
     4.253
     5.084
     5.316
     5.454
     5.902
     5.514
     5.205
     5.756
     5.861
     6.247
     5.024
     4.814
     6.119
     5.013
     6.125
     5.689
     4.570
     4.601
     5.112
     4.972
     5.938
     5.817
     5.901
     4.285
     6.107
     6.044
     5.275
     6.111
     5.453
     5.484
     5.839
     5.319
     4.882
     4.405
     5.700
     5.562
     5.977
     4.637
     4.735
     5.117
     5.155
