     5.218
     5.086
     5.163
     5.076
     4.980
     4.863
     4.659
     4.490
     4.451
     4.463
     4.464
     4.528
     4.610
     4.617
     4.584
     4.526
     4.444
     4.378
     4.342
     4.347
     4.389
     4.480
     4.593
     4.686
     4.752
     4.778
     4.785
     4.794
     4.802
     4.782
     4.788
     4.768
     4.760
     4.741
     4.779
     4.788
     4.791
     4.805
     4.855
     4.897
     5.090
     5.193
     5.310
     5.424
     5.490
     5.609
     5.664
     5.695
     5.701
     5.668
     5.603
     5.520
     5.477
     5.399
     5.340
     5.278
     5.255
     5.218
     5.170
     5.137
     5.094
     5.060
     5.084
     5.143
     5.173
     5.222
     5.283
     5.330
     5.358
     5.352
     5.333
     5.322
     5.328
     5.328
     5.322
     5.369
     5.425
     5.502
     5.638
     5.765
     5.862
     5.891
     5.851
     5.828
     5.790
     5.723
     5.799
     5.885
     6.103
     6.280
     6.360
     6.360
     6.320
     6.241
     6.117
     6.016
     5.901
     5.792
     5.655
     5.506
     5.111
     4.827
     4.543
     4.490
     4.539
     4.648
     4.783
     5.031
     5.123
     5.249
     5.380
     5.526
     5.571
     5.537
     5.521
     5.545
     5.487
     5.472
     5.327
     5.290
     5.223
     5.167
     5.131
     5.077
     5.019
     4.877
     4.711
     4.541
     4.361
     4.270
     4.432
     4.753
     4.898
     4.853
     4.827
     4.812
     4.831
     4.933
     5.157
     5.197
     5.191
     5.217
     5.374
     5.528
     5.590
     5.640
     5.686
     5.683
     5.648
     5.626
     5.601
     5.547
     5.520
     5.444
     5.384
     5.423
     5.481
     5.533
     5.650
     5.745
     5.754
     5.653
     5.481
     5.255
     4.846
     4.553
     4.259
     4.198
     4.172
     4.202
     4.220
     4.295
     4.357
     4.400
     4.458
     4.493
     4.646
     4.677
     4.732
     4.900
     5.014
     5.222
     5.400
     5.637
     5.833
     5.899
     5.883
     5.843
     5.799
     5.797
     5.750
     5.721
     5.670
     5.610
     5.561
     5.498
     5.478
     5.467
     5.461
     5.418
     5.325
     5.243
     5.172
     5.122
     5.122
     5.083
     4.987
     4.836
     4.870
     5.129
     5.327
     5.426
     5.496
     5.587
     5.757
     5.936
     6.009
     6.027
     5.982
     5.916
     5.788
     5.485
     5.130
     4.541
     4.314
     4.781
     5.072
     5.379
     5.617
     5.811
     5.964
     6.093
     6.124
     6.133
     6.123
     6.094
     5.980
     5.866
     5.732
     5.490
     5.193
     4.965
     5.097
     5.405
     5.486
     5.472
     5.410
     5.377
     5.348
     5.341
     5.363
     5.383
     5.383
     5.352
     5.284
     5.232
     5.156
     5.037
     4.902
     4.784
     4.672
     4.622
     4.597
     4.564
     4.583
     4.616
     4.706
     4.832
     4.944
     4.984
     5.090
     5.180
     5.236
     5.253
     6.605
     4.526
     5.326
     5.866
     6.011
     5.666
     5.588
     4.867
     4.794
     5.768
     5.801
     5.827
     6.075
     5.412
     5.610
     5.464
     5.932
     5.918
     4.994
     4.929
     4.048
     5.387
     6.270
     5.145
     5.987
     5.772
     5.623
     4.761
     5.719
     5.820
     5.817
     5.859
     4.709
     4.620
     5.043
     4.379
     5.319
     5.083
     5.185
     5.546
     5.064
     3.672
     4.692
     5.210
     5.739
     5.657
     5.763
     5.540
     5.343
     5.808
     5.079
     4.836
     6.196
     5.975
     5.553
     5.800
     6.002
     6.295
     5.589
     5.427
     5.791
     5.766
     6.178
     6.009
     6.229
     4.120
     5.644
     6.219
     5.713
     5.140
     5.869
     2.877
     5.831
     5.035
     5.255
     5.975
     5.249
     5.766
     4.866
     5.610
     4.277
     4.902
     4.327
     5.063
     5.961
     4.665
     5.029
     6.575
     6.256
     3.964
     4.423
     5.916
     4.180
     5.126
     5.373
     5.335
     4.599
     4.737
     5.725
     5.498
     5.272
     5.429
     4.024
     5.864
     5.170
     4.995
     5.499
     5.254
     4.863
     5.301
     5.512
     5.619
     5.119
     5.825
     5.392
     6.169
     4.724
     4.934
     5.574
     6.236
     5.803
     5.309
     5.105
     5.612
     5.246
     4.562
     5.722
     5.484
     5.610
     5.045
     5.789
     5.990
     5.271
     5.355
     5.806
     4.594
     6.224
     5.892
     5.588
     4.915
     4.644
     6.087
     5.950
     4.719
     5.376
     6.161
     5.447
     4.653
     4.913
     4.596
     5.697
     4.477
     4.649
     5.469
     5.972
     4.533
     5.437
     4.910
     5.685
     5.777
     5.556
     5.323
     5.282
     5.182
     4.713
     5.923
     5.473
     5.539
     5.140
     6.020
     6.002
     5.550
     5.290
     5.540
     5.108
     4.429
     5.632
     4.651
     5.166
     4.973
     6.235
     5.026
     5.481
     6.192
     6.082
     5.152
     4.965
     5.258
     4.835
     4.692
     6.305
     5.262
     5.413
     6.133
     5.790
     5.368
     5.376
     5.596
     5.025
     5.923
     6.337
     5.857
     5.531
     6.053
     5.118
     4.782
     5.542
     6.301
     5.624
     6.044
     5.412
     6.486
     5.763
     5.808
     5.783
     4.978
     5.350
     5.458
     5.349
     3.757
     5.627
     4.867
     4.580
     6.021
     6.310
     4.903
     5.179
     5.213
     4.297
     4.034
     5.606
     4.250
     4.904
     5.881
     5.867
     5.563
     5.290
     5.910
     3.578
     4.383
     6.062
     5.851
     4.931
     6.275
     5.175
     4.494
     6.088
     5.185
     5.566
     5.801
     4.829
     5.609
     5.055
     5.448
     5.330
     5.756
     4.765
     5.188
     5.198
     6.105
     6.197
     5.097
     4.779
     5.727
     5.787
     4.577
     6.057
     5.741
     4.679
     4.821
     5.927
     5.703
     5.645
     5.814
     4.426
     4.249
     6.073
     6.050
     5.404
     5.386
     6.255
     4.934
     5.650
     4.982
     4.562
     5.726
     6.187
     5.546
     5.280
     5.630
     5.574
     5.649
     4.905
     6.042
     5.297
     5.422
     4.979
     5.440
     5.761
     5.693
     6.609
     5.434
     5.135
     6.097
     5.637
     5.624
     6.069
     6.112
     4.829
     5.574
     4.955
     6.569
     5.196
     5.731
     4.343
     5.049
     5.049
     5.715
     5.476
     4.668
     5.309
     5.760
     4.406
     5.252
     6.217
     5.448
     3.807
     5.049
     5.582
     4.719
     5.064
     5.303
     6.095
     4.809
     4.576
     4.761
     5.671
     5.880
     5.360
     5.647
     4.476
     4.694
     5.158
     5.181
     5.786
     5.586
     4.611
     4.591
     5.065
     5.060
     5.541
     6.200
     5.700
     5.694
     5.752
     5.084
     5.581
     5.314
     4.842
     6.018
     5.113
     4.825
     5.727
     5.022
     5.404
     5.682
     4.333
     5.903
     5.223
     5.823
     5.665
     5.331
     4.966
     4.806
     5.426
     5.924
     5.397
     5.167
     4.078
     6.235
     4.980
     5.058
     4.618
     5.755
     6.066
     5.539
     5.244
     5.743
     5.591
     5.335
     5.690
     5.342
     5.658
     6.262
     5.792
     5.832
     3.125
     5.734
     5.552
     6.197
     4.778
     5.879
     4.727
     5.077
     5.822
     4.921
     4.046
     4.732
     5.039
     4.592
     5.677
     5.379
     5.353
     5.743
     5.301
     6.289
     5.203
     4.033
     4.173
     5.968
     5.720
     4.888
     5.220
     5.527
     5.165
     5.737
     5.483
     5.342
     6.386
     5.418
     5.752
     5.258
     5.624
     6.112
     5.186
     4.968
     4.589
     5.170
     5.751
     6.240
     5.225
     5.656
     5.608
     5.719
     5.401
     4.687
     5.565
     5.426
     5.711
     4.776
     5.230
     4.821
     5.730
     5.129
     5.211
     5.640
     4.821
     5.935
     6.029
     5.058
     6.308
     4.576
     5.130
     5.195
     5.008
     5.487
     5.496
     5.781
     5.626
     5.764
     5.415
     4.798
     6.197
     5.957
     5.623
     5.026
     5.887
     5.772
     4.679
     4.685
     5.870
     4.033
     5.901
     5.766
     5.472
     4.812
     5.352
     5.222
     5.089
     5.978
     5.987
     5.754
     5.653
     4.819
     6.059
     5.386
     4.585
     4.814
     4.812
     5.146
     5.874
     5.985
     5.565
     4.913
     6.197
     6.288
     6.330
     5.803
     5.215
     5.298
     5.807
     5.494
     4.341
     5.253
     2.562
     5.732
     5.184
     5.905
     4.716
     5.046
     5.175
     4.617
     4.519
     5.417
     6.268
     4.881
     6.190
     4.968
     4.410
     5.015
     4.160
     5.463
     4.891
     5.023
     5.759
     5.129
     5.807
     5.803
     4.776
     6.058
     6.387
     5.777
     5.759
     4.168
     4.771
     4.661
     5.150
     5.420
     5.419
     4.915
     5.237
     6.114
     5.347
     5.496
     6.189
     5.302
     4.813
     6.245
     5.926
     4.637
     5.005
     5.492
     5.104
     6.002
     5.819
     5.662
     5.783
     6.036
     5.751
     3.623
     5.832
     3.698
     4.371
     5.543
     6.135
     4.878
     4.644
     5.234
     5.510
     5.797
     5.262
     5.903
     4.727
     5.555
     6.140
     6.134
     5.903
     4.991
     6.163
     5.419
     5.684
     4.400
     5.345
     4.540
     5.031
     6.310
     5.261
     5.261
     5.190
     6.211
     6.191
     5.121
     4.971
     5.975
     4.953
     4.417
     5.415
     5.353
     4.563
     5.239
     5.217
     4.732
     5.856
     5.788
     5.799
     5.004
     4.643
     5.167
     6.000
     4.786
     5.603
     6.092
     5.701
     4.617
     3.960
     5.813
     5.658
     4.791
     5.305
     4.942
     5.259
     4.792
     5.795
     5.285
     5.329
     4.739
     4.475
     6.267
     5.121
     5.732
     5.894
     5.862
     4.392
     4.890
     5.068
     6.442
     5.681
     5.298
     5.313
     6.096
     5.144
     6.157
     5.977
     6.114
     5.392
     5.455
     5.442
     5.399
     3.472
     5.931
     5.143
     5.441
     5.544
     5.675
     5.219
     5.863
     5.240
     5.169
     5.197
     5.875
     5.042
     5.843
     5.964
     5.834
     3.752
     6.170
     5.767
     5.569
     4.353
     5.866
     5.813
     5.605
     6.661
     5.683
     5.448
     5.556
     4.967
     4.534
     4.922
     5.601
     5.535
     5.748
     4.500
     5.767
     5.343
     6.413
     5.902
     6.113
     4.319
     5.128
     6.228
     5.445
     6.000
     5.779
     5.835
     6.010
     5.585
     5.932
     5.105
     5.699
     4.467
     5.648
     6.062
     5.722
     5.239
     5.410
     5.424
     5.646
     4.703
     4.825
     5.299
     5.502
     5.915
     5.093
     4.726
     5.949
     5.720
     5.973
     4.996
     6.249
     5.250
     5.853
     6.119
     4.773
     5.785
     5.342
     6.345
     5.748
     5.272
     5.881
     5.015
     5.087
     4.230
     5.933
     5.124
     4.985
     3.639
     5.628
     5.170
     5.342
     5.802
     5.134
     6.490
     5.451
     5.242
     6.323
     6.078
     5.785
     5.798
     5.237
     5.536
     5.124
     5.727
     5.415
     6.253
     5.742
     5.619
     5.448
     5.844
     4.600
     5.326
     5.566
     6.079
     5.096
     5.095
     5.038
     5.375
     5.249
     5.963
     6.158
     3.715
     6.218
     5.754
     4.962
     6.137
     5.845
     5.932
     5.837
     4.446
     5.756
     5.110
     3.866
     5.776
     4.504
     5.204
     5.513
     5.571
     4.574
     6.186
     6.432
     5.410
     5.233
     4.861
     5.599
     6.000
     5.079
     5.738
     5.047
     5.042
     4.514
     6.010
     5.354
     6.013
     5.426
     3.549
     5.126
     5.399
     5.464
     5.641
     5.968
     5.990
     6.487
     5.812
     3.277
     4.890
     5.156
     5.649
     5.774
     5.332
     5.196
     6.030
     4.988
     6.264
     5.573
     5.502
     4.837
     5.297
     6.128
     4.838
     5.637
     5.592
     4.918
     5.344
     5.738
     5.267
     6.654
     5.207
     4.817
     4.200
     5.500
     5.979
     4.192
     5.485
     6.100
     5.311
     5.571
     5.209
     6.032
     5.877
     5.408
     4.881
     4.359
     4.960
     6.052
     5.551
     4.777
     4.862
     4.823
     5.600
     5.605
     4.265
     6.088
     5.585
     5.377
     6.239
     5.446
     5.188
     5.466
     5.725
     5.081
     5.455
     4.915
     5.403
     5.081
     5.812
     5.735
     5.305
     4.569
     4.624
     5.113
     5.564
     5.908
     5.780
     5.615
     5.601
     4.610
     5.431
     4.950
     5.922
     5.145
     5.323
     5.663
     4.527
     4.756
     5.776
     5.795
     5.458
     5.214
     4.894
     4.682
     6.098
     5.931
     5.880
     4.660
     4.979
     4.636
     4.596
     5.323
     5.788
     5.168
     5.808
     5.616
     6.529
     5.161
     4.768
     5.013
     5.094
     4.578
     5.706
     5.744
     5.874
     5.663
     4.962
     4.585
     4.847
     5.561
     5.506
     5.127
     5.240
     6.024
     5.343
     4.887
     5.261
     5.843
     4.554
     6.184
     5.272
     4.611
     5.584
     6.099
     6.362
     5.262
     5.101
     5.173
     4.966
     5.413
     4.600
     5.609
     6.273
     4.978
     4.859
     5.635
     3.455
     5.726
     6.319
     5.042
     3.836
     5.676
     4.961
     5.822
     5.496
     5.669
     5.531
     5.481
     5.677
     6.132
     3.637
     4.373
     5.487
     5.820
     5.589
     4.878
     5.796
     5.864
     5.115
     3.689
     6.102
     4.623
     5.935
     4.908
     5.356
     6.350
     5.156
     5.774
     4.561
     5.885
     5.851
     5.867
     5.872
     6.020
     5.126
     4.558
     5.401
     5.274
     5.936
     5.501
     5.797
     3.547
     5.239
     5.397
     5.186
     5.696
     5.373
     4.639
     5.969
     5.433
     6.283
     5.891
     5.823
     5.359
     5.756
     5.094
     4.566
     6.658
     5.053
     5.544
     6.003
     5.573
     6.293
     5.569
     5.997
     6.104
     6.065
     6.169
     5.791
     5.146
     5.992
     5.339
     5.630
     5.383
     5.084
     4.536
     5.599
     5.652
     4.903
     5.265
     4.719
     5.610
     5.665
     5.560
     5.122
     4.719
     5.453
     5.364
     4.363
     5.863
     5.711
     5.778
     4.496
     4.922
     4.868
     5.562
     5.783
     5.466
     5.761
     5.298
     4.650
     5.805
     5.602
     5.949
     5.676
     4.991
     5.754
     6.346
     4.729
     5.794
     4.559
     5.855
     5.643
     5.538
     5.749
     6.215
     5.150
     5.946
     5.403
     5.863
     5.112
     4.875
     5.177
     3.893
     5.572
     4.599
     5.497
     4.497
     5.016
     6.050
     5.367
     5.385
     4.817
     4.818
     6.291
     5.496
     6.102
     3.408
     5.151
     6.126
     5.409
     6.107
     5.890
     4.909
     5.499
     5.422
     5.371
     4.931
     5.281
     4.620
     5.673
     3.467
     4.603
     5.665
     4.635
     4.767
     5.221
     4.696
     5.167
     5.646
     4.795
     4.809
     5.185
     4.946
     5.746
     4.748
     5.564
     5.652
     5.772
     4.468
     4.820
     4.776
     5.304
     4.962
     5.780
     5.404
     5.363
     5.237
     4.960
     5.811
     5.539
     4.670
     5.063
     5.645
     4.978
     5.178
     5.994
     5.655
     5.362
     5.916
     5.399
     4.989
     5.972
     5.352
     4.682
     4.934
     4.788
     3.421
     6.284
     6.258
     5.362
     4.975
     5.727
     5.797
     4.777
     4.619
     4.824
     6.408
     4.822
     6.234
     5.035
     5.255
     5.153
     5.556
     6.138
     5.631
     3.587
     4.831
     4.383
     4.611
     5.814
     6.295
     5.690
     4.824
     5.164
     5.294
     4.876
     5.517
     4.865
     4.962
     5.935
     5.081
     5.859
     4.281
     5.046
     6.035
     5.957
     5.510
     5.356
     5.134
     5.239
     5.868
     5.175
     5.860
     5.707
     5.978
     5.635
     5.057
     4.693
     5.414
     5.756
     5.670
     5.617
     6.197
     5.619
     5.703
     5.286
     6.316
     5.427
     5.349
     6.135
     6.005
     5.372
     4.602
     5.206
     4.502
     5.682
     4.159
     5.442
     5.331
     5.683
     5.468
     5.628
     4.914
     5.271
     5.151
     4.435
     4.871
     4.354
     4.487
     5.470
     5.012
     5.069
     4.967
     4.716
     3.222
     5.704
     5.945
     5.800
     4.929
     5.015
     6.559
     5.605
     5.746
     5.729
     5.388
     5.213
     4.969
     4.954
     5.114
     6.571
     5.711
     5.648
     6.048
     4.662
     5.413
     5.114
     5.888
     5.766
     5.094
     5.377
     5.638
     4.443
     5.503
     5.517
     4.961
     6.164
     5.237
     5.470
     4.912
     5.979
     6.253
     4.944
     5.189
     5.690
     5.320
     5.142
     6.290
     5.562
     5.844
     5.622
     5.940
     6.004
     6.349
     5.800
     5.925
     5.433
     4.462
     5.984
     5.682
     3.073
     5.873
     4.727
     5.857
     6.162
     5.112
     4.691
     4.966
     6.150
     4.848
     6.179
     5.092
     5.421
     4.984
     6.272
     5.387
     3.268
     5.196
     5.121
     5.006
     5.316
     5.311
     5.005
     5.298
     5.644
     5.191
     5.790
     5.738
     5.357
     5.105
     5.497
     5.710
     4.773
     4.468
     5.456
     4.641
     4.654
     5.661
     5.777
     5.693
     4.837
     4.312
     4.005
     4.765
     5.461
     5.736
     5.113
     4.539
     5.808
     5.080
     4.412
     5.243
     4.680
     4.267
     4.599
     5.800
     5.751
     4.760
     5.008
     5.500
     5.989
     5.603
     4.044
     5.240
     5.899
     5.639
     5.201
     5.708
     4.673
     4.526
     5.727
     4.741
     4.940
     6.195
     5.527
     5.008
     6.275
     4.765
     5.699
     5.760
     6.112
     5.649
     5.689
     5.623
     5.186
     5.380
     5.502
     6.064
     5.337
     4.355
     4.830
     5.146
     4.310
     6.071
     5.855
     4.399
     5.348
     5.371
     5.562
     5.345
     5.753
     5.157
     6.016
     4.529
     4.979
     4.174
     5.115
     5.950
     5.496
     4.613
     5.925
     5.069
     5.914
     4.920
     5.977
     5.203
     5.665
     5.768
     4.834
     6.079
     5.319
     4.737
     6.007
     6.216
     4.308
     3.788
     4.207
     5.362
     5.574
     5.322
     4.901
     3.524
     6.102
     3.989
     5.812
     5.068
     5.401
     5.776
     5.455
     6.028
     5.279
     5.593
     5.236
     5.764
     5.261
     4.856
     5.795
     4.495
     6.304
     4.995
     5.216
     5.710
     4.992
     5.546
     6.066
     4.899
     4.632
     5.522
     4.985
     5.676
     5.342
     6.361
     5.312
     4.812
     5.623
     5.393
     5.382
     5.293
     5.709
     5.458
     4.704
     5.040
     5.761
     5.325
     5.139
     5.766
     5.000
     5.374
     5.499
     5.749
     6.090
     4.775
     4.662
     5.509
     5.294
     5.797
     5.606
     5.207
     5.969
     5.293
     4.884
     4.455
     5.031
     5.601
     5.177
     5.864
     5.197
     5.492
     3.646
     5.255
     6.137
     6.005
     5.787
     5.199
     5.836
     5.093
     4.779
     5.119
     5.561
     6.199
     5.025
     5.634
     6.279
     6.229
     5.562
     5.910
     5.724
     5.885
     5.804
     5.276
     5.174
     4.800
     6.367
     6.070
     5.159
     5.805
     5.350
     4.894
     5.995
     5.736
     5.630
     6.257
     5.597
     5.725
     4.607
     4.736
     6.055
     6.043
     4.632
     5.637
     5.069
     3.533
     5.445
     5.376
     5.908
     4.361
     4.627
     5.939
     4.772
     6.247
     5.018
     5.619
     5.472
     4.851
     6.335
     5.765
     5.644
     5.895
     5.442
     4.862
     5.276
     4.693
     4.611
     5.663
     5.959
     6.110
     5.314
     4.954
     5.266
     4.610
     4.928
     5.325
     6.148
     5.538
     4.591
     6.000
     4.366
     5.580
     3.605
     6.137
     5.465
     4.810
     5.057
     5.323
     4.884
     5.688
     5.170
     5.890
     5.194
     5.437
     4.537
     5.126
     5.815
     4.952
     5.045
     5.279
     6.239
     5.767
     5.752
     6.189
     4.480
     5.728
     5.189
     4.892
     6.002
     5.594
     4.522
     5.463
     6.230
     6.078
     6.047
     5.745
     4.993
     5.836
     5.633
     4.932
     5.730
     5.550
     6.320
     5.912
     5.843
     5.372
     4.726
     4.992
     4.156
     5.838
     3.394
     5.057
     5.768
     5.147
     6.222
     5.790
     5.394
     5.368
     5.551
     5.520
     5.548
     4.698
     5.730
     4.851
     5.313
     5.557
     5.884
     5.060
     5.985
     5.638
     5.342
     6.714
     4.198
     3.939
     5.765
     5.588
     5.631
     5.014
     4.775
     5.419
     4.937
     5.184
     5.393
     6.048
     4.808
     5.883
     5.705
     5.934
     4.925
     4.919
     5.428
     6.032
     4.782
     6.185
     6.376
     5.205
     5.411
     3.761
     5.062
     6.108
     5.895
     5.028
     5.870
     4.736
     5.988
     5.207
     5.611
     5.002
     5.877
     5.334
     6.185
     5.777
     4.911
     5.904
     4.578
     6.215
     5.754
     4.377
     5.482
     5.251
     5.439
     4.635
     4.406
     5.900
     5.723
     5.499
     5.738
     5.048
     5.305
     5.929
     5.024
     5.044
     5.356
     4.633
     5.862
     5.036
     5.666
     5.994
     5.668
     6.025
     4.914
     5.547
     4.188
     5.332
     4.138
     5.850
     5.171
     5.639
     5.590
     5.316
     5.386
     5.639
     6.213
     5.675
     4.688
     5.898
     4.536
     4.570
     5.461
     5.511
     5.535
     5.355
     5.518
     5.360
     5.942
     5.808
     5.918
     6.300
     5.481
     4.866
     5.561
     5.148
     5.743
     5.757
     5.301
     4.088
     5.349
     6.188
     5.351
     5.703
     4.817
     5.217
     4.792
     4.676
     5.768
     6.035
     5.656
     5.756
     5.531
     5.480
     5.496
     5.928
     5.010
     5.202
     5.086
     5.346
     5.590
     5.132
     5.067
     5.114
     5.859
     5.768
     6.236
     5.410
     4.028
     5.211
     5.271
     5.878
     6.168
     5.357
     5.301
     5.868
     5.789
     4.847
     5.741
     6.045
     4.522
     5.355
     4.437
     5.193
     6.235
     5.261
     6.419
     5.335
     5.879
     5.748
     6.095
     5.499
     5.104
     6.127
     5.883
     5.747
     5.880
     4.947
     5.058
     5.014
     4.390
     4.513
     4.630
     5.432
     4.594
     5.577
     5.657
     6.126
     5.707
     5.469
     5.489
     5.396
     5.579
     5.191
     4.985
     6.606
     6.123
     5.799
     5.148
     5.833
     5.115
     5.137
     5.280
     5.580
     5.261
     5.350
     5.703
     5.218
     5.479
     5.317
     5.955
     5.524
     5.895
     3.256
     4.533
     5.345
     5.710
     5.239
     4.796
     4.918
     4.675
     5.131
     4.665
     4.111
     5.279
     5.881
     5.070
     5.018
     4.657
     5.443
     4.666
     3.973
     6.061
     6.142
     6.186
     5.862
     6.070
     5.144
     5.309
     4.769
     5.068
     6.114
     4.557
     4.679
     4.905
     4.717
     5.841
     5.567
     5.743
     5.014
     5.356
     5.143
     5.086
     5.132
     4.975
     5.705
     5.051
     5.880
     5.552
     5.041
     4.979
     4.551
     4.086
     4.973
     5.839
     5.841
     5.642
     5.176
     5.169
     5.901
     6.114
     5.252
     4.490
     4.380
     4.964
     4.930
     5.158
     5.422
     4.453
     5.628
     5.705
     4.850
     4.267
     5.282
     6.058
     4.705
     6.203
     5.627
     3.482
     5.135
     5.078
     5.956
     5.719
     5.473
     4.812
     4.716
     5.833
     5.039
     6.255
     5.921
     6.378
     5.841
     5.465
     3.788
     5.145
     5.133
     5.429
     4.661
     6.259
     5.668
     5.502
     6.158
     5.766
     5.673
     4.702
     6.478
     5.241
     5.458
     4.979
     5.544
     5.623
     5.831
     5.702
     5.221
     5.086
     6.035
     4.436
     6.365
     5.414
     5.825
     5.074
     4.814
     4.678
     4.370
     5.658
     4.928
     5.625
     5.999
     5.115
     6.227
     5.925
     6.276
     5.900
     4.896
     4.566
     5.003
     5.405
     5.501
     6.569
     5.432
     5.302
     6.289
     5.817
     5.511
     5.108
     5.685
     5.994
     5.839
     6.146
     5.926
     6.310
     4.948
     5.520
     5.858
     5.839
     5.254
     6.021
     5.739
     5.518
     5.141
     5.316
     4.049
     3.329
     5.880
     5.810
     6.433
     5.000
     5.341
     4.468
     5.277
     5.232
     5.136
     5.752
     4.952
     5.339
     4.639
     5.826
     5.273
     6.217
     5.149
     6.064
     5.541
     4.526
     6.146
     5.836
     5.542
     5.926
     5.790
     5.912
     4.954
     6.037
     5.347
     6.203
     6.303
     5.233
     6.291
     5.408
     5.999
     4.834
     5.451
     5.560
     5.370
     5.925
     4.608
     5.813
     5.773
     5.184
     6.229
     5.909
     6.254
     5.471
     5.903
     5.419
     5.386
     6.299
     5.229
     6.102
     5.614
     5.538
     5.519
     4.864
     6.056
     5.398
     5.486
     5.592
     5.374
     5.755
     5.404
     5.916
     4.791
     5.033
     6.053
     5.791
     4.653
     5.306
     5.305
     5.754
     6.175
     5.318
     5.709
     6.029
     6.070
     5.522
     5.074
     6.129
     5.957
     5.056
     5.307
     5.338
     5.902
     5.299
     4.998
     4.776
     4.434
     5.956
     6.033
     5.101
     5.866
     5.774
     5.823
     5.396
     4.648
     5.822
     5.212
     4.786
     5.836
     5.548
     5.923
     4.996
     5.921
     6.231
     5.458
     5.977
     5.395
     5.076
     5.462
     3.468
     5.909
     5.387
     5.493
     4.394
     5.387
     5.792
     5.817
     6.389
     4.719
     5.762
     5.701
     4.986
     4.553
     5.410
     5.962
     5.560
     5.846
     5.757
     5.836
     5.111
     5.389
     5.786
     5.459
     6.218
     2.324
     4.518
     6.067
     5.526
     4.207
     5.196
     5.883
     6.322
     6.396
     6.311
     5.311
     6.211
     4.678
     5.198
     5.466
     5.345
     5.563
     5.786
     5.774
     5.837
     5.034
     6.322
     5.049
     5.692
     4.574
     5.759
     4.941
     6.281
     4.910
     5.971
     4.616
     5.651
     5.989
     5.938
     5.260
     5.357
     4.868
     5.149
     5.031
     6.016
     4.979
     5.682
     5.765
     5.186
     5.272
     5.039
     4.350
     5.478
     4.433
     4.702
     4.702
     5.220
     5.501
     6.083
     5.588
     5.390
     5.660
     5.913
     5.634
     4.984
     5.051
     6.059
     5.421
     5.320
     5.693
     4.826
     3.661
     4.763
     4.599
     4.054
     5.337
     5.892
     5.480
     4.698
     5.992
     4.909
     5.402
     6.041
     4.335
     6.251
     5.588
     5.275
     4.493
     5.289
     4.967
     5.675
     4.752
     6.078
     5.872
     5.442
     4.769
     5.002
     5.584
     5.348
     5.653
     5.959
     5.313
     4.725
     5.948
     5.995
     5.889
     4.302
     5.725
     4.796
     5.467
     6.390
     4.576
     4.851
     5.378
     5.555
     5.671
     4.646
     4.749
     5.385
     5.738
     5.287
     5.245
     5.476
     6.207
     5.294
     4.735
     4.771
     5.139
     5.700
     6.298
     5.306
     4.473
     5.808
     5.148
     5.852
     5.556
     5.209
     6.027
     5.186
     6.048
     5.405
     4.905
     4.301
     4.375
     5.083
     5.275
     5.841
     6.123
     4.484
     5.714
     3.519
     5.297
     4.735
     5.823
     4.959
     5.750
     4.675
     5.678
     5.619
     4.218
     5.325
     4.773
     5.292
     5.457
     4.651
     5.242
     4.666
     5.710
     2.830
     6.165
     5.073
     5.598
     5.669
     5.618
     5.916
     5.672
     4.412
     4.810
     4.769
     5.747
     5.936
     5.838
     5.057
     5.782
     5.514
     5.240
     5.480
     4.592
     5.462
     4.983
     5.918
     6.631
     6.009
     6.022
     6.566
     5.157
     5.516
     5.586
     4.933
     5.623
     5.059
     6.059
     4.380
     6.162
     5.066
     5.872
     5.638
     5.775
     5.011
     5.887
     5.857
     4.966
     5.806
     5.597
     4.917
     5.075
     4.669
     6.297
     5.823
     4.463
     5.059
     6.341
     6.069
     5.426
     5.700
     4.749
     5.556
     5.965
     6.010
     6.000
     5.218
     4.723
     5.697
     5.392
     5.660
     4.149
     5.599
     5.008
     5.112
     5.643
     4.607
     5.727
     5.906
     5.154
     5.720
     6.166
     5.049
     5.740
     5.517
     5.128
     3.594
     4.937
     6.083
     5.717
     5.325
     5.354
     4.091
     5.195
     4.936
     6.138
     5.811
     5.859
     5.225
     6.107
     5.904
     5.586
     5.554
     4.852
     6.026
     5.896
     4.540
     5.769
     4.983
     6.057
     4.652
     5.166
     6.148
     5.554
     6.150
     5.565
     4.711
     4.993
     5.578
     5.517
     6.461
     5.135
     5.466
     5.832
     6.102
     6.239
     4.486
     4.235
     6.216
     5.026
     5.423
     5.852
     5.678
     5.483
     5.806
     5.628
     5.665
     5.579
     5.557
     4.982
     5.822
     5.345
     5.051
     5.719
     4.653
     5.786
     5.031
     4.845
     6.106
     4.586
     5.330
     5.809
     5.718
     6.239
     5.118
     4.478
     4.562
     6.187
     4.456
     5.493
     5.198
     5.554
     5.256
     5.057
     6.211
     4.729
     5.248
     4.425
     5.355
     5.697
     6.173
     4.535
     4.871
     5.154
     5.935
     5.312
     4.554
     5.821
     5.800
     5.091
     5.396
     5.623
     5.065
     4.650
     4.515
     4.160
     5.817
     4.796
     4.447
     4.522
     5.517
     5.099
     5.924
     6.536
     5.897
     5.699
     6.203
     5.871
     5.743
     5.347
     6.112
     5.081
     5.212
     5.497
     5.272
     5.179
     4.564
     5.294
     4.804
     5.894
     5.323
     4.842
     5.746
     5.969
     5.891
     6.109
     5.080
     5.721
     4.924
     5.107
     4.795
     4.426
     5.986
     5.054
     5.583
     5.081
     3.086
     5.809
     5.449
     5.842
     5.192
     6.142
     5.806
     5.784
     4.690
     5.283
     5.394
     5.882
     5.799
     5.154
     4.608
     4.838
     4.580
     5.686
     5.875
     5.779
     5.894
     5.544
     5.838
     5.738
     5.730
     4.649
     5.581
     6.008
     5.158
     5.570
     5.222
     3.230
     5.781
     4.809
     5.212
     5.899
     5.271
     4.936
     5.626
     5.756
     5.417
     5.670
     4.708
     5.998
     5.252
     6.001
     2.925
     5.742
     5.738
     4.703
     6.194
     5.522
     5.162
     5.829
     4.854
     5.279
     5.190
     5.971
     5.292
     5.155
     5.181
     6.390
     5.549
     5.510
     6.055
     4.739
     5.844
     5.712
     6.058
     5.397
     4.373
     5.631
     5.724
     5.859
     5.305
     5.313
     5.742
     5.279
     4.877
     4.749
     6.152
     4.505
     4.841
     5.838
     5.903
     4.837
     5.248
     5.422
     5.805
     5.767
     5.445
     5.237
     5.289
     6.277
     5.792
     6.337
     5.802
     4.124
     4.267
     5.159
     5.859
     4.930
     5.008
     5.015
     6.665
     5.157
     5.556
     4.607
     5.759
     5.742
     3.669
     5.001
     5.042
     4.396
     6.142
     4.964
     5.500
     5.166
     5.249
     6.253
     5.635
     4.651
     5.773
     5.592
     5.001
     5.267
     4.550
     5.223
     5.962
     5.397
     5.662
     5.786
     5.468
     4.943
     4.039
     6.280
     5.281
     5.567
     5.713
     5.757
     5.166
     4.923
     5.191
     5.242
     4.882
     5.339
     5.365
     5.836
     5.223
     4.848
     6.463
     4.869
     4.316
     5.558
     4.808
     4.991
     5.758
     5.341
     4.544
     6.321
     5.965
     6.286
     5.565
     5.016
     4.741
     6.158
     5.789
     5.745
     5.363
     5.957
     5.344
     5.082
     4.195
     5.365
     5.201
     4.859
     6.040
     5.962
     5.124
     5.719
     6.047
     5.700
     4.943
     4.995
     4.642
     5.265
     4.048
     5.216
     4.392
     4.091
     6.185
     5.727
     4.895
     6.193
     4.848
     5.749
     3.664
     5.698
     5.503
     6.502
     6.048
     6.164
     5.485
     4.958
     5.595
     4.998
     6.135
     4.593
     4.179
     5.493
     5.424
     5.601
     5.996
     4.800
     5.718
     5.582
     4.816
     4.804
     3.687
     5.033
     5.490
     5.189
     5.666
     5.708
     5.730
     5.668
     5.727
     5.056
     6.194
     6.052
     5.535
     5.710
     5.008
     4.867
     5.943
     6.000
     4.696
     5.104
     4.613
     6.263
     6.574
     5.602
     5.300
     5.755
     5.816
     5.818
     5.090
     5.037
     5.129
     5.802
     5.613
     5.616
     4.920
     6.063
     6.552
     5.922
     5.979
     5.173
     6.337
     5.525
     4.995
     5.277
     5.380
     5.524
     6.196
     5.974
     5.726
     4.933
     5.689
     4.963
     5.073
     4.532
     5.504
     5.061
     4.230
     4.702
     4.413
     5.530
     6.255
     5.587
     4.924
     5.798
     5.745
     4.988
     5.286
     5.955
     6.156
     5.830
     5.090
     5.956
     4.566
     5.725
     5.716
     5.336
     5.995
     5.278
     5.881
     5.008
     5.285
     5.534
     5.183
     5.889
     4.684
     5.277
     5.713
     5.550
     5.972
     5.195
     5.357
     5.402
     6.040
     4.723
     5.428
     4.770
     5.189
     5.429
     5.382
     4.498
     4.641
     5.403
     5.682
     4.814
     4.705
     4.964
     6.079
     5.763
     5.460
     5.137
     5.661
     5.521
     4.389
     5.130
     5.655
     6.178
     5.158
     5.667
     5.626
     5.426
     5.022
     6.056
     5.830
     6.294
     5.519
     4.283
     4.559
     4.608
     5.011
     5.003
     5.977
     5.621
     5.712
     4.293
     5.295
     5.652
     6.527
     5.366
     6.015
     5.535
     5.257
     5.822
     5.780
     5.502
     5.027
     4.742
     6.254
     4.459
     6.434
     6.033
     4.906
     6.032
     4.869
     5.462
     5.073
     4.931
     5.214
     5.490
     5.012
     4.169
     4.300
     4.180
     6.345
     5.373
     6.024
     5.704
     4.898
     5.557
     5.054
     5.002
     5.629
     5.134
     5.236
     5.753
     4.942
     5.321
     5.166
     4.840
     5.845
     5.996
     5.297
     4.305
     5.442
     4.718
     5.931
     5.628
     5.564
     5.478
     5.774
     6.309
     5.089
     5.365
     6.180
     5.569
     5.473
     4.784
     6.037
     4.373
     5.914
     5.841
     5.486
     5.036
     5.693
     5.718
     5.259
     5.687
     6.106
     5.238
     4.776
     4.764
     5.074
     5.513
     5.267
     5.429
     5.059
     3.661
     4.678
     5.734
     5.662
     5.420
     5.617
     5.783
     5.040
     5.652
     6.056
     5.482
     5.260
     5.940
     4.593
     4.918
     5.629
     5.653
     5.060
     5.501
     5.062
     5.778
     5.501
     4.587
     5.354
     5.765
     6.250
     5.227
     5.119
     5.705
     6.037
     5.758
     5.714
     5.151
     5.548
     5.507
     5.225
     5.206
     6.406
     5.459
     5.306
     5.380
     6.123
     5.529
     6.237
     4.789
     4.774
     4.259
     5.203
     5.346
     5.909
     5.197
     5.081
     5.386
     6.151
     5.725
     5.193
     5.635
     5.859
     3.838
     4.435
     6.038
     4.956
     6.153
     5.632
     5.739
     5.949
     5.995
     5.317
     6.284
     5.174
     5.307
     5.554
     5.495
     4.324
     6.048
     4.331
     5.337
     5.496
     4.870
     3.471
     5.132
     4.972
     5.313
     5.124
     5.308
     6.212
     5.400
     3.146
     5.439
     5.754
     5.686
     6.034
     5.342
     5.129
     5.991
     4.546
     5.036
     3.891
     6.332
     6.118
     5.966
     4.988
     5.131
     4.649
     5.971
     5.473
     6.118
     5.418
     6.107
     6.614
     6.171
     5.779
     5.702
     5.725
     6.188
     5.508
     5.557
     4.365
     5.392
     4.227
     5.417
     5.724
     6.095
     5.689
     5.700
     4.709
     5.070
     4.589
     5.409
     5.436
     6.354
     5.490
     5.186
     4.691
     5.697
     5.702
     4.532
     5.238
     5.477
     5.687
     3.948
     4.607
     4.750
     5.542
     5.418
     5.773
     5.704
     4.780
     4.929
     5.165
     5.097
     5.567
     5.078
     4.679
     5.874
     5.656
     4.703
     6.177
     4.659
     5.662
     5.967
     5.554
     5.518
     4.952
     5.541
     5.503
     5.594
     4.660
     5.901
     5.734
     5.819
     5.077
     5.074
     4.792
     5.315
     5.553
     4.557
     5.882
     5.104
     4.979
     4.667
     4.409
     3.825
     4.379
     5.798
     5.456
     4.439
     5.013
     5.651
     4.985
     5.519
     4.891
     5.114
     5.884
     4.519
     5.001
     5.614
     5.491
     4.849
     4.532
     4.517
     5.021
     6.231
     5.164
     5.540
     5.562
     4.679
     5.010
     4.826
     6.004
     5.732
     6.622
     4.784
     4.954
     5.939
     6.332
     4.947
     6.538
     4.597
     5.401
     5.190
     5.363
     5.402
     5.155
     5.714
     5.958
     4.910
     5.694
     5.506
     5.049
     5.146
     4.818
     5.890
     5.680
     4.257
     5.312
     5.477
     4.720
     5.756
     5.918
     6.058
     5.204
     5.336
     3.933
     6.009
     6.183
     4.638
     4.942
     4.525
     5.719
     4.568
     5.590
     3.001
     4.775
     3.744
     5.096
     5.205
     3.377
     5.140
     5.194
     4.642
     4.774
     5.821
     6.126
     5.539
     5.190
     6.001
     5.408
     6.249
     5.533
     5.095
     5.456
     5.385
     5.326
     6.180
     4.999
     6.642
     5.431
     4.851
     6.315
     6.029
     5.654
     4.719
     5.333
     5.095
     5.729
     5.997
     5.421
     5.288
     5.671
     5.499
     5.181
     4.494
     5.067
     5.823
     5.479
     5.707
     4.812
     4.881
     4.777
     5.771
     5.592
     5.567
     5.069
     5.544
     5.346
     5.600
     5.520
     5.133
     5.158
     4.612
     5.313
     5.096
     5.255
     6.295
     5.151
     5.684
     5.785
     5.707
     5.787
     5.319
     5.692
     5.498
     5.365
     5.919
     4.897
     5.536
     5.167
     5.344
     4.689
     5.763
     5.552
     5.964
     5.337
     4.698
     4.667
     5.611
     4.763
     6.170
     5.552
     4.802
     5.931
     5.916
     4.629
     6.057
     5.123
     6.259
     5.796
     5.114
     5.452
     4.496
     5.380
     5.321
     5.503
     6.061
     5.436
     5.285
     4.072
     5.624
     5.879
     5.882
     4.999
     5.356
     5.218
     5.668
     5.715
     4.627
     5.900
     5.118
     5.439
     3.384
     4.917
     5.124
     5.376
     5.172
     4.854
     5.698
     6.290
     5.230
     5.014
     5.561
     4.922
     6.254
     5.493
     5.299
     5.780
     5.746
     4.880
     6.246
     5.188
     5.330
     5.911
     5.655
     6.476
     6.044
     5.701
     5.829
     4.648
     6.344
     4.529
     4.636
     5.785
     5.853
     4.735
     6.063
     5.800
     5.539
     5.623
     5.583
     5.193
     5.853
     4.102
     4.387
     5.941
     6.224
     4.919
     4.695
     4.409
     5.968
     4.568
     4.806
     5.478
     5.828
     5.872
     5.407
     5.369
     6.151
     6.063
     6.509
     5.126
     4.602
     5.228
     4.936
     5.561
     6.222
     5.501
     5.769
     3.220
     4.819
     5.367
     5.566
     4.691
     5.204
     5.876
     4.485
     6.214
     5.871
     6.311
     5.370
     5.196
     5.487
     4.757
     5.151
     3.171
     6.063
     5.683
     4.549
     4.706
     5.642
     5.094
     5.058
     4.976
     4.796
     5.932
     5.666
     4.409
     5.095
     5.842
     5.008
     5.713
     5.271
     5.809
     5.497
     4.974
     6.040
     5.158
     6.662
     4.446
     4.881
     6.218
     5.332
     5.879
     5.992
     5.888
     5.063
     4.276
     5.007
     4.421
     5.280
     6.323
     5.113
     6.274
     5.186
     5.565
     5.569
     5.727
     5.275
     5.447
     4.844
     5.809
     5.750
     5.209
     5.631
     5.647
     4.814
     4.718
     5.035
     4.883
     5.110
     5.533
     5.251
     5.638
     5.801
     5.863
     5.623
     5.601
     5.511
     5.856
     5.310
     5.878
     5.607
     5.037
     5.639
     5.336
     6.322
     5.224
     5.869
     5.891
     5.428
     4.799
     4.224
     5.477
     5.360
     4.591
     4.818
     4.859
     5.281
     5.877
     3.591
     4.583
     5.771
     5.116
     5.610
     5.651
     5.283
     5.311
     5.987
     5.778
     5.694
     6.277
     4.802
     5.394
     5.863
     4.953
     5.833
     4.439
     5.737
     5.693
     5.502
     5.999
     5.930
     4.892
     5.733
     5.219
     6.568
     4.718
     4.782
     5.494
     5.560
     5.836
     6.013
     4.957
     3.469
     5.570
     5.209
     5.383
     5.208
     5.280
     4.901
     4.833
     4.893
     5.351
     5.274
     5.168
     5.605
     5.600
     5.585
     5.090
     5.753
     5.811
     5.397
     5.204
     5.108
     5.728
     4.658
     4.496
     5.918
     5.387
     4.502
     6.014
     4.686
     4.725
     4.870
     5.404
     5.214
     4.894
     5.448
     4.769
     5.983
     5.814
     5.093
     4.817
     5.817
     5.934
     4.099
     4.910
     5.780
     5.078
     5.578
     6.323
     5.865
     4.731
     5.907
     5.170
     5.509
     5.671
     4.635
     6.208
     5.630
     4.760
     4.637
     6.100
     5.026
     5.159
     6.287
     5.664
     5.572
     5.798
     5.289
     5.076
     5.787
     5.023
     5.486
     6.067
     5.764
     5.328
     5.680
     4.612
     6.155
     5.312
     6.083
     5.143
     6.281
     5.755
     5.438
     5.646
     6.057
     6.288
     5.071
     5.109
     4.707
     5.452
     5.463
     6.185
     4.753
     5.032
     5.470
     5.483
     4.642
     5.680
     4.740
     5.422
     5.453
     4.449
     5.492
     4.694
     5.314
     6.459
     5.088
     6.226
     6.276
     5.905
     4.583
     5.767
     6.205
     5.777
     6.387
     4.202
     4.610
     4.740
     3.663
     5.993
     5.256
     5.613
     5.035
     5.536
     5.082
     6.300
     4.848
     5.814
     5.778
     4.039
     5.704
     4.679
     5.356
     4.016
     5.082
     5.173
     4.529
     4.645
     5.048
     5.826
     5.598
     5.188
     4.989
     4.989
     4.289
     4.779
     5.684
     5.844
     5.488
     5.130
     5.784
     5.271
     5.808
     4.932
     4.597
     5.076
     5.785
     6.037
     5.577
     5.248
     5.357
     5.517
     4.538
     6.057
     5.087
     5.007
     5.038
     5.668
     5.245
     5.773
     4.411
     5.547
     5.264
     4.689
     5.703
     5.058
     4.124
     4.910
     5.630
     5.796
     6.172
     5.648
     5.524
     6.019
     5.700
     6.009
     4.970
     5.906
     5.161
     5.725
     5.610
     4.584
     4.809
     5.094
     5.403
     4.414
     5.641
     5.671
     5.066
     6.167
     5.496
     5.622
     4.687
     4.518
     5.012
     4.714
     5.090
     4.591
     5.976
     4.907
     5.760
     6.133
     5.455
     5.634
     5.588
     5.623
     4.787
     5.847
     5.510
     5.761
     5.386
     6.067
     5.936
     5.140
     5.001
     5.397
     4.426
     5.866
     4.898
     6.322
     3.327
     4.737
     6.296
     5.877
     4.732
     6.014
     4.654
     4.910
     4.875
     4.342
     5.394
     4.973
     5.470
     5.295
     4.950
     4.521
     5.391
     5.331
     4.974
     4.832
     5.271
     5.348
     5.682
     4.699
     5.841
     4.752
     5.980
     5.593
     2.961
     4.162
     4.667
     4.623
     5.488
     4.881
     4.418
     4.809
     5.774
     5.175
     5.953
     6.235
     5.442
     6.554
     5.790
     5.729
     4.653
     5.935
     4.693
     4.426
     5.075
     5.799
     5.053
     5.447
     4.374
     4.556
     3.638
     5.529
     5.634
     5.739
     5.494
     5.317
     5.665
     5.071
     5.029
     6.279
     5.929
     5.407
     5.104
     4.490
     4.524
     4.562
     6.270
     6.106
     4.761
     5.227
     5.946
     4.803
     5.009
     5.391
     5.175
     3.868
     5.093
     6.117
     5.641
     4.844
     5.403
     5.803
     5.316
     5.731
     5.062
     6.030
     5.556
     4.512
     5.095
     5.376
     5.393
     6.057
     5.853
     6.278
     4.579
     4.997
     5.478
     5.015
     4.873
     6.067
     5.338
     5.872
     6.189
     5.290
     5.137
     5.827
     5.865
     5.975
     5.746
     4.990
     5.120
     6.322
     5.219
     5.875
     5.421
     5.364
     5.747
     5.203
     4.457
     4.802
     5.118
     5.489
     5.848
     5.310
     5.116
     6.213
     5.760
     5.099
     5.550
     6.136
     5.424
     5.718
     6.314
     5.067
     5.955
     4.625
     5.756
     5.726
     5.490
     4.971
     5.330
     5.262
     4.897
     6.022
     3.503
     5.060
     6.053
     4.909
     5.922
     5.295
     4.802
     4.836
     4.412
     5.853
     6.557
     5.390
     5.835
     5.033
     5.941
     5.121
     5.848
     4.984
     5.398
     5.705
     4.895
     5.650
     5.810
     5.110
     4.958
     6.193
     5.284
     5.871
     4.589
     5.219
     5.438
     5.400
     6.286
     5.237
     6.262
     6.235
     4.691
     5.694
     5.666
     4.471
     5.080
     6.020
     5.377
     5.724
     5.934
     5.322
     5.804
     6.177
     5.843
     4.550
     5.241
     5.491
     4.632
     5.715
     5.824
     5.362
     5.230
     3.955
     6.086
     5.802
     4.651
     3.902
     5.919
     5.378
     4.579
     3.811
     5.880
     5.233
     5.852
     4.946
     5.851
     4.328
     3.095
     6.368
     4.355
     6.288
     6.190
     6.159
     5.702
     4.729
     4.523
     5.183
     5.065
     5.840
     5.388
     4.420
     5.964
     4.980
     5.958
     4.663
     5.767
     5.519
     4.370
     4.808
     5.200
     4.662
     5.642
     5.362
     5.758
     5.919
     4.621
     5.801
     5.550
     5.827
     5.929
     5.560
     5.392
     5.761
     4.489
     5.903
     4.771
     5.063
     5.045
     4.902
     4.725
     5.555
     5.465
     6.110
     5.322
     4.269
     5.806
     5.225
     5.742
     4.589
     5.312
     4.434
     6.292
     4.978
     6.272
     5.832
     6.289
     5.394
     5.774
     4.519
     4.938
     4.552
     5.517
     4.657
     6.214
     6.305
     5.710
     5.727
     6.377
     5.393
     4.707
     4.805
     5.854
     4.561
     5.131
     4.969
     6.286
     6.192
     5.308
     5.760
     6.096
     2.736
     5.683
     5.226
     5.973
     5.447
     5.579
     6.179
     5.965
     5.761
     5.706
     5.607
     5.393
     5.427
     4.974
     5.295
     5.380
     5.360
     5.097
     5.095
     5.544
     5.318
     5.922
     5.377
     5.777
     5.754
     4.678
     6.093
     5.502
     4.971
     5.907
     4.854
     5.043
     5.314
     5.373
     5.880
     5.767
     4.619
     4.785
     4.592
     4.650
     4.610
     5.538
     5.174
     6.213
     5.298
     5.527
     4.831
     5.937
     6.304
     4.504
     6.064
     5.397
     5.746
     5.073
     4.284
     4.539
     5.270
     5.326
     5.932
     4.546
     6.236
     4.462
     5.953
     3.907
     5.554
     6.187
     5.551
     5.395
     5.250
     5.807
     5.891
     5.228
     5.761
     5.728
     5.091
     5.301
     6.061
     5.289
     4.837
     5.984
     5.006
     5.806
     5.950
     5.460
     5.126
     5.228
     5.612
     5.420
     3.182
     5.570
     4.850
     6.129
     4.382
     5.938
     5.842
     5.514
     5.353
     5.515
     5.472
     4.706
     5.351
     6.223
     5.386
     5.689
     5.876
     5.510
     6.141
     6.673
     5.458
     4.463
     5.437
     5.063
     6.307
     5.645
     5.103
     4.590
     3.911
     5.468
     5.714
     5.567
     5.659
     4.923
     5.620
     5.309
     5.868
     5.982
     5.255
     5.815
     5.449
     5.899
     5.749
     5.428
     5.671
     5.515
     6.374
     4.689
     4.613
     6.258
     6.213
     5.222
     5.342
     5.115
     4.856
     5.865
     5.252
     4.902
     5.006
     6.033
     5.738
     6.284
     6.130
     6.120
     5.715
     5.999
     4.734
     5.106
     5.759
     5.247
     4.753
     5.631
     3.804
     5.417
     5.761
     5.840
     5.835
     5.871
     5.386
     5.234
     5.407
     4.825
     4.945
     4.595
     4.853
     5.890
     5.307
     5.597
     4.714
     5.807
     6.190
     5.942
     4.740
     4.681
     4.339
     5.991
     4.855
     6.094
     4.720
     4.634
     5.013
     4.362
     5.126
     5.814
     5.037
     5.583
     5.597
     5.609
     6.394
     6.049
     4.579
     4.767
     4.578
     5.197
     5.614
     5.718
     5.365
     5.326
     5.831
     6.222
     5.350
     5.714
     5.426
     5.808
     4.903
     3.990
     5.191
     4.847
     5.182
     6.050
     4.808
     5.613
     5.784
     6.239
     3.975
     6.063
     3.935
     3.754
     5.315
     3.447
     4.741
     5.450
     6.328
     5.629
     5.080
     5.031
     5.412
     5.350
     5.132
     5.539
     4.996
     4.794
     5.351
     6.102
     6.087
     5.783
     5.331
     5.865
     5.790
     4.648
     5.685
     4.813
     5.721
     5.744
     5.494
     6.522
     5.434
     5.709
     5.365
     5.704
     5.208
     4.984
     4.748
     6.044
     4.589
     5.935
     5.740
     4.945
     5.329
     5.326
     5.515
     4.749
     4.889
     3.295
     5.460
     5.813
     5.328
     4.545
     4.550
     5.632
     4.588
     4.657
     5.220
     5.750
     5.037
     5.324
     4.717
     5.202
     4.635
     4.616
     4.397
     5.316
     6.222
     5.332
     5.594
     4.990
     5.585
     5.566
     5.514
     5.500
     6.009
     5.795
     4.906
     5.980
     5.439
     5.269
     4.738
     5.804
     5.664
     5.316
     5.129
     5.214
     5.937
     5.080
     4.323
     5.363
     5.263
     5.165
     5.568
     5.373
     5.001
     4.892
     5.215
     5.762
     6.126
     4.094
     5.574
     5.221
     5.139
     5.735
     3.623
     5.793
     6.024
     5.488
     5.828
     5.209
     5.442
     5.412
     5.652
     5.504
     5.720
     5.211
     4.837
     4.795
     6.052
     5.515
     4.728
     5.668
     5.433
     5.742
     6.207
     6.171
     6.186
     6.023
     5.067
     5.799
     5.873
     5.176
     5.056
     5.000
     5.745
     5.670
     5.594
     5.423
     4.728
     5.602
     6.034
     4.620
     5.421
     4.873
     6.020
     5.723
     5.999
     5.964
     5.458
     6.340
     4.643
     5.264
     4.754
     5.746
     5.897
     5.081
     4.484
     4.911
     5.864
     4.870
     5.534
     4.748
     3.881
     5.860
     4.988
     4.729
     5.575
     3.690
     5.637
     5.556
     5.568
     5.320
     4.606
     4.973
     4.980
     5.208
     5.475
     6.173
     6.191
     5.470
     5.470
     5.048
     5.312
     5.634
     5.694
     5.808
     4.429
     5.015
     5.070
     5.692
     5.965
     5.731
     5.606
     5.271
     5.280
     5.484
     5.389
     5.397
     5.729
     5.136
     4.488
     5.543
     5.414
     5.705
     5.538
     5.222
     4.835
     4.780
     4.554
     4.771
     6.342
     5.878
     6.048
     5.784
     3.607
     4.568
     5.975
     5.361
     4.923
     5.417
     5.477
     5.980
     5.641
     4.971
     5.876
     5.349
     5.444
     5.655
     5.062
     4.822
     5.497
     5.573
     4.513
     5.044
     5.752
     4.924
     6.089
     5.103
     4.303
     5.558
     5.207
     5.873
     5.589
     5.977
     5.948
     5.380
     5.336
     4.699
     5.542
     5.536
     5.311
     3.826
     5.901
     5.260
     5.447
     5.048
     5.512
     4.756
     5.497
     5.136
     4.880
     5.861
     5.145
     6.042
     5.009
     5.167
     6.105
     4.306
     4.850
     5.081
     6.195
     6.147
     5.684
     4.416
     5.306
     5.297
     4.200
     5.201
     4.773
     5.820
     5.154
     5.762
     4.370
     5.813
     5.942
     5.625
     5.754
     5.166
     5.579
     5.421
     5.855
     5.530
     6.105
     4.714
     5.714
     3.958
     5.760
     5.601
     5.557
     5.016
     5.328
     4.479
     6.015
     5.444
     5.185
     5.629
     5.516
     5.501
     5.166
     4.897
     6.040
     4.725
     5.919
     5.276
     4.771
     4.716
     4.970
     5.057
     5.567
     5.487
     5.557
     5.589
     5.458
     5.643
     4.969
     4.711
     5.609
     5.910
     6.085
     6.462
     5.643
     5.206
     5.201
     5.735
     6.002
     4.930
     5.817
     5.824
     6.276
     5.268
     5.622
     5.759
     5.653
     5.606
     5.016
     5.900
     5.706
     4.900
     6.267
     5.660
     5.468
     5.423
     5.858
     5.290
     5.345
     4.605
     5.660
     5.082
     5.029
     5.563
     4.819
     5.362
     5.698
     5.745
     5.623
     5.921
     5.061
     4.438
     4.984
     5.116
     5.276
     5.278
     4.770
     5.341
     6.275
     4.548
     4.698
     5.312
     5.347
     6.042
     5.010
     5.170
     5.266
     4.804
     5.704
     4.780
     6.022
     5.167
     5.953
     6.155
     5.865
     5.860
     6.031
     5.956
     4.712
     5.847
     4.618
     5.494
     5.115
     5.677
     5.983
     4.870
     5.684
     5.750
     4.440
     5.165
     4.966
     6.147
     4.977
     5.000
     4.506
     6.079
     4.396
     5.309
     5.472
     5.426
     5.005
     5.664
     5.526
     4.627
     5.151
     4.453
     5.793
     5.742
     6.153
     5.492
     5.979
     6.158
     5.839
     4.561
     6.171
     6.066
     6.137
     4.701
     4.964
     5.843
     5.773
     5.666
     4.417
     5.749
     4.696
     4.301
     4.922
     5.781
     3.915
     5.521
     4.962
     6.076
     5.852
     5.149
     5.308
     5.581
     5.397
     5.644
     4.989
     4.946
     5.566
     4.465
     4.983
     5.622
     4.163
     6.248
     5.406
     5.804
     4.844
     5.257
     5.282
     5.023
     6.032
     4.681
     5.017
     5.722
     5.366
     5.191
     5.812
     5.889
     4.128
     6.323
     5.724
     5.828
     5.852
     5.758
     5.753
     4.774
     5.681
     5.437
     5.757
     5.058
     5.092
     4.654
     5.538
     4.414
     5.650
     5.943
     5.622
     5.729
     5.369
     5.812
     5.162
     4.895
     4.774
     5.168
     4.860
     5.386
     6.096
     5.834
     5.446
     5.216
     5.660
     5.512
     5.245
     5.064
     6.029
     4.498
     4.781
     6.005
     5.673
     4.083
     3.720
     6.033
     5.757
     4.435
     5.212
     6.248
     6.067
     5.751
     6.423
     5.117
     6.087
     6.276
     5.674
     4.960
     5.044
     5.480
     5.353
     3.376
     5.576
     4.953
     5.272
     5.411
     5.572
     4.868
     6.334
     5.101
     5.216
     4.991
     4.478
     5.728
     4.720
     5.692
     3.455
     5.810
     5.597
     5.716
     4.823
     5.195
     5.696
     5.321
     5.407
     4.884
     5.615
     5.010
     4.669
     5.772
     4.619
     5.047
     5.440
     5.267
     5.547
     5.631
     4.939
     5.876
     5.375
     4.652
     4.852
     6.003
     5.660
     5.800
     5.515
     4.818
     6.251
     3.747
     5.732
     4.817
     6.110
     5.958
     5.239
     6.515
     4.942
     5.950
     5.543
     4.652
     6.034
     5.113
     5.396
     5.464
     4.250
     5.462
     5.171
     5.351
     5.918
     4.875
     4.673
     5.217
     6.015
     5.792
     5.813
     5.274
     5.309
     5.672
     5.300
     5.132
     5.823
     5.971
     4.663
     4.690
     5.180
     5.267
     4.733
     6.302
     3.981
     5.662
     5.392
     6.240
     4.449
     5.361
     4.969
     5.703
     5.144
     5.547
     5.094
     6.081
     4.794
     5.484
     6.123
     5.882
     5.850
     6.199
     4.690
     3.860
     5.563
     5.061
     5.235
     6.239
     5.646
     5.537
     5.530
     5.199
     4.273
     5.865
     5.030
     5.759
     5.060
     5.367
     4.994
     5.571
     5.442
     6.327
     6.002
     5.168
     6.482
     5.787
     4.743
     5.595
     4.851
     5.914
     5.032
     5.763
     5.010
     4.632
     5.704
     4.849
     5.309
     5.363
     4.508
     6.136
     5.519
     5.365
     5.537
     5.387
     5.202
     5.140
     4.548
     6.134
     5.326
     5.484
     4.678
     4.610
     5.592
     5.522
     2.720
     6.087
     4.953
     6.015
     6.176
     5.485
     4.666
     5.666
     5.713
     5.811
     4.724
     4.740
     6.185
     4.671
     5.136
     5.721
     5.632
     5.390
     6.011
     4.818
     5.221
     5.302
     5.442
     5.157
     5.855
     5.051
     4.883
     5.455
     5.998
     6.276
     5.318
     6.595
     5.415
     5.850
     4.884
     5.940
     4.567
     5.293
     4.233
     4.601
     6.072
     5.319
     5.206
     5.606
     5.669
     4.639
     5.103
     5.420
     5.763
     5.055
     5.901
     4.928
     5.814
     5.351
     5.949
     5.880
     5.040
     5.608
     5.289
     4.661
     4.481
     6.031
     5.464
     5.103
     5.436
     4.605
     5.325
     3.838
     5.170
     6.269
     5.405
     5.825
     5.757
     5.763
     6.227
     5.141
     5.822
     6.191
     6.124
     4.296
     4.735
     5.962
     4.492
     5.067
     5.161
     5.783
     5.602
     5.491
     5.547
     5.254
     5.334
     4.727
     6.161
     5.144
     5.242
     5.674
     6.084
     5.830
     4.968
     4.690
     5.941
     4.361
     5.175
     6.277
     5.105
     5.080
     5.628
     5.212
     4.751
     6.022
     5.492
     5.707
     5.047
     5.142
     5.202
     5.654
     5.537
     5.513
     5.800
     5.072
     4.491
     6.690
     5.816
     6.592
     4.887
     3.436
     5.613
     5.051
     4.399
     5.813
     4.490
     5.263
     4.693
     5.915
     4.992
     5.728
     5.152
     4.695
     4.943
     5.218
     5.923
     5.377
     5.779
     5.120
     5.928
     5.009
     5.790
     6.080
     5.425
     5.737
     5.223
     5.456
     4.721
     4.649
     5.850
     5.607
     5.462
     4.964
     4.642
     5.400
     5.688
     5.781
     5.641
     5.151
     5.535
     4.465
     5.122
     5.265
     3.503
     5.203
     6.151
     5.559
     5.106
     5.241
     5.136
     5.369
     4.375
     4.678
     5.634
     5.418
     4.955
     4.221
     4.932
     5.693
     6.578
     5.270
     5.517
     4.632
     5.020
     6.024
     5.996
     5.665
     5.919
     5.307
     5.475
     5.871
     5.508
     5.725
     6.216
     6.002
     5.317
     5.918
     5.718
     5.543
     5.615
     5.299
     5.366
     5.314
     4.648
     4.694
     5.414
     5.699
     4.765
     3.744
     5.621
     4.865
     5.902
     5.549
     5.096
     5.070
     5.976
     5.380
     6.079
     5.893
     4.851
     5.072
     5.444
     5.308
     5.941
     5.533
     5.989
     6.043
     5.007
     4.659
     5.760
     5.334
     5.099
     5.563
     5.216
     4.997
     5.337
     4.839
     5.873
     5.697
     5.682
     5.592
     5.602
     4.195
     5.458
     5.283
     5.188
     6.212
     5.387
     5.212
     6.245
     5.396
     5.775
     5.036
     5.780
     5.704
     5.995
     4.788
     4.825
     6.182
     5.111
     4.557
     5.659
     5.223
     5.338
     5.518
     5.395
     6.243
     5.392
     5.401
     4.448
     5.182
     5.135
     5.109
     5.075
     5.400
     5.634
     3.289
     5.357
     5.604
     4.844
     4.566
     5.984
     5.240
     5.405
     5.707
     5.463
     5.760
     6.126
     5.776
     4.794
     4.965
     5.277
     5.098
     4.828
     5.498
     6.455
     5.511
     5.391
     5.803
     5.708
     4.917
     6.342
     6.032
     5.841
     4.839
     4.647
     5.051
     4.960
     5.326
     6.103
     4.644
     5.283
     4.941
     5.727
     5.621
     4.124
     6.254
     5.396
     5.076
     4.605
     5.460
     5.506
     4.174
     4.520
     6.285
     5.481
     4.648
     5.739
     4.766
     5.217
     5.787
     5.754
     5.000
     5.952
     5.809
     6.029
     6.112
     3.794
     5.772
     4.634
     5.259
     5.500
     5.134
     5.405
     5.707
     4.595
     5.442
     4.962
     3.881
     6.023
     5.243
     5.431
     5.869
     4.607
     5.497
     4.958
     4.434
     5.635
     5.794
     4.992
     5.500
     6.228
     4.767
     6.181
     5.906
     5.705
     5.471
     5.173
     5.715
     4.866
     5.639
     5.848
     5.810
     6.022
     5.868
     5.583
     5.814
     5.826
     3.027
     4.652
     4.509
     5.490
     5.813
     5.293
     5.141
     4.958
     5.821
     5.608
     4.898
     5.632
     5.203
     4.898
     4.588
     6.244
     5.026
     5.798
     5.219
     4.840
     5.220
     6.134
     4.342
     5.866
     4.162
     5.962
     6.012
     5.766
     4.565
     5.551
     5.526
     4.902
     4.685
     5.582
     5.789
     5.762
     4.780
     3.440
     5.355
     5.086
     5.856
     5.005
     5.811
     5.192
     5.790
     4.963
     4.557
     5.363
     5.340
     5.349
     5.813
     5.937
     4.407
     5.677
     5.466
     5.582
     4.932
     5.579
     6.015
     6.184
     6.147
     6.153
     4.441
     5.931
     5.813
     5.736
     5.636
     5.655
     6.095
     4.869
     4.564
     5.118
     5.193
     4.346
     5.475
     5.256
     3.087
     4.903
     5.586
     6.109
     6.141
     5.770
     5.833
     4.023
     6.065
     5.949
     4.313
     5.461
     5.473
     6.126
     5.766
     6.009
     5.125
     5.507
     5.058
     5.870
     5.305
     5.306
     5.291
     5.091
     4.996
     5.377
     6.156
     5.952
     4.866
     5.353
     5.792
     5.827
     5.398
     4.652
     3.459
     4.773
     5.156
     5.719
     5.190
     5.691
     5.066
     6.213
     5.043
     5.737
     5.269
     5.227
     4.393
     5.235
     5.211
     5.980
     3.571
     6.031
     6.234
     6.159
     4.430
     5.510
     6.202
     5.463
     4.854
     4.956
     5.679
     5.672
     5.984
     5.159
     5.816
     5.751
     5.348
     5.684
     4.823
     6.300
     4.974
     5.292
     5.502
     5.666
     4.655
     5.379
     4.131
     4.930
     5.894
     5.319
     5.018
     5.445
     4.713
     5.113
     4.834
     4.305
     4.675
     5.222
     6.264
     4.578
     5.481
     5.666
     3.416
     4.160
     3.253
     5.470
     5.673
     5.288
     4.958
     4.755
     4.882
     4.892
     6.009
     5.378
     6.193
     5.560
     3.291
     5.901
     5.818
     5.669
     5.656
     5.364
     6.152
     5.870
     5.986
     5.293
     5.780
     3.899
     4.865
     5.865
     6.242
     5.009
     4.905
     6.046
     5.940
     5.569
     6.044
     6.528
     5.500
     5.635
     5.374
     5.141
     5.066
     5.261
     5.698
     5.944
     5.882
     5.312
     4.622
     4.752
     4.140
     5.060
     6.301
     5.419
     5.895
     5.050
     4.178
     5.692
     5.563
     5.028
     5.210
     6.031
     4.680
     5.560
     4.752
     5.156
     4.976
     4.825
     4.530
     4.923
     6.222
     5.054
     6.065
     6.291
     5.623
     6.062
     5.953
     4.941
     6.080
     5.340
     4.795
     5.924
     4.922
     4.724
     6.107
     5.189
     4.911
     5.938
     5.387
     5.049
     5.601
     4.778
     5.337
     5.343
     5.802
     5.479
     4.806
     5.849
     6.308
     5.834
     5.693
     4.488
     5.316
     5.461
     4.107
     5.740
     5.858
     5.663
     6.111
     5.912
     5.211
     5.006
     6.190
     5.727
     6.314
     5.934
     5.327
     5.628
     5.317
     5.540
     4.850
     5.628
     5.288
     4.878
     5.835
     5.508
     5.084
     6.060
     5.133
     6.202
     5.683
     5.194
     5.743
     5.994
     5.949
     5.725
     5.899
     5.882
     5.060
     4.746
     6.487
     4.642
     6.277
     4.829
     6.210
     5.891
     5.893
     5.861
     5.225
     5.999
     4.466
     6.202
     4.112
     5.532
     5.462
     4.970
     6.320
     5.292
     5.767
     5.504
     5.619
     5.610
     5.223
     6.260
     5.104
     5.257
     4.609
     6.479
     6.077
     6.120
     4.835
     5.003
     5.800
     5.708
     5.258
     5.050
     5.816
     5.761
     5.447
     5.919
     5.698
     5.097
     5.804
     5.304
     4.709
     5.608
     2.856
     6.013
     4.717
     4.756
     5.724
     5.517
     4.115
     5.607
     5.861
     5.648
     5.456
     5.020
     6.423
     4.173
     5.524
     6.143
     4.965
     5.898
     5.165
     3.628
     5.745
     5.740
     5.216
     5.850
     5.316
     6.202
     5.848
     5.272
     5.423
     5.929
     5.655
     5.171
     4.537
     4.901
     5.959
     4.546
     5.945
     5.668
     6.140
     5.840
     6.106
     3.344
     6.219
     6.324
     5.631
     6.259
     4.703
     5.817
     5.839
     6.208
     5.663
     5.442
     5.835
     5.341
     4.770
     5.678
     5.807
     5.443
     5.563
     4.983
     5.607
     4.792
     4.933
     5.507
     5.320
     5.080
     5.070
     5.377
     4.726
     5.853
     5.625
     5.007
     4.796
     3.805
     5.498
     5.074
     5.140
     5.595
     5.440
     4.692
     5.806
     6.521
     4.780
     5.663
     5.762
     5.126
     5.969
     5.137
     4.833
     5.888
     5.308
     4.881
     5.805
     5.765
     4.409
     4.446
     5.230
     5.961
     5.198
     5.909
     5.248
     5.762
     5.519
     4.664
     5.521
     6.185
     3.743
     5.192
     4.558
     5.908
     5.731
     6.158
     6.235
     5.953
     5.499
     6.042
     6.005
     5.717
     5.311
     4.594
     5.847
     5.593
     5.813
     4.695
     6.140
     4.334
     5.620
     5.094
     5.698
     5.792
     6.066
     5.791
     6.370
     5.690
     3.968
     5.097
     5.031
     6.148
     6.000
     5.054
     4.637
     5.341
     6.326
     6.222
     5.642
     4.698
     4.670
     4.229
     5.829
     5.010
     5.767
     5.304
     5.224
     4.834
     5.395
     5.077
     5.296
     5.349
     5.415
     5.391
     5.728
     6.382
     5.205
     5.249
     4.970
     5.804
     5.832
     5.079
     5.640
     4.458
     5.747
     4.921
     6.705
     6.187
     4.308
     4.287
     5.974
     5.065
     5.128
     6.031
     5.141
     5.367
     5.184
     4.766
     6.353
     5.113
     5.331
     5.359
     4.910
     6.096
     5.637
     5.832
     4.014
     5.114
     6.331
     5.599
     3.606
     4.206
     5.114
     5.879
     4.925
     6.275
     5.083
     5.594
     5.102
     5.913
     6.343
     5.397
     5.789
     5.132
     5.972
     4.915
     5.783
     5.782
     5.652
     5.790
     5.822
     5.771
     5.490
     4.799
     5.250
     6.288
     4.820
     5.774
     5.990
     5.374
     5.249
     4.977
     5.470
     5.274
     4.386
     4.975
     5.604
     4.265
     6.306
     5.437
     4.812
     5.481
     4.544
     4.967
     5.509
     5.729
     6.002
     5.729
     5.609
     5.531
     6.141
     5.928
     6.214
     5.936
     5.449
     5.822
     5.741
     6.233
     4.635
     5.793
     5.648
     6.027
     6.188
     6.030
     5.616
     5.897
     5.071
     4.998
     6.352
     5.019
     5.450
     5.757
     5.207
     6.261
     6.305
     6.322
     5.768
     6.065
     6.102
     4.530
     5.689
     5.825
     5.715
     5.794
     5.983
     5.424
     3.843
     5.932
     4.431
     6.220
     6.199
     5.540
     4.765
     4.126
     5.238
     5.116
     5.871
     6.207
     6.266
     5.971
     5.576
     6.156
     4.211
     6.059
     5.438
     5.183
     5.189
     5.511
     5.153
     5.764
     6.069
     5.062
     5.325
     5.077
     5.931
     5.777
     5.783
     4.580
     5.792
     5.843
     4.752
     5.640
     5.795
     5.066
     5.246
     5.813
     4.804
     5.538
     5.397
     5.966
     4.869
     5.275
     5.622
     5.330
     5.386
     5.411
     5.735
     5.105
     5.638
     3.414
     6.168
     5.767
     5.558
     4.445
     6.011
     5.421
     5.262
     4.666
     5.613
     5.695
     4.590
     4.784
     5.629
     6.061
     5.911
     5.327
     4.327
     5.358
     5.699
     4.827
     4.732
     5.367
     5.721
     4.977
     5.771
     5.142
     6.029
     4.261
     5.347
     5.846
     5.886
     5.782
     4.582
     4.545
     5.361
     5.201
     5.262
     5.218
     5.606
     5.589
     6.226
     4.693
     5.526
     4.180
     4.986
     4.575
     5.447
     5.348
     4.812
     5.323
     5.722
     4.961
     4.473
     5.896
     5.369
     5.319
     3.720
     4.878
     5.683
     4.721
     6.633
     5.707
     4.748
     4.879
     5.085
     6.160
     5.764
     5.420
     4.333
     6.170
     4.526
     5.341
     5.323
     4.684
     5.869
     5.948
     5.407
     5.909
     4.822
     5.320
     4.818
     6.069
     3.844
     6.403
     3.382
     4.641
     4.549
     5.221
     5.192
     5.668
     5.014
     5.753
     6.268
     5.008
     5.385
     6.099
     4.612
     4.828
     4.974
     5.096
     6.177
     5.079
     5.075
     5.100
     5.230
     5.746
     4.963
     5.466
     4.818
     5.282
     6.158
     5.862
     5.739
     5.179
     5.774
     6.173
     6.031
     4.976
     5.010
     5.683
     4.636
     5.637
     4.702
     5.020
     5.415
     4.823
     5.402
     5.730
     6.166
     5.427
     3.167
     5.750
     4.982
     4.859
     5.334
     5.786
     4.925
     4.991
     4.927
     5.669
     5.187
     6.074
     6.182
     6.042
     4.960
     6.012
     5.247
     4.370
     4.590
     5.846
     4.806
     4.466
     4.924
     5.086
     5.007
     5.206
     5.448
     5.489
     4.854
     6.062
     5.527
     5.773
     5.535
     5.756
     5.854
     5.512
     6.163
     4.867
     4.836
     5.685
     4.675
     6.235
     6.400
     5.198
     5.957
     5.625
     5.683
     4.821
     5.569
     5.749
     5.288
     6.205
     5.430
     5.424
     5.657
     5.839
     5.089
     5.911
     6.293
     5.129
     4.792
     6.283
     4.185
     4.894
     5.417
     5.040
     5.281
     5.548
     5.088
     6.197
     6.247
     5.699
     4.672
     5.300
     5.328
     6.048
     5.644
     5.840
     5.239
     5.386
     4.057
     5.130
     5.349
     5.987
     5.466
     5.599
     6.612
     5.483
     5.399
     4.828
     4.973
     5.609
     5.986
     5.392
     3.689
     5.532
     5.942
     6.079
     5.922
     4.416
     6.062
     5.919
     5.898
     6.049
     6.149
     5.830
     5.218
     5.464
     5.054
     5.759
     5.304
     5.801
     5.751
     5.293
     4.619
     4.952
     4.876
     5.808
     3.988
     4.917
     5.034
     5.823
     5.703
     5.228
     5.196
     6.337
     5.206
     5.989
     5.961
     4.623
     5.644
     5.800
     5.330
     4.659
     6.277
     4.651
     5.964
     5.258
     5.100
     6.176
     4.951
     5.928
     5.696
     5.360
     4.443
     5.444
     6.697
     6.093
     5.797
     5.684
     5.141
     4.119
     6.126
     5.891
     4.954
     4.876
     5.686
     4.372
     5.560
     5.466
     4.493
     5.215
     5.726
     4.692
     5.952
     5.274
     5.775
     5.278
     4.512
     5.344
     4.897
     6.072
     4.256
     4.864
     5.839
     5.950
     6.310
     6.383
     5.140
     5.588
     5.028
     5.387
     6.159
     5.826
     4.991
     5.287
     4.797
     5.626
     5.701
     5.590
     5.890
     5.594
     4.919
     6.497
     5.637
     4.956
     5.736
     5.733
     5.592
     5.736
     5.742
     5.784
     4.567
     6.221
     5.900
     5.720
     5.498
     5.608
     5.577
     6.066
     5.834
     5.419
     5.765
     5.118
     4.868
     5.173
     5.725
     4.825
     5.383
     6.046
     5.661
     5.707
     5.564
     5.492
     5.151
     4.595
     5.129
     5.159
     4.736
     5.552
     5.702
     5.767
     6.014
     4.574
     4.130
     6.140
     5.755
     5.164
     4.803
     5.550
     6.179
     5.842
     5.505
     3.910
     5.521
     5.919
     4.813
     4.912
     5.097
     5.282
     5.188
     5.260
     4.860
     5.785
     6.090
     4.523
     5.988
     5.564
     5.512
     5.078
     5.125
     4.469
     6.112
     4.568
     4.409
     4.942
     5.238
     5.000
     6.206
     5.502
     5.616
     3.888
     5.147
     4.586
     5.342
     5.075
     4.231
     6.146
     5.277
     4.960
     6.213
     5.545
     4.942
     6.572
     5.782
     4.462
     5.240
     5.513
     6.059
     5.509
     5.257
     4.956
     4.943
     5.274
     5.241
     5.533
     5.340
     4.317
     5.022
     6.358
     4.850
     5.638
     5.533
     5.604
     5.998
     5.756
     6.186
     5.921
     5.731
     5.534
     5.538
     5.291
     6.678
     5.976
     5.434
     5.251
     6.337
     5.627
     6.047
     5.379
     5.417
     5.336
     6.175
     4.903
     6.234
     5.496
     6.640
     4.801
     5.618
     5.042
     4.634
     4.677
     6.262
     5.329
     3.630
     5.921
     4.626
     4.797
     4.711
     5.298
     4.295
     5.961
     5.130
     5.027
     5.889
     5.952
     5.221
     4.919
     5.248
     6.019
     5.276
     5.906
     5.667
     5.035
     5.382
     4.905
     5.933
     5.348
     5.200
     3.567
     6.171
     6.557
     5.004
     5.711
     5.680
     5.751
     5.722
     6.006
     5.814
     6.251
     4.665
     4.706
     6.004
     4.887
     4.619
     4.639
     5.059
     5.257
     4.596
     5.347
     5.105
     5.585
     4.678
     5.205
     5.081
     5.394
     4.861
     4.124
     6.000
     5.267
     5.340
     5.032
     5.851
     5.218
     5.595
     5.784
     5.292
     5.660
     5.558
     5.189
     5.024
     5.434
     5.113
     5.824
     6.062
     6.062
     6.181
     6.020
     6.091
     5.011
     5.986
     3.206
     5.850
     5.968
     6.104
     5.882
     4.943
     5.940
     5.216
     4.918
     6.346
     4.886
     4.634
     6.278
     5.168
     5.880
     4.944
     5.438
     5.966
     5.107
     5.758
     5.811
     5.850
     4.788
     4.598
     5.525
     4.094
     5.309
     5.732
     5.646
     5.668
     4.398
     5.026
     5.366
     5.441
     5.486
     5.029
     5.735
     4.563
     5.859
     4.986
     4.998
     5.586
     5.343
     4.733
     5.286
     4.880
     4.612
     4.974
     6.139
     5.518
     5.361
     4.569
     5.594
     5.887
     5.965
     5.955
     3.940
     4.400
     4.702
     5.524
     5.130
     3.143
     5.058
     6.197
     5.944
     5.328
     5.956
     4.529
     5.970
     5.478
     5.661
     5.252
     5.199
     5.485
     5.506
     5.301
     5.561
     5.745
     6.563
     5.309
     5.790
     5.362
     5.052
     5.724
     5.476
     4.769
     5.468
     4.354
     6.371
     5.721
     5.335
     5.064
     5.398
     5.039
     5.536
     5.823
     5.715
     4.805
     4.860
     5.261
     6.049
     5.828
     4.988
     5.981
     5.932
     5.578
     5.856
     5.305
     5.121
     5.823
     6.373
     6.416
     5.673
     5.269
     5.816
     5.362
     6.013
     6.028
     4.982
     5.689
     4.610
     5.053
     3.092
     5.388
     5.875
     5.532
     4.988
     5.254
     5.147
     5.752
     5.111
     5.711
     4.797
     4.820
     4.490
     4.352
     5.859
     4.720
     5.465
     5.788
     6.051
     6.306
     5.361
     6.257
     4.875
     3.185
     5.193
     5.826
     5.639
     5.933
     5.685
     4.868
     5.661
     5.121
     5.715
     5.094
     4.812
     6.023
     5.850
     5.569
     5.295
     5.673
     5.512
     6.041
     6.324
     4.413
     4.711
     4.940
     5.494
     5.627
     3.713
     4.563
     6.301
     5.148
     5.783
     4.728
     5.772
     5.595
     5.793
     5.206
     5.345
     6.235
     4.806
     4.781
     5.468
     4.396
     5.138
     6.135
     6.315
     6.177
     6.432
     5.885
     4.887
     4.590
     4.165
     6.034
     6.002
     5.113
     6.240
     4.494
     5.774
     4.836
     4.947
     4.375
     5.160
     4.699
     5.440
     5.842
     4.998
     4.454
     5.224
     5.522
     4.966
     5.708
     5.486
     5.736
     4.948
     5.784
     5.808
     6.093
     5.827
     4.583
     6.293
     5.945
     5.207
     5.493
     5.808
     5.825
     5.056
     6.425
     4.604
     5.899
     6.036
     4.871
     5.398
     5.581
     5.328
     6.050
     5.852
     5.491
     6.187
     5.541
     4.652
     4.599
     5.803
     6.038
     4.887
     5.160
     5.711
     5.250
     5.816
     4.881
     6.069
     4.946
     5.624
     5.740
     5.498
     5.874
     5.769
     5.286
     5.491
     5.284
     5.365
     5.759
     5.705
     4.919
     5.747
     3.738
     5.952
     5.725
     4.001
     5.259
     5.107
     4.953
     6.043
     5.815
     5.749
     5.490
     5.598
     6.062
     5.201
     6.195
     5.286
     6.197
     5.185
     5.640
     5.766
     5.899
     5.302
     5.401
     5.051
     5.125
     5.671
     3.561
     6.125
     6.177
     5.182
     4.823
     5.539
     5.194
     5.149
     4.955
     5.486
     5.077
     5.163
     5.790
     5.833
     6.230
     5.265
     4.514
     4.766
     5.758
     5.868
     6.181
     5.132
     4.726
     5.867
     5.054
     5.037
     5.766
     6.614
     4.605
     5.363
     5.547
     5.741
     5.585
     5.912
     5.852
     6.195
     4.454
     5.787
     6.511
     5.301
     5.057
     5.435
     4.909
     4.973
     4.978
     6.086
     5.914
     4.853
     6.322
     4.468
     3.021
     5.730
     4.757
     5.961
     5.793
     5.855
     4.904
     5.858
     5.347
     4.854
     5.273
     5.583
     5.641
     5.646
     4.648
     5.229
     4.841
     5.536
     6.334
     5.585
     5.621
     5.729
     5.727
     5.595
     5.931
     5.881
     5.663
     5.085
     5.249
     4.938
     5.389
     4.829
     5.340
     5.452
     4.591
     5.870
     4.449
     5.297
     5.280
     5.868
     6.229
     4.978
     5.900
     5.557
     5.855
     5.776
     4.840
     6.017
     5.453
     5.766
     4.795
     5.470
     4.416
     4.920
     6.185
     5.302
     5.761
     5.466
     4.942
     6.139
     5.923
     5.680
     5.517
     5.354
     4.847
     5.078
     4.413
     5.840
     5.141
     5.866
     6.135
     4.502
     4.456
     5.649
     6.540
     6.177
     6.175
     5.923
     5.158
     4.368
     5.905
     6.222
     6.335
     5.396
     5.968
     5.274
     4.999
     5.777
     4.754
     5.786
     6.622
     4.627
     4.833
     5.477
     5.682
     5.053
     4.802
     3.882
     6.011
     5.475
     4.971
     5.660
     5.737
     5.002
     5.867
     6.196
     6.228
     5.826
     6.368
     6.146
     5.001
     5.307
     3.913
     5.291
     4.716
     4.849
     4.626
     4.951
     5.551
     5.828
     5.853
     5.799
     5.703
     4.770
     5.538
     5.171
     5.460
     4.990
     3.742
     5.715
     5.184
     5.680
     4.227
     5.178
     4.754
     5.113
     4.538
     5.156
     5.675
     5.729
     4.981
     5.906
     4.827
     4.864
     5.385
     5.999
     5.669
     5.573
     5.013
     4.967
     5.522
     5.241
     5.836
     5.323
     5.905
     4.377
     5.478
     6.278
     5.023
     4.489
     5.337
     5.969
     5.406
     4.703
     5.781
     5.454
     5.339
     6.002
     6.024
     5.543
     5.721
     5.718
     6.002
     5.261
     5.955
     5.351
     5.372
     5.437
     5.728
     5.140
     6.068
     4.902
     6.205
     5.493
     4.927
     5.750
     6.103
     5.793
     4.673
     6.137
     4.684
     5.776
     5.728
     5.570
     5.754
     5.702
     5.966
     4.824
     5.546
     5.032
     4.605
     4.736
     5.343
     5.411
     5.418
     5.463
     5.370
     5.843
     4.318
     3.797
     6.284
     4.949
     5.537
     6.146
     4.858
     5.623
     5.472
     4.959
     5.434
     6.188
     5.981
     4.452
     5.012
     5.583
     3.729
     6.607
     5.132
     5.548
     5.796
     6.249
     5.611
     4.875
     5.495
     4.951
     5.500
     6.010
     5.877
     5.159
     6.048
     5.211
     5.957
     5.139
     5.042
     6.014
     5.482
     5.769
     5.882
     5.871
     5.128
     5.200
     5.256
     5.214
     5.760
     4.421
     5.056
     6.030
     5.736
     5.556
     6.217
     5.371
     5.770
     5.605
     4.271
     5.555
     5.352
     6.234
     5.199
     5.716
     5.850
     3.651
     5.192
     4.722
     5.165
     5.726
     6.263
     6.011
     4.583
     6.183
     4.452
     6.235
     4.588
     6.379
     5.931
     4.838
     6.124
     4.750
     5.661
     5.356
     4.675
     6.285
     5.833
     4.883
     5.166
     5.692
     5.253
     6.115
     5.144
     5.664
     5.809
     5.238
     4.613
     5.743
     5.286
     5.414
     5.311
     4.696
     5.751
     5.566
     5.800
     5.140
     5.138
     4.351
     4.637
     4.695
     5.397
     5.389
     5.584
     4.659
     5.722
     4.367
     4.719
     5.758
     4.960
     3.811
     4.999
     4.353
     5.338
     5.901
     5.319
     5.838
     4.849
     5.151
     4.255
     4.639
     5.719
     4.852
     4.602
     5.642
     5.649
     6.075
     5.790
     5.455
     4.673
     6.292
     5.317
     4.788
     5.855
     5.015
     4.793
     4.881
     4.857
     5.345
     5.854
     4.911
     3.531
     5.548
     5.617
     5.051
     5.686
     5.449
     5.825
     5.809
     5.703
     5.758
     5.538
     6.205
     5.776
     5.767
     5.385
     5.376
     6.040
     5.809
     4.833
     5.557
     5.844
     4.374
     5.456
     5.857
     5.200
     5.296
     5.730
     6.311
     4.447
     4.693
     6.229
     5.824
     5.029
     5.468
     5.490
     5.018
     6.074
     6.268
     5.111
     5.598
     5.454
     5.999
     5.360
     5.469
     5.247
     4.980
     5.982
     5.693
     5.165
     4.569
     5.228
     5.519
     5.837
     5.734
     4.984
     4.925
     5.459
     5.877
     5.676
     5.049
     3.951
     6.027
     5.672
     5.884
     5.024
     5.011
     5.291
     5.777
     5.670
     4.941
     6.297
     6.228
     6.016
     4.838
     4.653
     5.257
     5.763
     5.090
     2.796
     5.772
     3.052
     5.149
     4.988
     4.782
     5.453
     5.150
     5.646
     5.290
     4.667
     5.823
     5.488
     3.824
     5.250
     2.558
     6.051
     6.016
     5.944
     5.569
     4.768
     4.995
     6.088
     5.480
     6.172
     4.941
     5.841
     5.863
     5.162
     5.079
     6.256
     6.002
     5.450
     5.912
     5.282
     6.131
     5.123
     3.438
     4.874
     6.435
     5.069
     4.998
     6.268
     5.191
     5.731
     5.205
     5.654
     5.124
     5.391
     3.578
     5.791
     6.113
     4.922
     5.402
     5.676
     5.879
     5.772
     6.328
     5.309
     4.356
     5.284
     5.805
     5.754
     4.965
     5.165
     5.206
     5.395
     5.123
     5.764
     4.981
     4.964
     5.043
     5.153
     3.759
     5.049
     5.117
     5.197
     5.053
     5.655
     5.526
     4.612
     5.912
     5.563
     5.951
     4.756
     5.678
     5.537
     4.967
     5.159
     5.444
     5.787
     5.070
     5.086
     4.527
     4.671
     4.366
     4.857
     6.045
     5.163
     5.843
     5.856
     5.618
     5.069
     4.981
     5.440
     5.057
     5.739
     5.432
     5.471
     5.652
     4.790
     5.094
     4.737
     6.009
     5.345
     5.327
     5.050
     4.992
     5.255
     5.526
     5.181
     6.172
     5.424
     5.976
     5.834
     5.386
     4.785
     5.662
     5.035
     5.013
     6.076
     5.748
     5.596
     5.584
     5.618
     4.950
     5.402
     5.164
     5.063
     5.151
     5.833
     4.258
     5.411
     5.129
     5.574
     4.407
     4.656
     4.953
     6.291
     5.086
     5.199
     4.860
     5.242
     6.511
     5.037
     4.864
     4.384
     4.895
     5.842
     6.139
     5.211
     5.479
     4.951
     6.328
     5.253
     6.064
     5.141
     5.364
     5.409
     5.046
     5.345
     5.684
     5.602
     4.992
     5.027
     6.069
     5.941
     4.835
     5.498
     4.851
     4.687
     5.239
     5.900
     5.835
     5.805
     4.553
     5.087
     4.381
     5.649
     5.109
     4.039
     4.631
     6.222
     5.887
     5.555
     5.702
     4.654
     5.888
     4.560
     3.895
     4.983
     4.218
     5.881
     5.239
     6.019
     6.273
     5.361
     5.346
     5.001
     5.925
     5.573
     5.893
     4.469
     5.487
     5.670
     4.941
     4.937
     5.258
     5.099
     5.994
     4.932
     3.686
     6.159
     5.579
     5.598
     4.926
     5.575
     5.496
     5.507
     5.785
     5.726
     5.481
     5.747
     4.883
     5.268
     4.253
     4.578
     4.664
     5.604
     5.305
     5.507
     5.351
     6.464
     5.751
     4.694
     4.695
     5.425
     5.047
     5.667
     4.765
     4.896
     2.569
     5.483
     5.459
     5.733
     4.983
     4.519
     6.089
     6.173
     5.855
     5.371
     5.610
     6.037
     5.816
     5.229
     5.534
     6.132
     5.322
     6.065
     4.485
     5.024
     6.099
     5.720
     5.000
     6.043
     5.983
     6.454
     5.345
     5.168
     5.769
     5.210
     5.026
     4.984
     4.845
     5.371
     5.576
     5.547
     6.289
     5.296
     4.466
     5.099
     4.291
     5.877
     5.275
     4.876
     5.585
     5.166
     5.458
     5.465
     4.941
     4.601
     5.765
     5.039
     5.405
     5.892
     5.029
     6.063
     5.483
     5.164
     4.877
     5.121
     5.001
     6.102
     5.374
     6.332
     6.143
     4.444
     4.929
     4.979
     5.842
     4.912
     6.410
     4.542
     5.376
     4.806
     5.712
     5.352
     6.224
     5.084
     5.676
     5.905
     5.003
     5.336
     5.807
     5.537
     5.699
     5.533
     5.183
     5.107
     5.168
     4.901
     5.813
     5.106
     6.287
     6.488
     4.797
     4.648
     5.684
     4.414
     6.109
     5.685
     5.979
     5.899
     4.320
     5.008
     5.586
     5.144
     5.831
     5.946
     4.934
     5.365
     5.390
     4.752
     5.559
     5.143
     5.858
     5.317
     6.222
     5.313
     6.237
     6.087
     5.227
     5.918
     5.634
     5.042
     5.804
     6.052
     4.983
     4.849
     5.237
     5.250
     5.084
     5.418
     6.277
     5.576
     6.063
     5.493
     5.113
     4.523
     5.872
     5.850
     6.058
     5.441
     5.456
     5.772
     5.103
     5.768
     5.234
     5.667
     4.089
     6.219
     5.257
     4.589
     5.142
     5.689
     5.070
     6.093
     4.675
     5.662
     5.030
     4.531
     4.575
     4.646
     5.597
     6.615
     3.592
     5.613
     5.607
     5.698
     5.674
     4.978
     6.253
     5.752
     5.320
     5.042
     5.432
     6.225
     5.829
     5.097
     5.764
     6.335
     6.479
     5.178
     6.016
     4.361
     5.414
     5.403
     4.745
     4.158
     4.992
     5.310
     5.401
     5.797
     5.453
     5.240
     5.689
     5.938
     6.094
     5.033
     4.726
     6.032
     4.998
     6.018
     5.612
     4.474
     4.524
     5.152
     4.839
     5.811
     5.768
     5.994
     4.082
     6.172
     5.908
     5.153
     5.965
     5.376
     5.393
     5.770
     5.185
     4.969
     4.434
     5.651
     5.541
     5.912
     4.624
     4.717
     5.129
     5.017
