     4.696
     4.633
     4.674
     4.611
     4.535
     4.437
     4.256
     4.101
     4.054
     4.056
     4.049
     4.105
     4.182
     4.197
     4.182
     4.145
     4.081
     4.022
     3.975
     3.948
     3.943
     3.984
     4.059
     4.140
     4.219
     4.276
     4.311
     4.342
     4.365
     4.360
     4.374
     4.361
     4.348
     4.322
     4.350
     4.351
     4.345
     4.344
     4.381
     4.409
     4.566
     4.642
     4.734
     4.829
     4.887
     5.000
     5.057
     5.088
     5.096
     5.067
     5.012
     4.941
     4.908
     4.842
     4.789
     4.730
     4.710
     4.679
     4.638
     4.612
     4.578
     4.555
     4.583
     4.639
     4.668
     4.713
     4.769
     4.812
     4.838
     4.833
     4.816
     4.806
     4.812
     4.812
     4.806
     4.849
     4.901
     4.974
     5.103
     5.224
     5.313
     5.338
     5.299
     5.274
     5.235
     5.172
     5.237
     5.310
     5.502
     5.660
     5.731
     5.731
     5.695
     5.625
     5.513
     5.423
     5.319
     5.224
     5.107
     4.986
     4.649
     4.415
     4.182
     4.148
     4.190
     4.273
     4.373
     4.571
     4.635
     4.730
     4.838
     4.964
     5.004
     4.977
     4.966
     4.988
     4.936
     4.922
     4.792
     4.760
     4.696
     4.638
     4.599
     4.546
     4.490
     4.362
     4.213
     4.064
     3.908
     3.834
     3.985
     4.279
     4.422
     4.408
     4.412
     4.408
     4.418
     4.495
     4.694
     4.738
     4.739
     4.761
     4.890
     5.008
     5.052
     5.093
     5.137
     5.138
     5.112
     5.102
     5.084
     5.041
     5.019
     4.950
     4.893
     4.921
     4.969
     5.023
     5.138
     5.229
     5.236
     5.139
     4.969
     4.749
     4.361
     4.087
     3.818
     3.769
     3.748
     3.771
     3.781
     3.843
     3.898
     3.936
     3.983
     4.010
     4.151
     4.184
     4.238
     4.388
     4.478
     4.659
     4.814
     5.027
     5.205
     5.269
     5.264
     5.240
     5.210
     5.214
     5.178
     5.156
     5.115
     5.067
     5.029
     4.979
     4.966
     4.963
     4.962
     4.928
     4.850
     4.784
     4.727
     4.686
     4.691
     4.658
     4.574
     4.442
     4.471
     4.694
     4.863
     4.945
     5.004
     5.084
     5.239
     5.402
     5.471
     5.489
     5.451
     5.393
     5.278
     5.004
     4.681
     4.142
     3.937
     4.368
     4.637
     4.917
     5.134
     5.309
     5.448
     5.564
     5.592
     5.600
     5.590
     5.562
     5.459
     5.356
     5.231
     5.012
     4.742
     4.533
     4.641
     4.905
     4.966
     4.945
     4.880
     4.842
     4.810
     4.799
     4.816
     4.833
     4.835
     4.810
     4.754
     4.710
     4.643
     4.537
     4.420
     4.316
     4.215
     4.166
     4.140
     4.103
     4.114
     4.137
     4.212
     4.321
     4.417
     4.450
     4.545
     4.628
     4.685
     4.714
     5.957
     4.081
     4.809
     5.325
     5.433
     5.074
     5.072
     4.404
     4.377
     5.156
     5.202
     5.266
     5.438
     4.825
     5.076
     4.960
     5.370
     5.391
     4.569
     4.456
     3.628
     4.855
     5.744
     4.666
     5.394
     5.193
     5.039
     4.277
     5.134
     5.303
     5.208
     5.283
     4.178
     4.219
     4.638
     3.945
     4.806
     4.589
     4.714
     4.997
     4.604
     3.290
     4.238
     4.675
     5.163
     5.074
     5.184
     5.030
     4.865
     5.203
     4.548
     4.359
     5.601
     5.367
     4.958
     5.215
     5.437
     5.638
     5.056
     4.903
     5.296
     5.240
     5.577
     5.406
     5.663
     3.746
     5.096
     5.598
     5.232
     4.645
     5.270
     2.556
     5.313
     4.567
     4.710
     5.436
     4.772
     5.210
     4.378
     5.029
     3.928
     4.437
     3.873
     4.564
     5.395
     4.268
     4.510
     5.912
     5.682
     3.574
     3.979
     5.363
     3.687
     4.635
     4.860
     4.841
     4.219
     4.290
     5.146
     4.963
     4.772
     4.874
     3.627
     5.264
     4.622
     4.454
     4.946
     4.752
     4.448
     4.758
     4.943
     5.065
     4.646
     5.249
     4.946
     5.539
     4.321
     4.416
     5.034
     5.596
     5.208
     4.827
     4.604
     5.095
     4.708
     4.188
     5.123
     4.952
     5.055
     4.610
     5.185
     5.349
     4.739
     4.817
     5.188
     4.108
     5.573
     5.333
     5.052
     4.425
     4.213
     5.530
     5.381
     4.291
     4.923
     5.566
     4.894
     4.107
     4.449
     4.167
     5.197
     4.039
     4.250
     4.936
     5.351
     4.076
     4.973
     4.418
     5.111
     5.239
     5.052
     4.812
     4.760
     4.719
     4.271
     5.331
     4.911
     4.997
     4.654
     5.438
     5.372
     5.015
     4.809
     4.993
     4.620
     3.991
     5.094
     4.284
     4.703
     4.498
     5.568
     4.514
     4.959
     5.614
     5.491
     4.649
     4.399
     4.743
     4.381
     4.227
     5.692
     4.797
     4.877
     5.590
     5.270
     4.837
     4.829
     5.039
     4.522
     5.358
     5.696
     5.353
     4.978
     5.504
     4.534
     4.385
     5.020
     5.720
     5.095
     5.491
     4.879
     5.870
     5.176
     5.221
     5.203
     4.522
     4.788
     4.907
     4.794
     3.323
     5.064
     4.398
     4.168
     5.476
     5.784
     4.442
     4.662
     4.713
     3.879
     3.613
     5.033
     3.863
     4.393
     5.360
     5.288
     5.006
     4.748
     5.305
     3.251
     3.947
     5.477
     5.245
     4.472
     5.637
     4.596
     4.119
     5.552
     4.648
     4.980
     5.250
     4.372
     5.079
     4.571
     4.922
     4.784
     5.202
     4.304
     4.676
     4.702
     5.486
     5.622
     4.611
     4.381
     5.185
     5.167
     4.129
     5.436
     5.162
     4.198
     4.411
     5.351
     5.240
     5.124
     5.240
     3.976
     3.845
     5.439
     5.516
     4.865
     4.850
     5.645
     4.413
     5.132
     4.527
     4.118
     5.166
     5.573
     5.031
     4.716
     5.102
     4.978
     5.103
     4.482
     5.422
     4.776
     4.900
     4.403
     4.919
     5.177
     5.105
     5.944
     4.922
     4.658
     5.515
     5.152
     5.143
     5.442
     5.477
     4.360
     4.998
     4.541
     5.905
     4.672
     5.130
     3.929
     4.618
     4.526
     5.110
     4.915
     4.234
     4.797
     5.187
     4.001
     4.718
     5.554
     4.874
     3.411
     4.586
     5.051
     4.225
     4.545
     4.763
     5.461
     4.349
     4.103
     4.308
     5.099
     5.331
     4.834
     5.137
     4.011
     4.267
     4.695
     4.711
     5.246
     5.087
     4.143
     4.224
     4.569
     4.573
     5.004
     5.662
     5.169
     5.175
     5.250
     4.599
     5.067
     4.836
     4.431
     5.373
     4.635
     4.344
     5.153
     4.446
     4.898
     5.139
     3.885
     5.287
     4.716
     5.232
     5.070
     4.848
     4.459
     4.339
     4.950
     5.347
     4.946
     4.594
     3.645
     5.646
     4.496
     4.552
     4.186
     5.267
     5.510
     4.988
     4.816
     5.130
     5.040
     4.829
     5.131
     4.796
     5.129
     5.640
     5.251
     5.205
     2.792
     5.192
     5.002
     5.571
     4.328
     5.277
     4.325
     4.547
     5.281
     4.457
     3.670
     4.335
     4.519
     4.150
     5.112
     4.851
     4.843
     5.236
     4.755
     5.628
     4.682
     3.652
     3.670
     5.333
     5.197
     4.388
     4.684
     4.959
     4.681
     5.223
     4.947
     4.807
     5.805
     4.873
     5.189
     4.754
     5.052
     5.538
     4.697
     4.442
     4.224
     4.656
     5.160
     5.593
     4.677
     5.062
     5.064
     5.166
     4.859
     4.318
     4.982
     4.883
     5.142
     4.302
     4.769
     4.350
     5.142
     4.639
     4.659
     5.054
     4.374
     5.383
     5.441
     4.596
     5.666
     4.119
     4.640
     4.709
     4.530
     4.911
     4.964
     5.235
     5.008
     5.206
     4.920
     4.364
     5.541
     5.419
     5.045
     4.559
     5.394
     5.198
     4.162
     4.261
     5.260
     3.652
     5.284
     5.153
     4.936
     4.308
     4.868
     4.698
     4.633
     5.421
     5.369
     5.175
     5.076
     4.333
     5.539
     4.883
     4.137
     4.280
     4.358
     4.645
     5.296
     5.360
     5.046
     4.431
     5.639
     5.637
     5.702
     5.198
     4.745
     4.793
     5.237
     4.963
     3.928
     4.712
     2.305
     5.144
     4.658
     5.331
     4.311
     4.603
     4.644
     4.158
     4.045
     4.865
     5.649
     4.321
     5.533
     4.505
     3.915
     4.511
     3.800
     4.898
     4.478
     4.579
     5.152
     4.650
     5.214
     5.273
     4.295
     5.448
     5.794
     5.234
     5.216
     3.753
     4.325
     4.257
     4.690
     4.873
     4.912
     4.493
     4.755
     5.473
     4.803
     4.928
     5.627
     4.787
     4.314
     5.664
     5.348
     4.239
     4.457
     4.955
     4.649
     5.432
     5.222
     5.100
     5.249
     5.460
     5.244
     3.234
     5.223
     3.308
     3.944
     4.988
     5.488
     4.470
     4.221
     4.733
     4.993
     5.214
     4.769
     5.332
     4.289
     5.031
     5.534
     5.550
     5.382
     4.518
     5.557
     4.911
     5.170
     4.048
     4.877
     4.161
     4.532
     5.697
     4.762
     4.766
     4.694
     5.654
     5.549
     4.640
     4.495
     5.400
     4.487
     3.980
     4.871
     4.799
     4.093
     4.734
     4.692
     4.292
     5.250
     5.193
     5.267
     4.516
     4.111
     4.661
     5.446
     4.322
     5.056
     5.536
     5.153
     4.197
     3.557
     5.268
     5.094
     4.287
     4.773
     4.471
     4.699
     4.333
     5.247
     4.767
     4.757
     4.277
     4.110
     5.640
     4.599
     5.125
     5.342
     5.292
     3.951
     4.470
     4.610
     5.803
     5.190
     4.766
     4.742
     5.526
     4.686
     5.577
     5.439
     5.476
     4.862
     4.915
     4.898
     4.903
     3.121
     5.415
     4.610
     4.953
     4.967
     5.106
     4.656
     5.291
     4.763
     4.703
     4.648
     5.331
     4.544
     5.349
     5.424
     5.284
     3.351
     5.602
     5.241
     5.068
     3.924
     5.310
     5.212
     5.092
     6.007
     5.203
     4.926
     5.001
     4.496
     4.100
     4.446
     5.025
     4.997
     5.206
     4.040
     5.254
     4.873
     5.798
     5.331
     5.509
     3.876
     4.679
     5.628
     4.885
     5.501
     5.214
     5.333
     5.433
     5.037
     5.316
     4.642
     5.143
     4.024
     5.079
     5.521
     5.136
     4.714
     4.923
     4.938
     5.065
     4.265
     4.435
     4.752
     4.944
     5.397
     4.614
     4.330
     5.359
     5.153
     5.433
     4.541
     5.582
     4.745
     5.319
     5.503
     4.335
     5.190
     4.814
     5.793
     5.223
     4.784
     5.319
     4.536
     4.570
     3.795
     5.345
     4.661
     4.526
     3.305
     5.042
     4.689
     4.843
     5.257
     4.624
     5.875
     4.906
     4.734
     5.677
     5.501
     5.204
     5.278
     4.732
     4.937
     4.565
     5.195
     4.864
     5.735
     5.171
     5.081
     4.883
     5.259
     4.139
     4.782
     5.001
     5.484
     4.571
     4.558
     4.567
     4.790
     4.723
     5.373
     5.535
     3.373
     5.616
     5.183
     4.449
     5.559
     5.256
     5.408
     5.262
     4.055
     5.193
     4.569
     3.445
     5.190
     3.983
     4.714
     4.974
     5.029
     4.122
     5.614
     5.796
     4.894
     4.705
     4.368
     5.117
     5.449
     4.557
     5.200
     4.560
     4.558
     4.078
     5.469
     4.848
     5.425
     4.857
     3.207
     4.688
     4.898
     4.943
     5.135
     5.344
     5.437
     5.853
     5.230
     2.855
     4.405
     4.663
     5.048
     5.197
     4.778
     4.720
     5.397
     4.544
     5.621
     5.015
     4.986
     4.363
     4.740
     5.519
     4.392
     5.081
     5.039
     4.506
     4.822
     5.163
     4.779
     5.979
     4.689
     4.382
     3.795
     5.049
     5.378
     3.762
     4.974
     5.534
     4.790
     5.011
     4.768
     5.420
     5.275
     4.863
     4.443
     4.015
     4.542
     5.403
     4.989
     4.364
     4.365
     4.374
     5.104
     5.019
     3.814
     5.455
     5.044
     4.811
     5.597
     4.951
     4.666
     4.929
     5.231
     4.595
     4.890
     4.439
     4.863
     4.622
     5.264
     5.188
     4.777
     4.094
     4.140
     4.527
     5.048
     5.296
     5.198
     5.062
     5.025
     4.134
     4.882
     4.526
     5.384
     4.613
     4.801
     5.060
     4.086
     4.308
     5.198
     5.211
     4.909
     4.671
     4.446
     4.245
     5.493
     5.403
     5.353
     4.233
     4.552
     4.265
     4.151
     4.810
     5.183
     4.655
     5.242
     5.034
     5.874
     4.622
     4.293
     4.530
     4.570
     4.170
     5.108
     5.169
     5.356
     5.156
     4.510
     4.122
     4.351
     5.077
     4.940
     4.576
     4.694
     5.401
     4.857
     4.481
     4.692
     5.227
     4.174
     5.562
     4.776
     4.191
     4.999
     5.470
     5.716
     4.758
     4.651
     4.755
     4.567
     4.871
     4.216
     5.084
     5.720
     4.502
     4.353
     5.070
     3.008
     5.173
     5.777
     4.473
     3.428
     5.127
     4.510
     5.229
     4.937
     5.129
     4.977
     4.900
     5.159
     5.512
     3.315
     3.931
     5.014
     5.222
     5.057
     4.448
     5.233
     5.293
     4.589
     3.353
     5.460
     4.192
     5.373
     4.427
     4.844
     5.771
     4.674
     5.158
     4.135
     5.340
     5.274
     5.258
     5.327
     5.393
     4.599
     4.169
     4.881
     4.801
     5.318
     4.995
     5.293
     3.176
     4.751
     4.881
     4.675
     5.101
     4.844
     4.265
     5.337
     4.916
     5.639
     5.354
     5.288
     4.835
     5.208
     4.605
     4.180
     5.993
     4.569
     5.019
     5.429
     5.057
     5.767
     5.023
     5.421
     5.556
     5.563
     5.562
     5.199
     4.635
     5.362
     4.795
     5.124
     4.889
     4.604
     4.119
     5.080
     5.091
     4.438
     4.780
     4.237
     5.095
     5.148
     4.974
     4.620
     4.316
     4.920
     4.846
     3.898
     5.288
     5.148
     5.204
     4.038
     4.449
     4.374
     5.109
     5.223
     4.977
     5.146
     4.818
     4.263
     5.208
     5.046
     5.370
     5.106
     4.465
     5.159
     5.707
     4.315
     5.247
     4.129
     5.276
     5.046
     5.034
     5.128
     5.603
     4.722
     5.366
     4.799
     5.267
     4.565
     4.359
     4.712
     3.482
     5.081
     4.217
     4.967
     4.063
     4.447
     5.486
     4.845
     4.840
     4.293
     4.343
     5.715
     4.993
     5.459
     3.077
     4.636
     5.474
     4.939
     5.472
     5.283
     4.420
     4.989
     4.853
     4.862
     4.409
     4.772
     4.199
     5.166
     3.111
     4.161
     5.067
     4.200
     4.290
     4.735
     4.270
     4.677
     5.063
     4.338
     4.340
     4.696
     4.481
     5.209
     4.323
     5.006
     5.111
     5.179
     4.075
     4.280
     4.335
     4.754
     4.474
     5.258
     4.900
     4.857
     4.741
     4.484
     5.303
     4.948
     4.207
     4.544
     5.033
     4.449
     4.635
     5.414
     5.071
     4.853
     5.404
     4.924
     4.506
     5.360
     4.855
     4.242
     4.410
     4.314
     3.062
     5.615
     5.598
     4.816
     4.488
     5.151
     5.264
     4.330
     4.157
     4.352
     5.760
     4.323
     5.583
     4.561
     4.727
     4.696
     5.022
     5.484
     5.091
     3.124
     4.407
     4.005
     4.169
     5.220
     5.678
     5.090
     4.338
     4.633
     4.739
     4.442
     4.999
     4.372
     4.546
     5.377
     4.614
     5.261
     3.813
     4.567
     5.408
     5.334
     4.936
     4.818
     4.629
     4.784
     5.280
     4.685
     5.300
     5.186
     5.357
     5.118
     4.582
     4.300
     4.936
     5.186
     5.184
     5.025
     5.551
     5.041
     5.132
     4.828
     5.720
     4.907
     4.790
     5.568
     5.452
     4.849
     4.228
     4.662
     4.055
     5.196
     3.730
     4.887
     4.841
     5.105
     4.923
     5.067
     4.438
     4.762
     4.677
     4.025
     4.406
     3.968
     4.006
     4.936
     4.585
     4.631
     4.537
     4.239
     2.883
     5.167
     5.403
     5.215
     4.497
     4.536
     5.932
     5.016
     5.157
     5.150
     4.911
     4.716
     4.462
     4.542
     4.587
     5.898
     5.107
     5.136
     5.443
     4.237
     4.859
     4.646
     5.354
     5.203
     4.514
     4.864
     5.078
     4.002
     4.948
     4.958
     4.515
     5.638
     4.696
     4.926
     4.409
     5.353
     5.615
     4.423
     4.711
     5.163
     4.774
     4.682
     5.746
     5.040
     5.323
     5.062
     5.359
     5.380
     5.688
     5.253
     5.297
     4.919
     4.021
     5.384
     5.120
     2.754
     5.340
     4.326
     5.314
     5.523
     4.587
     4.201
     4.484
     5.511
     4.440
     5.531
     4.596
     4.865
     4.507
     5.636
     4.891
     2.892
     4.719
     4.610
     4.529
     4.770
     4.850
     4.513
     4.795
     5.110
     4.653
     5.197
     5.149
     4.818
     4.653
     4.943
     5.120
     4.320
     4.038
     4.905
     4.108
     4.284
     5.083
     5.183
     5.113
     4.337
     3.887
     3.616
     4.373
     4.913
     5.173
     4.666
     4.079
     5.257
     4.624
     4.016
     4.721
     4.235
     3.818
     4.147
     5.251
     5.188
     4.202
     4.522
     4.953
     5.365
     5.073
     3.663
     4.717
     5.327
     5.110
     4.728
     5.110
     4.301
     4.104
     5.116
     4.275
     4.498
     5.540
     4.964
     4.582
     5.672
     4.274
     5.112
     5.182
     5.597
     5.068
     5.110
     5.043
     4.660
     4.877
     4.987
     5.531
     4.833
     3.955
     4.353
     4.652
     3.889
     5.503
     5.297
     3.939
     4.811
     4.871
     5.013
     4.836
     5.153
     4.688
     5.487
     4.060
     4.414
     3.754
     4.666
     5.343
     5.001
     4.146
     5.315
     4.493
     5.331
     4.438
     5.413
     4.667
     5.078
     5.184
     4.372
     5.500
     4.849
     4.300
     5.367
     5.689
     3.868
     3.422
     3.783
     4.792
     5.100
     4.747
     4.431
     3.186
     5.539
     3.577
     5.207
     4.569
     4.911
     5.224
     4.916
     5.404
     4.745
     5.063
     4.742
     5.268
     4.748
     4.466
     5.240
     4.050
     5.737
     4.498
     4.744
     5.101
     4.537
     4.969
     5.494
     4.467
     4.166
     4.976
     4.485
     5.125
     4.799
     5.713
     4.879
     4.323
     5.070
     4.830
     4.876
     4.733
     5.181
     4.939
     4.330
     4.573
     5.154
     4.819
     4.611
     5.168
     4.499
     4.849
     5.023
     5.218
     5.548
     4.274
     4.220
     4.983
     4.803
     5.269
     5.044
     4.711
     5.428
     4.726
     4.391
     4.017
     4.544
     5.042
     4.731
     5.304
     4.696
     4.956
     3.262
     4.727
     5.560
     5.421
     5.243
     4.702
     5.231
     4.573
     4.366
     4.577
     5.014
     5.593
     4.544
     5.095
     5.645
     5.563
     5.014
     5.372
     5.174
     5.340
     5.201
     4.729
     4.688
     4.322
     5.784
     5.535
     4.619
     5.231
     4.828
     4.405
     5.370
     5.162
     5.111
     5.634
     4.996
     5.195
     4.170
     4.269
     5.476
     5.480
     4.198
     5.081
     4.536
     3.170
     4.877
     4.824
     5.288
     3.879
     4.242
     5.351
     4.292
     5.685
     4.551
     5.064
     4.941
     4.380
     5.680
     5.157
     5.071
     5.353
     4.918
     4.403
     4.800
     4.262
     4.241
     5.119
     5.346
     5.527
     4.722
     4.420
     4.759
     4.223
     4.453
     4.831
     5.552
     4.992
     4.168
     5.434
     3.921
     4.992
     3.216
     5.530
     4.955
     4.357
     4.581
     4.803
     4.331
     5.139
     4.612
     5.266
     4.680
     4.890
     4.115
     4.629
     5.227
     4.409
     4.564
     4.784
     5.627
     5.215
     5.266
     5.610
     3.982
     5.183
     4.604
     4.416
     5.439
     5.001
     4.109
     4.923
     5.573
     5.468
     5.498
     5.181
     4.496
     5.297
     5.044
     4.522
     5.143
     5.028
     5.745
     5.364
     5.236
     4.869
     4.169
     4.516
     3.800
     5.285
     3.036
     4.571
     5.187
     4.604
     5.624
     5.265
     4.876
     4.859
     5.088
     4.976
     4.982
     4.277
     5.115
     4.304
     4.806
     5.017
     5.332
     4.624
     5.418
     5.093
     4.814
     6.042
     3.803
     3.515
     5.263
     5.014
     5.088
     4.540
     4.274
     4.860
     4.478
     4.724
     4.891
     5.498
     4.365
     5.279
     5.135
     5.359
     4.460
     4.457
     4.863
     5.407
     4.305
     5.587
     5.767
     4.728
     4.892
     3.413
     4.557
     5.492
     5.335
     4.580
     5.307
     4.319
     5.395
     4.733
     5.039
     4.566
     5.296
     4.805
     5.545
     5.217
     4.505
     5.346
     4.172
     5.639
     5.151
     3.941
     4.934
     4.750
     4.880
     4.198
     3.960
     5.322
     5.165
     4.903
     5.173
     4.535
     4.808
     5.401
     4.567
     4.548
     4.798
     4.259
     5.290
     4.543
     5.172
     5.418
     5.101
     5.398
     4.410
     5.053
     3.753
     4.836
     3.756
     5.285
     4.677
     5.071
     5.014
     4.850
     4.841
     5.059
     5.559
     5.150
     4.262
     5.286
     4.090
     4.046
     4.939
     4.956
     4.987
     4.869
     5.012
     4.837
     5.398
     5.272
     5.392
     5.671
     4.928
     4.399
     5.030
     4.651
     5.149
     5.163
     4.786
     3.699
     4.831
     5.559
     4.827
     5.081
     4.354
     4.666
     4.312
     4.270
     5.237
     5.482
     5.077
     5.172
     4.974
     4.961
     4.996
     5.367
     4.585
     4.710
     4.587
     4.792
     5.059
     4.629
     4.570
     4.649
     5.269
     5.235
     5.609
     4.901
     3.549
     4.728
     4.720
     5.368
     5.515
     4.803
     4.807
     5.261
     5.208
     4.383
     5.172
     5.468
     3.973
     4.808
     3.992
     4.723
     5.607
     4.744
     5.792
     4.776
     5.280
     5.211
     5.499
     5.007
     4.526
     5.581
     5.272
     5.160
     5.313
     4.440
     4.488
     4.471
     3.943
     4.128
     4.188
     4.944
     4.115
     5.043
     5.096
     5.533
     5.127
     4.902
     4.938
     4.850
     5.018
     4.701
     4.514
     5.956
     5.524
     5.238
     4.615
     5.255
     4.610
     4.609
     4.745
     5.045
     4.738
     4.839
     5.170
     4.751
     4.974
     4.832
     5.436
     4.969
     5.278
     2.918
     4.166
     4.794
     5.221
     4.801
     4.375
     4.458
     4.264
     4.615
     4.246
     3.688
     4.751
     5.360
     4.604
     4.552
     4.117
     4.913
     4.189
     3.549
     5.463
     5.529
     5.586
     5.300
     5.492
     4.661
     4.764
     4.322
     4.504
     5.534
     4.149
     4.250
     4.381
     4.271
     5.281
     5.102
     5.177
     4.538
     4.796
     4.649
     4.544
     4.719
     4.566
     5.116
     4.591
     5.261
     4.991
     4.579
     4.532
     4.120
     3.668
     4.534
     5.272
     5.258
     5.076
     4.670
     4.675
     5.355
     5.562
     4.726
     4.030
     3.943
     4.499
     4.467
     4.653
     4.928
     4.093
     5.097
     5.144
     4.428
     3.844
     4.760
     5.491
     4.260
     5.611
     5.123
     3.124
     4.676
     4.543
     5.413
     5.129
     4.944
     4.411
     4.262
     5.255
     4.543
     5.637
     5.348
     5.740
     5.237
     4.887
     3.376
     4.619
     4.619
     4.943
     4.174
     5.693
     5.163
     4.949
     5.609
     5.249
     5.071
     4.290
     5.844
     4.734
     4.985
     4.460
     4.956
     5.067
     5.351
     5.131
     4.740
     4.644
     5.406
     4.000
     5.736
     4.889
     5.250
     4.556
     4.312
     4.216
     4.005
     5.094
     4.453
     5.069
     5.366
     4.619
     5.679
     5.380
     5.636
     5.314
     4.424
     4.114
     4.528
     4.883
     4.976
     5.906
     4.875
     4.793
     5.677
     5.238
     4.989
     4.645
     5.173
     5.385
     5.320
     5.571
     5.294
     5.668
     4.378
     4.979
     5.345
     5.229
     4.741
     5.416
     5.235
     5.049
     4.688
     4.757
     3.623
     2.979
     5.365
     5.293
     5.788
     4.486
     4.821
     4.050
     4.777
     4.753
     4.623
     5.148
     4.466
     4.844
     4.225
     5.249
     4.748
     5.650
     4.638
     5.432
     4.988
     4.080
     5.580
     5.247
     5.075
     5.407
     5.294
     5.398
     4.434
     5.398
     4.834
     5.545
     5.684
     4.695
     5.682
     4.894
     5.471
     4.360
     4.918
     5.005
     4.878
     5.367
     4.197
     5.229
     5.153
     4.649
     5.587
     5.316
     5.622
     4.992
     5.291
     4.848
     4.809
     5.696
     4.701
     5.514
     5.065
     4.966
     4.970
     4.370
     5.415
     4.858
     4.961
     4.989
     4.933
     5.178
     4.865
     5.357
     4.267
     4.526
     5.471
     5.296
     4.212
     4.820
     4.762
     5.179
     5.612
     4.802
     5.136
     5.486
     5.522
     4.942
     4.574
     5.616
     5.356
     4.586
     4.844
     4.833
     5.378
     4.783
     4.427
     4.331
     3.968
     5.387
     5.440
     4.641
     5.330
     5.282
     5.324
     4.896
     4.221
     5.225
     4.679
     4.334
     5.243
     5.035
     5.340
     4.539
     5.404
     5.566
     4.978
     5.383
     4.870
     4.617
     4.902
     3.142
     5.318
     4.867
     4.936
     3.901
     4.850
     5.210
     5.199
     5.765
     4.296
     5.168
     5.107
     4.546
     4.119
     4.886
     5.430
     5.019
     5.251
     5.181
     5.242
     4.619
     4.859
     5.265
     4.905
     5.570
     2.105
     4.007
     5.421
     4.995
     3.783
     4.685
     5.270
     5.717
     5.790
     5.715
     4.721
     5.650
     4.201
     4.698
     4.930
     4.865
     5.085
     5.211
     5.197
     5.292
     4.589
     5.675
     4.570
     5.124
     4.152
     5.217
     4.450
     5.676
     4.478
     5.414
     4.197
     5.134
     5.365
     5.332
     4.734
     4.768
     4.406
     4.689
     4.518
     5.446
     4.439
     5.143
     5.215
     4.705
     4.763
     4.543
     3.942
     4.962
     3.992
     4.333
     4.209
     4.763
     4.939
     5.508
     5.088
     4.852
     5.130
     5.379
     5.140
     4.505
     4.533
     5.510
     4.923
     4.754
     5.153
     4.393
     3.265
     4.310
     4.192
     3.641
     4.830
     5.370
     4.932
     4.318
     5.370
     4.447
     4.924
     5.440
     3.995
     5.722
     5.014
     4.729
     4.058
     4.803
     4.496
     5.164
     4.299
     5.536
     5.332
     4.880
     4.360
     4.521
     5.013
     4.837
     5.136
     5.391
     4.842
     4.318
     5.358
     5.409
     5.362
     3.871
     5.201
     4.244
     4.957
     5.789
     4.108
     4.448
     4.816
     4.977
     5.116
     4.257
     4.285
     4.891
     5.190
     4.719
     4.780
     4.953
     5.643
     4.804
     4.349
     4.344
     4.640
     5.121
     5.661
     4.758
     4.109
     5.242
     4.689
     5.354
     4.965
     4.705
     5.403
     4.704
     5.473
     4.829
     4.445
     3.894
     3.921
     4.629
     4.798
     5.247
     5.495
     4.044
     5.144
     3.161
     4.774
     4.266
     5.287
     4.434
     5.182
     4.231
     5.125
     5.088
     3.769
     4.843
     4.302
     4.780
     4.911
     4.217
     4.718
     4.291
     5.113
     2.445
     5.597
     4.612
     5.041
     5.112
     5.063
     5.405
     5.103
     4.057
     4.354
     4.266
     5.184
     5.329
     5.338
     4.575
     5.198
     4.962
     4.739
     4.918
     4.165
     4.892
     4.532
     5.298
     5.985
     5.468
     5.462
     5.914
     4.623
     4.962
     5.058
     4.529
     5.098
     4.572
     5.430
     4.022
     5.590
     4.616
     5.353
     5.043
     5.224
     4.488
     5.344
     5.350
     4.557
     5.183
     5.058
     4.452
     4.611
     4.268
     5.775
     5.254
     4.048
     4.573
     5.785
     5.438
     4.860
     5.121
     4.251
     5.032
     5.387
     5.442
     5.374
     4.746
     4.250
     5.144
     4.912
     5.095
     3.723
     5.042
     4.532
     4.615
     5.047
     4.244
     5.194
     5.353
     4.673
     5.133
     5.585
     4.532
     5.158
     4.971
     4.663
     3.250
     4.469
     5.444
     5.174
     4.774
     4.826
     3.688
     4.658
     4.534
     5.495
     5.272
     5.274
     4.719
     5.564
     5.349
     5.077
     5.017
     4.358
     5.382
     5.406
     4.169
     5.225
     4.543
     5.479
     4.125
     4.637
     5.531
     4.972
     5.516
     4.975
     4.267
     4.502
     4.999
     4.985
     5.859
     4.574
     4.933
     5.266
     5.455
     5.621
     4.013
     3.837
     5.686
     4.573
     4.900
     5.264
     5.156
     4.960
     5.229
     5.082
     5.058
     5.046
     5.063
     4.523
     5.283
     4.806
     4.546
     5.174
     4.271
     5.249
     4.574
     4.368
     5.474
     4.181
     4.824
     5.196
     5.248
     5.584
     4.625
     4.014
     4.169
     5.620
     4.026
     4.995
     4.711
     5.012
     4.777
     4.532
     5.634
     4.229
     4.785
     3.973
     4.789
     5.111
     5.612
     4.144
     4.391
     4.636
     5.409
     4.766
     4.106
     5.214
     5.255
     4.567
     4.826
     5.071
     4.542
     4.184
     4.039
     3.726
     5.258
     4.367
     4.038
     4.070
     5.011
     4.557
     5.414
     5.906
     5.311
     5.211
     5.692
     5.304
     5.130
     4.799
     5.516
     4.563
     4.677
     4.965
     4.757
     4.693
     4.137
     4.742
     4.322
     5.355
     4.768
     4.384
     5.221
     5.406
     5.341
     5.536
     4.642
     5.210
     4.510
     4.606
     4.308
     3.972
     5.447
     4.584
     5.099
     4.573
     2.797
     5.203
     4.908
     5.245
     4.656
     5.563
     5.243
     5.245
     4.263
     4.793
     4.862
     5.258
     5.290
     4.680
     4.162
     4.385
     4.153
     5.112
     5.305
     5.199
     5.345
     5.009
     5.250
     5.209
     5.170
     4.220
     5.020
     5.406
     4.610
     4.992
     4.717
     2.783
     5.183
     4.303
     4.754
     5.364
     4.752
     4.418
     5.065
     5.182
     4.851
     5.153
     4.234
     5.426
     4.708
     5.419
     2.687
     5.127
     5.124
     4.224
     5.548
     4.966
     4.606
     5.234
     4.427
     4.788
     4.689
     5.368
     4.706
     4.664
     4.709
     5.759
     5.060
     4.967
     5.480
     4.275
     5.268
     5.121
     5.509
     4.866
     3.930
     5.070
     5.134
     5.292
     4.773
     4.746
     5.204
     4.781
     4.342
     4.356
     5.515
     4.055
     4.412
     5.230
     5.327
     4.377
     4.725
     4.835
     5.223
     5.224
     4.985
     4.671
     4.726
     5.644
     5.251
     5.702
     5.215
     3.684
     3.859
     4.699
     5.280
     4.469
     4.531
     4.517
     5.992
     4.625
     4.974
     4.077
     5.187
     5.155
     3.285
     4.567
     4.563
     3.919
     5.582
     4.475
     4.971
     4.709
     4.767
     5.586
     5.110
     4.226
     5.249
     5.052
     4.566
     4.736
     4.118
     4.742
     5.421
     4.869
     5.084
     5.209
     4.894
     4.516
     3.650
     5.753
     4.764
     4.939
     5.138
     5.179
     4.631
     4.469
     4.768
     4.747
     4.451
     4.895
     4.842
     5.228
     4.762
     4.383
     5.800
     4.332
     3.923
     4.982
     4.356
     4.506
     5.263
     4.787
     4.109
     5.762
     5.348
     5.675
     5.062
     4.517
     4.323
     5.561
     5.287
     5.144
     4.859
     5.373
     4.830
     4.637
     3.781
     4.841
     4.709
     4.397
     5.451
     5.389
     4.590
     5.201
     5.474
     5.133
     4.508
     4.497
     4.168
     4.780
     3.660
     4.696
     3.942
     3.668
     5.539
     5.148
     4.487
     5.564
     4.386
     5.131
     3.292
     5.185
     4.955
     5.857
     5.429
     5.559
     4.965
     4.539
     5.021
     4.484
     5.511
     4.146
     3.749
     4.949
     4.877
     5.024
     5.460
     4.378
     5.168
     5.010
     4.417
     4.325
     3.334
     4.462
     4.929
     4.714
     5.123
     5.205
     5.223
     5.140
     5.160
     4.572
     5.579
     5.498
     5.001
     5.104
     4.530
     4.433
     5.365
     5.406
     4.222
     4.599
     4.208
     5.593
     5.913
     5.051
     4.783
     5.202
     5.247
     5.256
     4.585
     4.511
     4.602
     5.222
     5.102
     5.090
     4.472
     5.510
     5.921
     5.417
     5.358
     4.706
     5.680
     4.970
     4.523
     4.793
     4.857
     4.989
     5.540
     5.360
     5.178
     4.467
     5.093
     4.534
     4.554
     4.139
     4.994
     4.535
     3.791
     4.284
     3.987
     4.990
     5.616
     5.070
     4.501
     5.193
     5.210
     4.519
     4.805
     5.333
     5.524
     5.285
     4.634
     5.345
     4.145
     5.200
     5.151
     4.869
     5.478
     4.721
     5.320
     4.536
     4.740
     4.965
     4.705
     5.321
     4.217
     4.737
     5.139
     5.009
     5.437
     4.683
     4.791
     4.891
     5.405
     4.336
     4.887
     4.264
     4.718
     4.927
     4.885
     4.034
     4.203
     4.886
     5.110
     4.351
     4.245
     4.400
     5.445
     5.195
     4.898
     4.637
     5.159
     4.939
     3.959
     4.551
     5.079
     5.574
     4.679
     5.105
     5.068
     4.901
     4.539
     5.500
     5.242
     5.722
     5.039
     3.852
     4.150
     4.158
     4.547
     4.525
     5.393
     5.136
     5.132
     3.852
     4.755
     5.040
     5.877
     4.837
     5.471
     4.965
     4.766
     5.300
     5.199
     4.938
     4.515
     4.291
     5.688
     4.052
     5.787
     5.439
     4.437
     5.460
     4.402
     5.013
     4.594
     4.522
     4.793
     4.944
     4.556
     3.750
     3.874
     3.752
     5.806
     4.822
     5.413
     5.125
     4.424
     4.998
     4.562
     4.520
     5.118
     4.569
     4.755
     5.200
     4.443
     4.814
     4.675
     4.389
     5.227
     5.353
     4.753
     3.914
     4.936
     4.254
     5.346
     5.112
     4.984
     4.928
     5.176
     5.667
     4.556
     4.814
     5.559
     4.962
     4.907
     4.361
     5.466
     3.961
     5.372
     5.260
     4.928
     4.503
     5.128
     5.161
     4.746
     5.130
     5.527
     4.685
     4.299
     4.293
     4.560
     4.933
     4.784
     4.899
     4.534
     3.301
     4.247
     5.152
     5.128
     4.845
     5.090
     5.199
     4.523
     5.045
     5.476
     4.948
     4.723
     5.407
     4.231
     4.397
     5.070
     5.088
     4.562
     4.974
     4.564
     5.205
     4.965
     4.132
     4.862
     5.253
     5.584
     4.723
     4.613
     5.187
     5.407
     5.242
     5.156
     4.689
     5.030
     4.987
     4.749
     4.711
     5.809
     4.873
     4.779
     4.913
     5.546
     4.965
     5.641
     4.390
     4.328
     3.807
     4.709
     4.875
     5.293
     4.665
     4.614
     4.818
     5.508
     5.131
     4.745
     5.121
     5.271
     3.414
     3.987
     5.456
     4.541
     5.533
     5.066
     5.137
     5.400
     5.406
     4.772
     5.748
     4.712
     4.733
     5.042
     4.963
     3.977
     5.401
     3.873
     4.801
     4.946
     4.366
     3.158
     4.647
     4.508
     4.835
     4.583
     4.777
     5.592
     4.899
     2.733
     4.901
     5.160
     5.126
     5.504
     4.822
     4.643
     5.378
     4.132
     4.554
     3.499
     5.701
     5.577
     5.354
     4.535
     4.604
     4.226
     5.347
     4.964
     5.471
     4.896
     5.567
     5.943
     5.595
     5.208
     5.118
     5.200
     5.576
     4.958
     5.002
     3.907
     4.881
     3.793
     4.846
     5.120
     5.465
     5.119
     5.230
     4.232
     4.614
     4.137
     4.860
     4.932
     5.786
     4.973
     4.717
     4.204
     5.102
     5.115
     4.073
     4.715
     4.977
     5.164
     3.538
     4.184
     4.310
     4.971
     4.882
     5.194
     5.117
     4.305
     4.436
     4.673
     4.628
     4.996
     4.658
     4.244
     5.263
     5.106
     4.322
     5.598
     4.247
     5.085
     5.370
     4.974
     5.053
     4.502
     4.990
     4.966
     5.057
     4.172
     5.300
     5.230
     5.258
     4.628
     4.656
     4.365
     4.813
     5.007
     4.184
     5.319
     4.575
     4.514
     4.259
     4.057
     3.414
     3.929
     5.181
     4.925
     4.086
     4.609
     5.148
     4.573
     4.985
     4.364
     4.636
     5.300
     4.086
     4.564
     5.022
     4.957
     4.380
     4.145
     4.078
     4.528
     5.593
     4.668
     4.986
     5.016
     4.224
     4.526
     4.342
     5.377
     5.146
     5.964
     4.402
     4.495
     5.324
     5.764
     4.462
     5.877
     4.215
     4.838
     4.638
     4.874
     4.855
     4.661
     5.129
     5.348
     4.494
     5.090
     4.976
     4.561
     4.639
     4.361
     5.365
     5.112
     3.851
     4.816
     4.905
     4.243
     5.200
     5.326
     5.468
     4.771
     4.804
     3.563
     5.397
     5.577
     4.243
     4.502
     4.111
     5.144
     4.110
     5.051
     2.652
     4.326
     3.264
     4.573
     4.695
     3.030
     4.578
     4.708
     4.181
     4.329
     5.313
     5.508
     5.001
     4.740
     5.466
     4.880
     5.586
     5.052
     4.570
     4.903
     4.846
     4.772
     5.522
     4.526
     5.968
     4.886
     4.417
     5.657
     5.430
     5.066
     4.279
     4.778
     4.643
     5.168
     5.415
     4.861
     4.772
     5.067
     4.964
     4.701
     4.045
     4.619
     5.253
     4.975
     5.117
     4.401
     4.363
     4.341
     5.170
     5.041
     5.027
     4.621
     5.025
     4.878
     5.065
     4.958
     4.614
     4.692
     4.195
     4.755
     4.601
     4.767
     5.639
     4.575
     5.109
     5.229
     5.097
     5.188
     4.793
     5.140
     4.914
     4.829
     5.376
     4.472
     5.057
     4.659
     4.860
     4.211
     5.183
     4.980
     5.343
     4.804
     4.208
     4.231
     5.088
     4.290
     5.561
     5.045
     4.285
     5.381
     5.393
     4.245
     5.504
     4.681
     5.635
     5.275
     4.607
     4.871
     4.037
     4.859
     4.817
     4.950
     5.495
     4.931
     4.793
     3.565
     5.032
     5.267
     5.252
     4.493
     4.825
     4.705
     5.145
     5.159
     4.204
     5.345
     4.623
     4.885
     3.067
     4.430
     4.598
     4.838
     4.646
     4.396
     5.102
     5.690
     4.757
     4.532
     5.034
     4.504
     5.631
     4.943
     4.780
     5.201
     5.273
     4.434
     5.602
     4.720
     4.804
     5.384
     5.185
     5.869
     5.410
     5.221
     5.285
     4.266
     5.761
     4.073
     4.169
     5.246
     5.305
     4.350
     5.504
     5.178
     5.028
     5.097
     5.044
     4.697
     5.241
     3.732
     4.033
     5.368
     5.619
     4.508
     4.310
     3.965
     5.395
     4.097
     4.356
     4.960
     5.285
     5.357
     4.906
     4.838
     5.571
     5.421
     5.880
     4.601
     4.227
     4.676
     4.490
     5.010
     5.559
     4.966
     5.204
     2.879
     4.394
     4.843
     5.034
     4.262
     4.672
     5.318
     4.091
     5.573
     5.325
     5.741
     4.848
     4.720
     4.970
     4.276
     4.608
     2.850
     5.555
     5.170
     4.088
     4.190
     5.112
     4.509
     4.478
     4.556
     4.378
     5.375
     5.070
     3.927
     4.564
     5.275
     4.515
     5.132
     4.784
     5.258
     4.949
     4.531
     5.493
     4.662
     6.005
     4.001
     4.415
     5.696
     4.887
     5.257
     5.363
     5.305
     4.585
     3.874
     4.430
     4.000
     4.735
     5.732
     4.609
     5.643
     4.693
     5.065
     5.083
     5.150
     4.737
     4.964
     4.345
     5.253
     5.171
     4.715
     5.115
     5.129
     4.357
     4.267
     4.556
     4.417
     4.613
     5.016
     4.726
     5.115
     5.207
     5.259
     5.039
     5.093
     4.960
     5.230
     4.774
     5.263
     5.047
     4.518
     5.076
     4.870
     5.680
     4.688
     5.316
     5.345
     4.889
     4.306
     3.803
     4.921
     4.839
     4.136
     4.359
     4.388
     4.750
     5.334
     3.200
     4.197
     5.193
     4.641
     5.076
     5.122
     4.804
     4.757
     5.406
     5.238
     5.170
     5.662
     4.374
     4.846
     5.301
     4.450
     5.234
     4.016
     5.214
     5.123
     4.960
     5.363
     5.328
     4.376
     5.159
     4.782
     5.906
     4.291
     4.311
     4.966
     5.038
     5.262
     5.404
     4.448
     3.106
     5.081
     4.662
     4.904
     4.737
     4.803
     4.418
     4.444
     4.415
     4.770
     4.779
     4.661
     5.074
     5.012
     5.070
     4.597
     5.156
     5.194
     4.887
     4.704
     4.589
     5.144
     4.152
     4.071
     5.384
     4.907
     4.045
     5.388
     4.253
     4.172
     4.411
     4.881
     4.729
     4.452
     4.926
     4.362
     5.440
     5.286
     4.604
     4.355
     5.258
     5.383
     3.750
     4.482
     5.234
     4.593
     5.055
     5.661
     5.258
     4.312
     5.298
     4.644
     5.061
     5.103
     4.245
     5.553
     5.065
     4.262
     4.226
     5.549
     4.496
     4.651
     5.765
     5.072
     5.003
     5.273
     4.761
     4.611
     5.226
     4.538
     4.935
     5.550
     5.167
     4.783
     5.081
     4.172
     5.505
     4.826
     5.582
     4.601
     5.756
     5.227
     4.890
     5.043
     5.421
     5.656
     4.562
     4.658
     4.261
     4.936
     4.897
     5.566
     4.266
     4.573
     4.947
     4.984
     4.155
     5.115
     4.282
     4.876
     4.914
     4.001
     4.929
     4.279
     4.806
     5.837
     4.568
     5.564
     5.742
     5.355
     4.120
     5.188
     5.676
     5.182
     5.741
     3.814
     4.153
     4.295
     3.275
     5.359
     4.710
     5.068
     4.521
     5.056
     4.575
     5.683
     4.380
     5.296
     5.221
     3.611
     5.137
     4.293
     4.818
     3.616
     4.554
     4.630
     4.062
     4.189
     4.572
     5.258
     5.084
     4.689
     4.560
     4.464
     3.876
     4.320
     5.085
     5.318
     4.930
     4.660
     5.177
     4.748
     5.198
     4.453
     4.192
     4.574
     5.160
     5.490
     5.069
     4.752
     4.824
     4.975
     4.010
     5.490
     4.623
     4.506
     4.521
     5.098
     4.722
     5.167
     4.003
     5.034
     4.735
     4.216
     5.180
     4.536
     3.785
     4.453
     5.052
     5.283
     5.621
     5.129
     4.993
     5.396
     5.169
     5.426
     4.535
     5.396
     4.700
     5.178
     5.049
     4.198
     4.326
     4.620
     4.848
     3.975
     5.131
     5.103
     4.608
     5.527
     4.931
     5.073
     4.322
     4.139
     4.469
     4.162
     4.584
     4.220
     5.432
     4.390
     5.185
     5.567
     4.989
     5.110
     5.053
     5.095
     4.321
     5.279
     5.000
     5.232
     4.893
     5.515
     5.332
     4.615
     4.523
     4.864
     3.983
     5.292
     4.485
     5.792
     2.974
     4.254
     5.669
     5.269
     4.263
     5.422
     4.187
     4.433
     4.395
     3.886
     4.854
     4.476
     4.914
     4.799
     4.534
     4.078
     4.867
     4.829
     4.496
     4.277
     4.791
     4.782
     5.111
     4.300
     5.296
     4.259
     5.435
     5.091
     2.703
     3.719
     4.296
     4.203
     4.937
     4.394
     3.958
     4.349
     5.192
     4.687
     5.328
     5.668
     4.853
     5.885
     5.249
     5.169
     4.242
     5.360
     4.286
     4.034
     4.585
     5.234
     4.583
     4.921
     4.014
     4.166
     3.258
     4.982
     5.086
     5.219
     4.977
     4.824
     5.193
     4.603
     4.509
     5.714
     5.303
     4.900
     4.596
     4.016
     4.035
     4.134
     5.635
     5.537
     4.325
     4.741
     5.327
     4.333
     4.536
     4.890
     4.672
     3.403
     4.587
     5.574
     5.086
     4.388
     4.879
     5.232
     4.775
     5.139
     4.568
     5.401
     4.994
     4.071
     4.606
     4.870
     4.824
     5.481
     5.345
     5.672
     4.186
     4.511
     5.003
     4.462
     4.426
     5.471
     4.846
     5.300
     5.568
     4.825
     4.651
     5.250
     5.326
     5.339
     5.128
     4.495
     4.621
     5.713
     4.683
     5.296
     4.852
     4.849
     5.145
     4.725
     4.002
     4.319
     4.616
     4.978
     5.301
     4.796
     4.663
     5.592
     5.178
     4.598
     5.050
     5.565
     4.927
     5.142
     5.700
     4.598
     5.394
     4.182
     5.181
     5.118
     4.992
     4.533
     4.811
     4.709
     4.475
     5.432
     3.134
     4.523
     5.424
     4.501
     5.384
     4.738
     4.380
     4.346
     3.968
     5.310
     5.928
     4.914
     5.280
     4.581
     5.377
     4.622
     5.301
     4.547
     4.949
     5.091
     4.398
     5.093
     5.248
     4.622
     4.466
     5.603
     4.822
     5.293
     4.156
     4.705
     4.879
     4.934
     5.650
     4.767
     5.684
     5.629
     4.254
     5.089
     5.064
     4.053
     4.651
     5.452
     4.846
     5.122
     5.315
     4.776
     5.209
     5.564
     5.243
     4.181
     4.784
     4.969
     4.263
     5.173
     5.228
     4.842
     4.726
     3.558
     5.457
     5.186
     4.260
     3.497
     5.354
     4.840
     4.202
     3.443
     5.278
     4.752
     5.270
     4.455
     5.270
     3.910
     2.818
     5.729
     3.909
     5.642
     5.529
     5.505
     5.128
     4.342
     4.078
     4.692
     4.610
     5.247
     4.852
     4.038
     5.404
     4.423
     5.341
     4.281
     5.197
     4.991
     3.989
     4.347
     4.682
     4.218
     5.079
     4.856
     5.186
     5.397
     4.253
     5.294
     5.002
     5.268
     5.391
     5.014
     4.880
     5.167
     4.055
     5.282
     4.340
     4.576
     4.594
     4.483
     4.319
     4.976
     4.950
     5.569
     4.778
     3.835
     5.211
     4.701
     5.205
     4.184
     4.850
     3.997
     5.633
     4.494
     5.637
     5.252
     5.647
     4.830
     5.233
     4.098
     4.468
     4.124
     4.998
     4.221
     5.654
     5.660
     5.175
     5.110
     5.787
     4.864
     4.283
     4.315
     5.249
     4.077
     4.674
     4.441
     5.621
     5.529
     4.824
     5.206
     5.519
     2.351
     5.104
     4.747
     5.402
     4.887
     5.011
     5.614
     5.373
     5.187
     5.117
     5.117
     4.928
     4.915
     4.480
     4.848
     4.886
     4.864
     4.591
     4.536
     4.949
     4.807
     5.356
     4.832
     5.189
     5.233
     4.231
     5.486
     4.941
     4.458
     5.298
     4.334
     4.601
     4.817
     4.872
     5.326
     5.181
     4.183
     4.368
     4.186
     4.190
     4.158
     5.010
     4.641
     5.584
     4.754
     4.974
     4.403
     5.360
     5.659
     4.004
     5.417
     4.847
     5.176
     4.493
     3.858
     4.155
     4.806
     4.808
     5.366
     4.033
     5.579
     4.007
     5.378
     3.523
     4.978
     5.674
     5.003
     4.865
     4.773
     5.205
     5.336
     4.692
     5.163
     5.137
     4.581
     4.806
     5.442
     4.810
     4.378
     5.398
     4.477
     5.239
     5.388
     4.968
     4.586
     4.762
     5.029
     4.888
     2.836
     5.060
     4.349
     5.519
     4.032
     5.324
     5.262
     4.951
     4.797
     4.993
     4.932
     4.232
     4.850
     5.623
     4.841
     5.086
     5.262
     4.964
     5.545
     6.012
     4.950
     4.045
     4.894
     4.589
     5.674
     5.061
     4.579
     4.230
     3.500
     4.979
     5.186
     5.031
     5.095
     4.469
     5.037
     4.823
     5.264
     5.363
     4.711
     5.225
     4.880
     5.365
     5.199
     4.939
     5.143
     4.949
     5.738
     4.221
     4.196
     5.727
     5.653
     4.693
     4.823
     4.573
     4.382
     5.315
     4.645
     4.493
     4.581
     5.413
     5.128
     5.718
     5.569
     5.593
     5.124
     5.419
     4.297
     4.600
     5.146
     4.706
     4.350
     5.073
     3.392
     4.895
     5.232
     5.264
     5.267
     5.297
     4.846
     4.690
     4.855
     4.318
     4.476
     4.162
     4.406
     5.282
     4.813
     5.127
     4.255
     5.297
     5.562
     5.326
     4.205
     4.293
     3.897
     5.369
     4.303
     5.459
     4.339
     4.262
     4.528
     3.936
     4.632
     5.297
     4.559
     5.072
     4.997
     5.101
     5.806
     5.515
     4.134
     4.266
     4.047
     4.750
     5.019
     5.111
     4.859
     4.821
     5.265
     5.570
     4.787
     5.181
     4.905
     5.241
     4.456
     3.622
     4.655
     4.334
     4.719
     5.519
     4.353
     5.055
     5.274
     5.574
     3.562
     5.436
     3.480
     3.358
     4.844
     3.110
     4.315
     4.946
     5.757
     5.135
     4.593
     4.563
     4.930
     4.861
     4.625
     4.954
     4.564
     4.339
     4.836
     5.533
     5.525
     5.284
     4.785
     5.340
     5.210
     4.262
     5.092
     4.366
     5.131
     5.149
     4.973
     5.863
     4.913
     5.157
     4.798
     5.128
     4.691
     4.409
     4.259
     5.479
     4.142
     5.320
     5.193
     4.450
     4.763
     4.836
     4.977
     4.316
     4.394
     2.946
     4.928
     5.229
     4.805
     4.142
     4.116
     5.105
     4.135
     4.281
     4.678
     5.223
     4.555
     4.835
     4.278
     4.668
     4.230
     4.197
     3.966
     4.762
     5.589
     4.794
     5.046
     4.576
     5.045
     5.032
     4.934
     5.006
     5.484
     5.250
     4.422
     5.356
     4.926
     4.767
     4.271
     5.246
     5.112
     4.795
     4.666
     4.671
     5.317
     4.596
     3.951
     4.841
     4.769
     4.674
     5.045
     4.850
     4.444
     4.403
     4.730
     5.202
     5.526
     3.715
     5.019
     4.779
     4.681
     5.134
     3.271
     5.211
     5.449
     4.944
     5.236
     4.713
     4.888
     4.906
     5.062
     4.964
     5.184
     4.629
     4.386
     4.289
     5.419
     4.943
     4.327
     5.094
     4.879
     5.176
     5.612
     5.530
     5.544
     5.395
     4.498
     5.278
     5.378
     4.697
     4.591
     4.563
     5.195
     5.076
     5.061
     4.911
     4.275
     5.044
     5.412
     4.198
     4.923
     4.384
     5.433
     5.132
     5.367
     5.430
     4.938
     5.687
     4.138
     4.759
     4.348
     5.138
     5.361
     4.544
     4.066
     4.455
     5.257
     4.428
     4.997
     4.264
     3.519
     5.303
     4.484
     4.302
     5.017
     3.306
     5.084
     5.044
     5.034
     4.793
     4.219
     4.507
     4.419
     4.669
     4.964
     5.572
     5.565
     4.967
     4.967
     4.549
     4.752
     5.119
     5.173
     5.260
     4.013
     4.518
     4.594
     5.168
     5.391
     5.171
     5.092
     4.714
     4.842
     5.034
     4.831
     4.845
     5.153
     4.626
     4.041
     5.013
     4.857
     5.152
     5.030
     4.748
     4.370
     4.326
     4.094
     4.295
     5.711
     5.309
     5.449
     5.216
     3.230
     4.142
     5.355
     4.838
     4.440
     4.871
     4.974
     5.432
     5.062
     4.486
     5.294
     4.801
     4.902
     5.069
     4.605
     4.377
     4.951
     5.001
     4.043
     4.493
     5.152
     4.419
     5.458
     4.620
     3.861
     5.036
     4.685
     5.305
     5.110
     5.387
     5.369
     4.905
     4.779
     4.184
     4.949
     5.006
     4.809
     3.394
     5.303
     4.790
     4.920
     4.595
     4.977
     4.321
     4.974
     4.629
     4.416
     5.273
     4.597
     5.465
     4.561
     4.636
     5.507
     3.855
     4.446
     4.615
     5.545
     5.505
     5.198
     3.976
     4.763
     4.777
     3.770
     4.646
     4.227
     5.194
     4.693
     5.188
     3.994
     5.266
     5.375
     5.057
     5.237
     4.640
     5.027
     4.895
     5.265
     5.044
     5.551
     4.239
     5.133
     3.532
     5.150
     5.000
     5.005
     4.502
     4.791
     4.012
     5.416
     4.928
     4.649
     5.069
     4.965
     4.956
     4.673
     4.408
     5.463
     4.270
     5.341
     4.757
     4.216
     4.159
     4.494
     4.568
     4.985
     4.971
     5.001
     5.063
     4.978
     5.086
     4.453
     4.303
     5.023
     5.358
     5.509
     5.797
     5.156
     4.668
     4.679
     5.159
     5.362
     4.459
     5.259
     5.335
     5.623
     4.768
     5.074
     5.230
     5.056
     5.028
     4.541
     5.368
     5.219
     4.402
     5.649
     5.099
     4.936
     4.880
     5.281
     4.730
     4.779
     4.174
     5.173
     4.503
     4.536
     5.026
     4.371
     4.809
     5.173
     5.179
     5.058
     5.311
     4.564
     3.997
     4.510
     4.592
     4.765
     4.743
     4.302
     4.824
     5.735
     4.152
     4.325
     4.880
     4.769
     5.413
     4.507
     4.753
     4.818
     4.336
     5.160
     4.327
     5.403
     4.649
     5.341
     5.512
     5.328
     5.342
     5.482
     5.356
     4.340
     5.318
     4.182
     4.952
     4.645
     5.112
     5.447
     4.459
     5.165
     5.201
     4.042
     4.632
     4.533
     5.501
     4.482
     4.524
     4.028
     5.479
     3.933
     4.855
     4.906
     4.876
     4.567
     5.110
     4.975
     4.157
     4.692
     4.000
     5.302
     5.162
     5.519
     4.948
     5.417
     5.565
     5.308
     4.178
     5.638
     5.431
     5.513
     4.248
     4.494
     5.297
     5.282
     5.084
     4.061
     5.196
     4.248
     3.878
     4.490
     5.171
     3.509
     4.954
     4.533
     5.442
     5.251
     4.649
     4.848
     5.032
     4.890
     5.117
     4.508
     4.530
     5.009
     4.028
     4.503
     5.034
     3.745
     5.647
     4.840
     5.218
     4.367
     4.772
     4.740
     4.528
     5.473
     4.256
     4.569
     5.154
     4.818
     4.699
     5.188
     5.328
     3.700
     5.683
     5.151
     5.228
     5.243
     5.221
     5.158
     4.358
     5.191
     4.949
     5.214
     4.587
     4.548
     4.217
     4.988
     3.969
     5.090
     5.404
     5.117
     5.142
     4.829
     5.295
     4.665
     4.380
     4.356
     4.673
     4.347
     4.797
     5.463
     5.257
     4.898
     4.700
     5.125
     4.965
     4.772
     4.576
     5.485
     3.963
     4.269
     5.423
     5.066
     3.701
     3.337
     5.450
     5.207
     4.025
     4.706
     5.609
     5.433
     5.199
     5.832
     4.538
     5.530
     5.647
     5.090
     4.530
     4.529
     4.975
     4.796
     3.021
     5.011
     4.503
     4.748
     4.911
     5.073
     4.386
     5.761
     4.592
     4.717
     4.533
     4.037
     5.116
     4.303
     5.180
     3.098
     5.233
     5.088
     5.128
     4.346
     4.654
     5.165
     4.816
     4.892
     4.350
     5.036
     4.582
     4.300
     5.176
     4.182
     4.565
     4.881
     4.723
     5.031
     5.119
     4.500
     5.301
     4.831
     4.259
     4.339
     5.495
     5.076
     5.207
     4.963
     4.418
     5.620
     3.401
     5.146
     4.298
     5.467
     5.368
     4.712
     5.865
     4.426
     5.318
     4.962
     4.181
     5.469
     4.527
     4.870
     4.932
     3.839
     4.937
     4.701
     4.761
     5.304
     4.316
     4.252
     4.718
     5.474
     5.291
     5.191
     4.793
     4.792
     5.101
     4.782
     4.681
     5.238
     5.391
     4.247
     4.221
     4.668
     4.777
     4.338
     5.659
     3.590
     5.127
     4.872
     5.572
     4.028
     4.839
     4.457
     5.108
     4.642
     5.003
     4.569
     5.520
     4.265
     4.934
     5.526
     5.332
     5.292
     5.622
     4.274
     3.453
     4.942
     4.565
     4.744
     5.602
     5.079
     4.999
     5.008
     4.707
     3.883
     5.299
     4.586
     5.253
     4.556
     4.855
     4.535
     5.025
     4.871
     5.705
     5.424
     4.700
     5.828
     5.195
     4.240
     5.032
     4.313
     5.306
     4.539
     5.179
     4.536
     4.201
     5.136
     4.360
     4.799
     4.880
     4.052
     5.546
     4.981
     4.807
     4.987
     4.851
     4.711
     4.638
     4.087
     5.483
     4.856
     4.971
     4.247
     4.233
     5.057
     4.974
     2.430
     5.475
     4.400
     5.466
     5.609
     4.932
     4.221
     5.144
     5.147
     5.299
     4.324
     4.288
     5.570
     4.275
     4.680
     5.150
     5.076
     4.922
     5.457
     4.371
     4.711
     4.787
     4.903
     4.623
     5.281
     4.567
     4.445
     4.943
     5.488
     5.705
     4.800
     5.957
     4.839
     5.293
     4.491
     5.320
     4.079
     4.770
     3.815
     4.226
     5.487
     4.832
     4.657
     5.115
     5.163
     4.149
     4.593
     4.925
     5.182
     4.546
     5.391
     4.412
     5.212
     4.834
     5.403
     5.270
     4.549
     5.030
     4.809
     4.122
     4.074
     5.381
     4.969
     4.649
     4.862
     4.203
     4.867
     3.429
     4.703
     5.652
     4.886
     5.204
     5.172
     5.149
     5.571
     4.673
     5.254
     5.552
     5.501
     3.874
     4.364
     5.429
     4.064
     4.611
     4.576
     5.228
     5.038
     4.973
     5.047
     4.731
     4.833
     4.178
     5.522
     4.613
     4.689
     5.094
     5.520
     5.217
     4.470
     4.251
     5.326
     4.002
     4.707
     5.672
     4.655
     4.629
     5.079
     4.682
     4.227
     5.452
     4.925
     5.136
     4.565
     4.566
     4.682
     5.062
     4.991
     4.961
     5.210
     4.575
     4.072
     6.025
     5.230
     5.921
     4.416
     3.086
     5.058
     4.572
     3.933
     5.234
     4.043
     4.771
     4.238
     5.295
     4.524
     5.188
     4.656
     4.238
     4.458
     4.758
     5.378
     4.886
     5.184
     4.632
     5.303
     4.537
     5.217
     5.478
     4.867
     5.145
     4.687
     4.969
     4.248
     4.182
     5.317
     5.015
     4.972
     4.498
     4.182
     4.869
     5.078
     5.193
     5.072
     4.662
     5.013
     3.941
     4.649
     4.739
     3.061
     4.703
     5.564
     5.019
     4.622
     4.686
     4.618
     4.828
     3.925
     4.203
     5.038
     4.890
     4.541
     3.771
     4.449
     5.117
     5.940
     4.826
     5.000
     4.266
     4.508
     5.456
     5.374
     5.101
     5.300
     4.763
     4.943
     5.319
     5.032
     5.193
     5.564
     5.436
     4.784
     5.322
     5.144
     4.988
     5.062
     4.757
     4.815
     4.796
     4.170
     4.204
     4.848
     5.104
     4.352
     3.388
     5.038
     4.353
     5.336
     4.986
     4.572
     4.540
     5.358
     4.836
     5.541
     5.348
     4.365
     4.589
     4.932
     4.828
     5.425
     4.984
     5.458
     5.510
     4.474
     4.210
     5.163
     4.798
     4.583
     4.980
     4.737
     4.497
     4.788
     4.368
     5.316
     5.132
     5.125
     5.037
     5.099
     3.777
     4.909
     4.798
     4.719
     5.670
     4.912
     4.698
     5.679
     4.896
     5.171
     4.460
     5.212
     5.128
     5.380
     4.241
     4.371
     5.550
     4.704
     4.080
     5.142
     4.731
     4.882
     4.981
     4.864
     5.586
     4.877
     4.858
     3.956
     4.713
     4.673
     4.667
     4.585
     4.841
     5.050
     2.957
     4.849
     5.045
     4.438
     4.198
     5.421
     4.736
     4.883
     5.176
     4.890
     5.164
     5.549
     5.252
     4.325
     4.473
     4.718
     4.642
     4.431
     4.974
     5.838
     4.993
     4.857
     5.216
     5.100
     4.414
     5.691
     5.437
     5.255
     4.438
     4.282
     4.525
     4.541
     4.822
     5.468
     4.201
     4.741
     4.424
     5.194
     5.062
     3.699
     5.639
     4.861
     4.540
     4.137
     4.905
     4.947
     3.734
     4.068
     5.717
     4.930
     4.186
     5.170
     4.297
     4.727
     5.208
     5.178
     4.484
     5.399
     5.247
     5.455
     5.536
     3.396
     5.230
     4.220
     4.762
     4.962
     4.580
     4.826
     5.133
     4.141
     4.928
     4.542
     3.485
     5.444
     4.773
     4.885
     5.310
     4.187
     4.933
     4.478
     4.009
     5.035
     5.261
     4.437
     5.008
     5.714
     4.278
     5.543
     5.362
     5.161
     4.893
     4.660
     5.218
     4.375
     5.074
     5.242
     5.246
     5.418
     5.245
     5.056
     5.262
     5.327
     2.672
     4.226
     4.049
     4.943
     5.282
     4.775
     4.660
     4.486
     5.273
     5.084
     4.437
     5.087
     4.716
     4.417
     4.208
     5.586
     4.499
     5.185
     4.723
     4.383
     4.703
     5.552
     3.891
     5.319
     3.739
     5.404
     5.371
     5.179
     4.135
     4.968
     5.003
     4.420
     4.317
     5.029
     5.269
     5.168
     4.325
     2.988
     4.830
     4.563
     5.277
     4.523
     5.279
     4.728
     5.224
     4.536
     4.142
     4.807
     4.804
     4.826
     5.220
     5.342
     3.961
     5.166
     4.951
     5.024
     4.427
     5.044
     5.369
     5.613
     5.632
     5.630
     3.998
     5.377
     5.214
     5.176
     5.137
     5.083
     5.449
     4.427
     4.109
     4.665
     4.716
     3.916
     4.949
     4.752
     2.819
     4.386
     5.047
     5.573
     5.575
     5.199
     5.297
     3.608
     5.483
     5.331
     3.946
     4.909
     4.940
     5.548
     5.175
     5.466
     4.584
     4.990
     4.578
     5.275
     4.765
     4.785
     4.810
     4.605
     4.589
     4.851
     5.558
     5.384
     4.399
     4.828
     5.269
     5.222
     4.812
     4.175
     3.111
     4.359
     4.617
     5.191
     4.681
     5.111
     4.616
     5.672
     4.562
     5.131
     4.723
     4.649
     3.936
     4.721
     4.663
     5.356
     3.229
     5.402
     5.648
     5.583
     3.980
     4.980
     5.645
     4.917
     4.351
     4.531
     5.089
     5.176
     5.404
     4.672
     5.246
     5.156
     4.809
     5.152
     4.364
     5.753
     4.505
     4.738
     5.000
     5.088
     4.249
     4.870
     3.695
     4.369
     5.358
     4.753
     4.512
     4.977
     4.161
     4.610
     4.328
     3.863
     4.252
     4.720
     5.661
     4.099
     4.901
     5.081
     3.012
     3.764
     2.919
     4.925
     5.143
     4.755
     4.493
     4.275
     4.460
     4.411
     5.483
     4.857
     5.549
     5.001
     2.863
     5.362
     5.233
     5.073
     5.089
     4.845
     5.559
     5.318
     5.432
     4.753
     5.282
     3.444
     4.430
     5.306
     5.634
     4.525
     4.428
     5.463
     5.324
     5.005
     5.463
     5.905
     4.945
     5.049
     4.893
     4.627
     4.520
     4.778
     5.109
     5.349
     5.273
     4.778
     4.197
     4.275
     3.731
     4.572
     5.751
     4.886
     5.288
     4.512
     3.767
     5.139
     5.093
     4.588
     4.726
     5.486
     4.261
     5.071
     4.304
     4.692
     4.526
     4.379
     4.154
     4.405
     5.561
     4.485
     5.478
     5.667
     5.052
     5.457
     5.347
     4.376
     5.487
     4.796
     4.294
     5.373
     4.442
     4.334
     5.512
     4.686
     4.497
     5.376
     4.941
     4.549
     5.039
     4.325
     4.789
     4.789
     5.203
     4.899
     4.338
     5.295
     5.688
     5.209
     5.082
     4.118
     4.783
     4.960
     3.682
     5.203
     5.265
     5.175
     5.499
     5.388
     4.638
     4.544
     5.544
     5.204
     5.679
     5.339
     4.767
     5.113
     4.817
     5.019
     4.374
     5.047
     4.788
     4.400
     5.313
     4.942
     4.604
     5.474
     4.618
     5.593
     5.113
     4.647
     5.190
     5.467
     5.379
     5.210
     5.337
     5.332
     4.572
     4.367
     5.836
     4.209
     5.678
     4.365
     5.551
     5.371
     5.373
     5.353
     4.704
     5.395
     4.020
     5.569
     3.734
     4.994
     4.933
     4.501
     5.693
     4.831
     5.231
     4.940
     5.041
     5.127
     4.732
     5.733
     4.599
     4.736
     4.168
     5.828
     5.485
     5.520
     4.341
     4.425
     5.199
     5.142
     4.707
     4.582
     5.228
     5.236
     4.927
     5.336
     5.142
     4.591
     5.275
     4.751
     4.234
     5.035
     2.591
     5.387
     4.277
     4.267
     5.135
     4.993
     3.700
     5.085
     5.253
     5.088
     4.933
     4.555
     5.792
     3.786
     5.044
     5.503
     4.500
     5.385
     4.666
     3.234
     5.133
     5.208
     4.743
     5.294
     4.841
     5.567
     5.339
     4.750
     4.844
     5.348
     5.108
     4.632
     4.094
     4.507
     5.371
     4.101
     5.386
     5.095
     5.578
     5.213
     5.496
     2.986
     5.600
     5.672
     5.142
     5.605
     4.293
     5.287
     5.313
     5.685
     5.108
     4.930
     5.302
     4.867
     4.339
     5.110
     5.282
     4.998
     5.059
     4.498
     5.077
     4.327
     4.500
     4.975
     4.792
     4.581
     4.596
     4.850
     4.285
     5.245
     5.044
     4.559
     4.327
     3.431
     4.964
     4.604
     4.690
     5.020
     4.980
     4.276
     5.266
     5.876
     4.241
     5.107
     5.176
     4.670
     5.352
     4.558
     4.372
     5.288
     4.797
     4.446
     5.203
     5.220
     3.972
     4.034
     4.707
     5.395
     4.725
     5.346
     4.735
     5.218
     4.988
     4.228
     4.949
     5.563
     3.382
     4.687
     4.028
     5.363
     5.221
     5.557
     5.633
     5.399
     4.962
     5.413
     5.365
     5.185
     4.795
     4.225
     5.236
     5.042
     5.222
     4.196
     5.520
     3.930
     5.045
     4.633
     5.100
     5.240
     5.508
     5.209
     5.769
     5.131
     3.512
     4.588
     4.526
     5.565
     5.461
     4.564
     4.237
     4.812
     5.669
     5.604
     5.129
     4.267
     4.279
     3.836
     5.267
     4.506
     5.192
     4.762
     4.754
     4.342
     4.892
     4.558
     4.816
     4.865
     4.885
     4.878
     5.132
     5.786
     4.775
     4.712
     4.535
     5.183
     5.269
     4.597
     5.087
     3.976
     5.201
     4.506
     6.028
     5.575
     3.881
     3.866
     5.355
     4.632
     4.664
     5.456
     4.630
     4.816
     4.710
     4.298
     5.720
     4.573
     4.844
     4.837
     4.343
     5.539
     5.076
     5.332
     3.629
     4.610
     5.732
     5.080
     3.247
     3.770
     4.630
     5.287
     4.457
     5.669
     4.606
     5.138
     4.630
     5.397
     5.693
     4.893
     5.284
     4.580
     5.348
     4.459
     5.265
     5.276
     5.088
     5.213
     5.288
     5.189
     4.931
     4.251
     4.741
     5.706
     4.317
     5.195
     5.434
     4.843
     4.714
     4.403
     4.951
     4.769
     4.003
     4.506
     5.133
     3.837
     5.776
     4.908
     4.373
     4.927
     4.083
     4.517
     5.048
     5.118
     5.414
     5.238
     5.040
     4.997
     5.560
     5.375
     5.657
     5.409
     4.906
     5.265
     5.154
     5.632
     4.254
     5.229
     5.067
     5.482
     5.608
     5.418
     5.038
     5.381
     4.490
     4.502
     5.803
     4.562
     4.935
     5.190
     4.704
     5.649
     5.681
     5.700
     5.218
     5.432
     5.497
     4.160
     5.096
     5.247
     5.153
     5.213
     5.436
     4.887
     3.437
     5.408
     3.995
     5.558
     5.541
     5.018
     4.324
     3.707
     4.744
     4.577
     5.329
     5.618
     5.657
     5.377
     5.041
     5.593
     3.779
     5.423
     4.909
     4.738
     4.651
     4.986
     4.648
     5.231
     5.521
     4.582
     4.793
     4.575
     5.411
     5.197
     5.197
     4.148
     5.290
     5.271
     4.269
     5.147
     5.212
     4.591
     4.759
     5.245
     4.346
     5.009
     4.898
     5.432
     4.414
     4.757
     5.076
     4.846
     4.833
     4.872
     5.159
     4.605
     5.063
     3.064
     5.609
     5.189
     5.026
     4.088
     5.503
     4.886
     4.739
     4.182
     5.007
     5.205
     4.190
     4.307
     5.092
     5.508
     5.349
     4.758
     3.882
     4.865
     5.112
     4.363
     4.280
     4.897
     5.134
     4.438
     5.210
     4.684
     5.490
     3.820
     4.830
     5.229
     5.310
     5.264
     4.174
     4.025
     4.862
     4.682
     4.747
     4.696
     5.064
     5.015
     5.633
     4.253
     4.983
     3.754
     4.499
     4.180
     4.917
     4.841
     4.318
     4.848
     5.172
     4.465
     4.036
     5.352
     4.843
     4.775
     3.268
     4.424
     5.144
     4.263
     5.961
     5.149
     4.297
     4.420
     4.597
     5.581
     5.224
     4.911
     3.925
     5.560
     4.079
     4.801
     4.820
     4.317
     5.264
     5.393
     4.846
     5.380
     4.327
     4.815
     4.341
     5.488
     3.506
     5.767
     3.024
     4.203
     4.130
     4.703
     4.641
     5.129
     4.519
     5.149
     5.665
     4.518
     4.873
     5.545
     4.158
     4.383
     4.521
     4.577
     5.585
     4.574
     4.609
     4.618
     4.719
     5.139
     4.545
     4.899
     4.382
     4.790
     5.607
     5.267
     5.241
     4.626
     5.280
     5.554
     5.488
     4.505
     4.519
     5.110
     4.195
     5.071
     4.325
     4.537
     4.937
     4.357
     4.862
     5.121
     5.614
     4.855
     2.836
     5.195
     4.530
     4.389
     4.801
     5.204
     4.444
     4.461
     4.455
     5.167
     4.702
     5.510
     5.545
     5.462
     4.515
     5.487
     4.739
     3.931
     4.135
     5.303
     4.372
     3.985
     4.456
     4.640
     4.485
     4.718
     4.993
     4.974
     4.400
     5.492
     5.037
     5.194
     4.998
     5.164
     5.241
     4.937
     5.572
     4.411
     4.384
     5.143
     4.215
     5.606
     5.769
     4.739
     5.437
     5.062
     5.117
     4.375
     5.022
     5.259
     4.767
     5.627
     4.917
     4.847
     5.145
     5.251
     4.601
     5.396
     5.669
     4.678
     4.373
     5.611
     3.762
     4.428
     4.934
     4.529
     4.755
     5.009
     4.564
     5.630
     5.706
     5.109
     4.123
     4.794
     4.817
     5.434
     5.076
     5.296
     4.700
     4.838
     3.655
     4.674
     4.765
     5.440
     4.931
     5.039
     5.942
     4.884
     4.853
     4.379
     4.515
     5.085
     5.398
     4.838
     3.296
     4.989
     5.352
     5.490
     5.307
     3.956
     5.456
     5.395
     5.280
     5.485
     5.571
     5.237
     4.727
     4.911
     4.602
     5.239
     4.799
     5.198
     5.175
     4.787
     4.254
     4.488
     4.432
     5.232
     3.578
     4.448
     4.541
     5.237
     5.121
     4.754
     4.698
     5.723
     4.714
     5.445
     5.362
     4.161
     5.081
     5.201
     4.824
     4.205
     5.694
     4.160
     5.437
     4.758
     4.582
     5.528
     4.444
     5.395
     5.129
     4.838
     4.079
     4.879
     6.025
     5.539
     5.217
     5.139
     4.686
     3.693
     5.485
     5.301
     4.448
     4.447
     5.158
     3.941
     4.977
     4.960
     4.048
     4.733
     5.171
     4.246
     5.422
     4.675
     5.200
     4.775
     4.041
     4.856
     4.407
     5.468
     3.809
     4.397
     5.248
     5.377
     5.695
     5.785
     4.677
     5.100
     4.576
     4.886
     5.544
     5.307
     4.527
     4.770
     4.309
     5.082
     5.152
     4.986
     5.374
     5.004
     4.462
     5.855
     5.157
     4.468
     5.143
     5.145
     5.055
     5.147
     5.209
     5.185
     4.117
     5.638
     5.290
     5.184
     4.923
     5.045
     5.006
     5.438
     5.326
     4.885
     5.229
     4.658
     4.401
     4.665
     5.206
     4.364
     4.809
     5.436
     5.081
     5.198
     5.021
     4.927
     4.655
     4.144
     4.667
     4.699
     4.343
     4.981
     5.114
     5.172
     5.391
     4.169
     3.694
     5.532
     5.182
     4.604
     4.380
     4.965
     5.611
     5.351
     4.928
     3.513
     5.006
     5.396
     4.334
     4.334
     4.608
     4.814
     4.651
     4.716
     4.385
     5.267
     5.491
     4.112
     5.453
     5.006
     4.965
     4.621
     4.602
     4.098
     5.565
     4.160
     3.903
     4.395
     4.731
     4.505
     5.642
     5.019
     4.989
     3.500
     4.641
     4.169
     4.814
     4.577
     3.781
     5.601
     4.778
     4.489
     5.565
     5.030
     4.425
     5.916
     5.236
     4.006
     4.720
     4.959
     5.523
     5.026
     4.709
     4.532
     4.529
     4.731
     4.737
     4.949
     4.781
     3.976
     4.568
     5.735
     4.365
     5.051
     4.979
     5.031
     5.397
     5.216
     5.526
     5.326
     5.151
     4.958
     4.984
     4.719
     6.006
     5.403
     4.913
     4.749
     5.733
     5.109
     5.478
     4.864
     4.926
     4.843
     5.541
     4.431
     5.617
     4.902
     5.985
     4.352
     5.054
     4.539
     4.175
     4.283
     5.668
     4.827
     3.306
     5.379
     4.159
     4.406
     4.257
     4.785
     3.852
     5.332
     4.676
     4.548
     5.314
     5.400
     4.746
     4.377
     4.758
     5.440
     4.732
     5.325
     5.132
     4.552
     4.831
     4.456
     5.442
     4.790
     4.734
     3.225
     5.600
     5.911
     4.502
     5.136
     5.103
     5.196
     5.172
     5.430
     5.284
     5.689
     4.248
     4.279
     5.444
     4.407
     4.078
     4.206
     4.622
     4.764
     4.144
     4.756
     4.581
     5.021
     4.287
     4.684
     4.563
     4.857
     4.453
     3.709
     5.413
     4.738
     4.851
     4.476
     5.331
     4.691
     5.053
     5.200
     4.754
     5.094
     5.002
     4.683
     4.580
     4.907
     4.547
     5.280
     5.492
     5.419
     5.626
     5.391
     5.508
     4.560
     5.387
     2.869
     5.242
     5.399
     5.520
     5.301
     4.508
     5.339
     4.789
     4.366
     5.707
     4.434
     4.238
     5.637
     4.644
     5.301
     4.523
     4.949
     5.338
     4.583
     5.169
     5.249
     5.335
     4.285
     4.167
     4.984
     3.662
     4.724
     5.205
     5.142
     5.113
     4.046
     4.463
     4.828
     4.895
     4.936
     4.499
     5.170
     4.122
     5.285
     4.521
     4.532
     5.074
     4.821
     4.294
     4.739
     4.388
     4.173
     4.479
     5.522
     4.942
     4.787
     4.123
     5.034
     5.384
     5.345
     5.370
     3.521
     3.943
     4.212
     5.029
     4.672
     2.813
     4.565
     5.574
     5.319
     4.828
     5.421
     4.068
     5.375
     4.975
     5.152
     4.731
     4.714
     4.935
     5.002
     4.814
     5.055
     5.177
     5.919
     4.866
     5.174
     4.814
     4.593
     5.143
     5.021
     4.329
     4.934
     3.997
     5.756
     5.129
     4.817
     4.554
     4.838
     4.611
     4.977
     5.235
     5.116
     4.347
     4.396
     4.769
     5.478
     5.291
     4.582
     5.418
     5.376
     5.028
     5.244
     4.819
     4.593
     5.284
     5.768
     5.791
     5.138
     4.723
     5.217
     4.816
     5.396
     5.444
     4.497
     5.200
     4.178
     4.568
     2.808
     4.856
     5.334
     5.037
     4.516
     4.747
     4.637
     5.177
     4.643
     5.174
     4.306
     4.323
     4.036
     3.948
     5.282
     4.297
     5.009
     5.177
     5.402
     5.693
     4.877
     5.693
     4.399
     2.850
     4.768
     5.251
     5.030
     5.370
     5.127
     4.468
     5.128
     4.632
     5.135
     4.556
     4.332
     5.447
     5.309
     4.984
     4.744
     5.126
     4.987
     5.408
     5.665
     3.966
     4.280
     4.455
     4.950
     5.068
     3.307
     4.140
     5.633
     4.684
     5.207
     4.292
     5.273
     5.065
     5.225
     4.668
     4.791
     5.570
     4.354
     4.355
     4.942
     4.046
     4.643
     5.490
     5.682
     5.602
     5.790
     5.312
     4.429
     4.147
     3.739
     5.459
     5.415
     4.620
     5.611
     4.125
     5.193
     4.388
     4.483
     4.030
     4.664
     4.256
     4.912
     5.260
     4.535
     4.029
     4.713
     4.970
     4.515
     5.163
     4.960
     5.136
     4.428
     5.207
     5.219
     5.502
     5.344
     4.103
     5.706
     5.455
     4.699
     4.945
     5.244
     5.325
     4.579
     5.801
     4.175
     5.329
     5.410
     4.415
     4.892
     5.084
     4.774
     5.469
     5.250
     4.924
     5.549
     5.034
     4.217
     4.190
     5.227
     5.434
     4.407
     4.658
     5.172
     4.702
     5.251
     4.401
     5.519
     4.463
     5.075
     5.174
     4.928
     5.331
     5.215
     4.801
     4.994
     4.757
     4.854
     5.184
     5.182
     4.426
     5.174
     3.334
     5.355
     5.249
     3.598
     4.720
     4.564
     4.443
     5.524
     5.318
     5.190
     5.009
     5.119
     5.438
     4.654
     5.628
     4.741
     5.633
     4.696
     5.062
     5.190
     5.399
     4.749
     4.821
     4.553
     4.638
     5.172
     3.128
     5.525
     5.575
     4.644
     4.333
     4.965
     4.714
     4.677
     4.541
     4.956
     4.641
     4.664
     5.247
     5.239
     5.659
     4.785
     4.087
     4.313
     5.142
     5.303
     5.529
     4.649
     4.295
     5.288
     4.534
     4.537
     5.254
     5.947
     4.163
     4.823
     5.011
     5.132
     5.033
     5.393
     5.344
     5.546
     4.019
     5.205
     5.859
     4.772
     4.534
     4.894
     4.475
     4.519
     4.518
     5.541
     5.394
     4.362
     5.697
     4.065
     2.753
     5.225
     4.313
     5.394
     5.257
     5.303
     4.486
     5.295
     4.828
     4.390
     4.777
     5.014
     5.141
     5.124
     4.181
     4.726
     4.386
     4.970
     5.682
     5.054
     5.016
     5.193
     5.158
     5.050
     5.367
     5.322
     5.146
     4.621
     4.775
     4.499
     4.852
     4.324
     4.824
     4.907
     4.208
     5.319
     4.009
     4.794
     4.771
     5.268
     5.715
     4.558
     5.286
     5.058
     5.243
     5.178
     4.382
     5.471
     4.915
     5.187
     4.256
     4.920
     3.996
     4.432
     5.622
     4.784
     5.180
     4.914
     4.484
     5.492
     5.351
     5.111
     4.944
     4.824
     4.344
     4.571
     3.955
     5.253
     4.640
     5.280
     5.499
     4.061
     4.071
     5.066
     5.880
     5.562
     5.524
     5.339
     4.641
     3.935
     5.385
     5.595
     5.743
     4.852
     5.346
     4.796
     4.548
     5.161
     4.272
     5.230
     5.963
     4.205
     4.365
     4.937
     5.119
     4.518
     4.326
     3.398
     5.463
     4.951
     4.499
     5.134
     5.209
     4.564
     5.298
     5.543
     5.669
     5.215
     5.789
     5.594
     4.538
     4.801
     3.488
     4.728
     4.265
     4.364
     4.178
     4.472
     4.997
     5.273
     5.277
     5.255
     5.129
     4.284
     4.986
     4.661
     4.899
     4.503
     3.340
     5.102
     4.690
     5.154
     3.701
     4.680
     4.372
     4.529
     4.167
     4.696
     5.116
     5.205
     4.512
     5.304
     4.352
     4.406
     4.879
     5.378
     5.122
     5.003
     4.535
     4.490
     4.975
     4.764
     5.267
     4.839
     5.357
     3.943
     4.932
     5.676
     4.516
     4.045
     4.804
     5.417
     4.894
     4.319
     5.195
     4.932
     4.805
     5.423
     5.442
     4.999
     5.157
     5.145
     5.407
     4.760
     5.349
     4.820
     4.800
     4.917
     5.140
     4.609
     5.508
     4.451
     5.603
     4.939
     4.416
     5.173
     5.566
     5.306
     4.242
     5.558
     4.259
     5.157
     5.140
     4.995
     5.237
     5.188
     5.346
     4.321
     4.953
     4.495
     4.124
     4.312
     4.848
     4.930
     4.963
     4.984
     4.849
     5.301
     3.878
     3.431
     5.646
     4.426
     4.939
     5.587
     4.298
     5.110
     4.960
     4.491
     4.908
     5.615
     5.339
     3.988
     4.502
     5.058
     3.379
     5.961
     4.693
     4.993
     5.213
     5.581
     5.058
     4.402
     5.038
     4.504
     4.930
     5.409
     5.272
     4.625
     5.476
     4.634
     5.437
     4.668
     4.579
     5.463
     4.922
     5.176
     5.313
     5.367
     4.630
     4.690
     4.733
     4.712
     5.192
     3.983
     4.573
     5.485
     5.205
     5.052
     5.651
     4.874
     5.193
     5.059
     3.836
     5.042
     4.857
     5.670
     4.662
     5.146
     5.342
     3.278
     4.686
     4.228
     4.673
     5.134
     5.607
     5.421
     4.137
     5.562
     3.982
     5.689
     4.066
     5.749
     5.421
     4.276
     5.616
     4.278
     5.114
     4.772
     4.238
     5.647
     5.248
     4.480
     4.653
     5.141
     4.763
     5.496
     4.674
     5.146
     5.256
     4.786
     4.249
     5.256
     4.696
     4.835
     4.832
     4.297
     5.178
     5.007
     5.211
     4.715
     4.640
     3.906
     4.162
     4.291
     4.863
     4.859
     5.078
     4.247
     5.115
     4.009
     4.223
     5.180
     4.500
     3.403
     4.472
     3.911
     4.832
     5.392
     4.786
     5.268
     4.384
     4.654
     3.859
     4.210
     5.121
     4.431
     4.228
     5.052
     5.078
     5.524
     5.224
     4.908
     4.283
     5.768
     4.806
     4.265
     5.336
     4.519
     4.311
     4.434
     4.396
     4.849
     5.357
     4.500
     3.188
     5.027
     5.059
     4.594
     5.109
     4.931
     5.286
     5.233
     5.125
     5.214
     5.032
     5.576
     5.224
     5.209
     4.839
     4.839
     5.430
     5.278
     4.418
     5.013
     5.339
     3.938
     4.905
     5.276
     4.740
     4.784
     5.215
     5.747
     4.018
     4.203
     5.663
     5.252
     4.563
     4.920
     4.941
     4.541
     5.522
     5.660
     4.649
     5.065
     4.953
     5.434
     4.869
     4.926
     4.751
     4.583
     5.343
     5.163
     4.583
     4.044
     4.695
     4.941
     5.229
     5.164
     4.512
     4.482
     4.939
     5.256
     5.173
     4.555
     3.593
     5.464
     5.137
     5.376
     4.472
     4.520
     4.724
     5.177
     5.077
     4.474
     5.689
     5.564
     5.395
     4.389
     4.109
     4.704
     5.239
     4.627
     2.540
     5.167
     2.752
     4.678
     4.546
     4.334
     4.917
     4.649
     5.094
     4.727
     4.263
     5.248
     4.955
     3.432
     4.725
     2.303
     5.475
     5.444
     5.330
     5.036
     4.356
     4.455
     5.462
     4.948
     5.546
     4.509
     5.258
     5.346
     4.648
     4.579
     5.628
     5.403
     4.910
     5.295
     4.819
     5.581
     4.546
     3.074
     4.394
     5.792
     4.633
     4.526
     5.664
     4.658
     5.174
     4.673
     5.100
     4.627
     4.833
     3.183
     5.250
     5.540
     4.479
     4.855
     5.076
     5.364
     5.191
     5.785
     4.760
     3.913
     4.778
     5.192
     5.263
     4.496
     4.697
     4.731
     4.831
     4.644
     5.190
     4.460
     4.441
     4.587
     4.621
     3.375
     4.587
     4.622
     4.695
     4.613
     5.029
     5.038
     4.195
     5.353
     5.040
     5.393
     4.317
     5.148
     5.013
     4.487
     4.627
     4.916
     5.244
     4.567
     4.633
     4.095
     4.241
     3.923
     4.453
     5.498
     4.693
     5.256
     5.261
     5.055
     4.576
     4.463
     4.913
     4.572
     5.194
     4.906
     4.961
     5.052
     4.252
     4.594
     4.288
     5.393
     4.807
     4.790
     4.531
     4.480
     4.734
     4.971
     4.658
     5.602
     4.864
     5.394
     5.245
     4.904
     4.396
     5.150
     4.514
     4.472
     5.505
     5.135
     5.007
     5.059
     5.103
     4.476
     4.829
     4.682
     4.558
     4.646
     5.244
     3.875
     4.841
     4.607
     5.071
     3.946
     4.203
     4.515
     5.655
     4.595
     4.649
     4.407
     4.708
     5.895
     4.570
     4.403
     3.934
     4.431
     5.264
     5.494
     4.695
     4.909
     4.472
     5.758
     4.772
     5.430
     4.677
     4.834
     4.868
     4.546
     4.861
     5.164
     5.042
     4.533
     4.542
     5.437
     5.317
     4.402
     4.940
     4.322
     4.222
     4.781
     5.321
     5.262
     5.231
     4.187
     4.556
     4.024
     5.052
     4.656
     3.618
     4.260
     5.609
     5.332
     4.992
     5.195
     4.123
     5.338
     4.122
     3.480
     4.506
     3.799
     5.285
     4.776
     5.451
     5.685
     4.768
     4.823
     4.563
     5.398
     5.029
     5.371
     4.027
     4.958
     5.155
     4.463
     4.445
     4.712
     4.637
     5.412
     4.412
     3.311
     5.515
     5.066
     5.021
     4.442
     5.034
     4.953
     5.005
     5.189
     5.173
     4.920
     5.210
     4.407
     4.763
     3.855
     4.130
     4.244
     5.140
     4.814
     5.009
     4.846
     5.850
     5.226
     4.268
     4.279
     4.891
     4.528
     5.112
     4.282
     4.382
     2.373
     4.969
     4.950
     5.176
     4.543
     4.112
     5.532
     5.537
     5.275
     4.877
     5.074
     5.461
     5.264
     4.686
     5.013
     5.565
     4.806
     5.420
     4.043
     4.543
     5.544
     5.103
     4.492
     5.397
     5.438
     5.850
     4.879
     4.708
     5.221
     4.736
     4.586
     4.483
     4.336
     4.852
     5.042
     5.015
     5.677
     4.778
     4.002
     4.639
     3.833
     5.343
     4.750
     4.365
     5.028
     4.702
     4.874
     4.903
     4.469
     4.173
     5.179
     4.557
     4.859
     5.362
     4.512
     5.507
     4.945
     4.693
     4.440
     4.549
     4.593
     5.527
     4.811
     5.682
     5.491
     4.021
     4.473
     4.524
     5.346
     4.450
     5.792
     4.140
     4.829
     4.370
     5.108
     4.827
     5.575
     4.575
     5.181
     5.356
     4.466
     4.805
     5.191
     5.020
     5.187
     4.953
     4.650
     4.643
     4.628
     4.393
     5.317
     4.635
     5.767
     5.833
     4.292
     4.232
     5.127
     3.973
     5.477
     5.095
     5.442
     5.332
     3.887
     4.530
     4.995
     4.676
     5.209
     5.372
     4.439
     4.840
     4.845
     4.295
     4.988
     4.667
     5.325
     4.783
     5.559
     4.768
     5.636
     5.522
     4.686
     5.286
     5.079
     4.556
     5.223
     5.446
     4.530
     4.405
     4.715
     4.702
     4.620
     4.915
     5.607
     5.060
     5.433
     4.944
     4.595
     4.073
     5.368
     5.303
     5.508
     4.857
     4.937
     5.201
     4.562
     5.163
     4.696
     5.131
     3.676
     5.700
     4.714
     4.065
     4.668
     5.120
     4.601
     5.498
     4.227
     5.097
     4.543
     4.037
     4.063
     4.168
     5.030
     5.942
     3.219
     5.057
     5.018
     5.132
     5.110
     4.558
     5.606
     5.229
     4.766
     4.638
     4.910
     5.581
     5.253
     4.602
     5.178
     5.750
     5.852
     4.630
     5.472
     3.920
     4.854
     4.928
     4.332
     3.786
     4.520
     4.769
     4.830
     5.215
     4.881
     4.763
     5.088
     5.407
     5.469
     4.566
     4.254
     5.453
     4.549
     5.407
     5.046
     3.965
     4.071
     4.739
     4.329
     5.209
     5.157
     5.455
     3.653
     5.574
     5.305
     4.628
     5.349
     4.792
     4.844
     5.164
     4.646
     4.505
     4.080
     5.098
     4.977
     5.330
     4.176
     4.277
     4.637
     4.452
