     4.087
     4.048
     4.028
     3.963
     3.888
     3.790
     3.628
     3.515
     3.506
     3.532
     3.579
     3.712
     3.881
     3.979
     4.030
     4.056
     4.052
     4.046
     4.042
     4.047
     4.061
     4.092
     4.130
     4.156
     4.177
     4.175
     4.184
     4.212
     4.249
     4.264
     4.317
     4.343
     4.344
     4.319
     4.353
     4.360
     4.368
     4.391
     4.439
     4.492
     4.666
     4.747
     4.826
     4.910
     4.988
     5.080
     5.110
     5.114
     5.100
     5.065
     5.014
     4.950
     4.920
     4.863
     4.825
     4.753
     4.684
     4.624
     4.556
     4.495
     4.433
     4.394
     4.401
     4.431
     4.434
     4.453
     4.484
     4.508
     4.520
     4.520
     4.519
     4.529
     4.544
     4.547
     4.545
     4.579
     4.605
     4.623
     4.664
     4.708
     4.765
     4.808
     4.810
     4.840
     4.868
     4.866
     4.973
     5.081
     5.279
     5.434
     5.514
     5.517
     5.486
     5.414
     5.309
     5.228
     5.147
     5.067
     4.958
     4.818
     4.494
     4.205
     3.872
     3.733
     3.705
     3.751
     3.851
     4.084
     4.220
     4.396
     4.562
     4.730
     4.801
     4.788
     4.767
     4.765
     4.712
     4.686
     4.551
     4.494
     4.413
     4.340
     4.285
     4.217
     4.149
     4.016
     3.854
     3.693
     3.524
     3.432
     3.562
     3.846
     3.993
     3.996
     3.983
     3.932
     3.892
     3.942
     4.169
     4.239
     4.248
     4.253
     4.358
     4.472
     4.569
     4.669
     4.769
     4.808
     4.789
     4.723
     4.670
     4.587
     4.507
     4.372
     4.257
     4.233
     4.252
     4.295
     4.406
     4.514
     4.577
     4.576
     4.491
     4.336
     4.002
     3.776
     3.598
     3.583
     3.593
     3.612
     3.619
     3.692
     3.788
     3.891
     3.993
     4.069
     4.215
     4.260
     4.295
     4.391
     4.469
     4.611
     4.701
     4.806
     4.889
     4.916
     4.905
     4.873
     4.832
     4.819
     4.780
     4.762
     4.745
     4.720
     4.690
     4.634
     4.607
     4.577
     4.550
     4.506
     4.426
     4.355
     4.281
     4.228
     4.203
     4.139
     4.026
     3.845
     3.825
     4.043
     4.254
     4.391
     4.496
     4.607
     4.772
     4.925
     4.990
     5.020
     5.006
     4.978
     4.906
     4.725
     4.506
     4.116
     3.950
     4.235
     4.398
     4.589
     4.742
     4.865
     4.965
     5.059
     5.070
     5.066
     5.050
     5.020
     4.915
     4.816
     4.686
     4.451
     4.158
     3.935
     4.101
     4.453
     4.574
     4.598
     4.577
     4.593
     4.618
     4.654
     4.705
     4.734
     4.735
     4.702
     4.633
     4.568
     4.476
     4.331
     4.162
     4.027
     3.927
     3.897
     3.887
     3.872
     3.868
     3.861
     3.892
     3.956
     4.010
     4.026
     4.082
     4.114
     4.120
     4.106
     5.385
     4.075
     4.532
     4.551
     4.949
     4.659
     4.768
     4.173
     3.750
     4.506
     4.756
     5.369
     5.323
     4.453
     4.663
     4.806
     4.997
     4.665
     4.399
     4.269
     3.751
     4.513
     5.012
     4.062
     4.636
     4.674
     5.065
     4.046
     5.046
     4.675
     5.159
     4.884
     3.977
     4.009
     4.291
     3.472
     4.152
     4.418
     4.346
     4.846
     4.226
     3.455
     3.900
     4.132
     4.804
     4.854
     4.940
     4.520
     4.790
     5.092
     4.644
     4.345
     4.757
     4.877
     4.719
     4.658
     4.845
     5.638
     4.416
     4.333
     4.593
     4.635
     5.274
     5.072
     5.201
     3.377
     4.693
     5.335
     4.803
     4.385
     5.029
     3.196
     4.580
     4.139
     4.355
     4.554
     4.492
     4.694
     3.954
     4.664
     3.810
     4.243
     3.760
     4.581
     5.105
     4.047
     4.395
     5.320
     4.930
     3.513
     3.647
     4.924
     3.799
     4.023
     4.273
     4.403
     4.077
     4.146
     4.769
     4.556
     4.408
     4.667
     3.553
     4.658
     4.063
     4.330
     4.669
     4.531
     4.251
     4.477
     4.288
     4.847
     3.698
     4.728
     4.377
     5.504
     4.041
     4.417
     4.783
     4.958
     5.129
     4.212
     4.623
     4.572
     4.635
     3.945
     4.685
     4.716
     4.331
     4.510
     4.677
     5.266
     4.877
     4.457
     4.790
     3.664
     5.490
     4.948
     4.483
     4.561
     3.944
     5.243
     4.891
     3.884
     4.329
     5.059
     4.448
     4.079
     4.303
     4.018
     4.500
     4.307
     3.451
     4.588
     5.135
     4.205
     4.367
     4.299
     4.525
     4.663
     4.377
     4.602
     4.484
     4.419
     3.815
     5.164
     4.361
     4.162
     4.228
     4.977
     4.989
     4.683
     4.594
     4.712
     4.296
     3.729
     4.626
     4.038
     4.147
     4.256
     5.623
     4.376
     4.699
     5.133
     4.830
     4.177
     4.229
     4.432
     3.928
     3.899
     5.169
     3.900
     4.895
     4.992
     4.781
     4.581
     4.455
     4.738
     4.062
     4.992
     5.317
     4.657
     4.857
     4.586
     4.383
     4.164
     4.674
     5.200
     4.982
     4.891
     4.611
     5.413
     4.828
     4.657
     4.741
     4.030
     4.113
     4.707
     4.823
     3.890
     4.840
     4.214
     4.088
     4.705
     5.025
     3.963
     4.366
     4.755
     3.791
     3.436
     4.898
     3.524
     4.542
     4.520
     4.746
     4.793
     4.130
     4.749
     3.169
     3.667
     5.142
     5.182
     4.277
     5.600
     4.376
     3.986
     4.907
     4.405
     4.631
     4.742
     4.046
     4.761
     4.264
     4.440
     4.241
     5.081
     3.997
     4.341
     4.046
     4.802
     5.101
     4.359
     3.558
     4.849
     4.679
     3.927
     5.031
     4.904
     4.067
     4.261
     4.810
     4.684
     4.346
     4.772
     4.062
     3.574
     5.414
     4.784
     4.660
     4.909
     5.249
     3.841
     4.740
     4.211
     3.586
     4.852
     5.354
     4.300
     4.680
     4.789
     4.804
     4.592
     4.285
     5.161
     4.620
     4.447
     4.642
     4.616
     4.681
     4.877
     5.408
     4.652
     4.129
     5.027
     4.493
     4.494
     5.287
     5.351
     4.081
     4.595
     4.433
     5.402
     3.996
     4.516
     3.935
     4.401
     4.544
     4.742
     4.866
     4.005
     4.613
     4.661
     3.965
     4.647
     5.538
     4.366
     3.622
     4.477
     4.525
     4.035
     4.536
     4.580
     5.053
     4.456
     4.000
     4.088
     4.786
     4.483
     4.375
     4.336
     3.981
     4.031
     4.278
     4.367
     4.685
     4.752
     4.311
     4.030
     4.331
     4.338
     4.560
     4.903
     4.607
     5.060
     4.664
     4.408
     4.661
     4.640
     3.527
     5.009
     4.050
     4.106
     4.770
     4.293
     4.120
     4.783
     3.661
     5.236
     4.122
     4.664
     4.354
     4.494
     4.213
     4.034
     4.554
     4.744
     4.404
     4.368
     3.537
     4.941
     4.177
     4.206
     3.970
     4.630
     5.014
     4.895
     4.463
     4.686
     4.744
     4.350
     4.674
     4.508
     4.707
     4.882
     4.620
     4.865
     3.077
     4.802
     4.289
     5.461
     3.934
     5.088
     4.210
     4.395
     4.880
     4.141
     3.553
     4.221
     4.119
     3.884
     4.782
     4.582
     4.359
     4.620
     4.777
     5.667
     4.519
     3.645
     3.899
     5.115
     4.764
     4.405
     4.343
     4.582
     4.213
     4.504
     4.675
     4.367
     5.328
     4.718
     4.879
     4.494
     4.747
     5.157
     4.424
     4.275
     4.003
     4.720
     4.981
     5.066
     4.167
     4.603
     4.728
     4.824
     4.197
     4.082
     4.523
     4.344
     4.599
     4.243
     3.786
     4.106
     4.674
     3.982
     4.738
     4.452
     4.113
     4.874
     5.126
     4.189
     5.622
     3.675
     4.380
     4.313
     3.908
     4.236
     4.874
     4.969
     4.916
     4.717
     4.290
     3.849
     5.507
     4.801
     4.848
     4.379
     4.809
     4.850
     4.022
     4.098
     5.230
     3.419
     4.811
     5.097
     4.705
     4.077
     4.196
     4.827
     4.459
     4.595
     4.998
     4.734
     4.486
     4.503
     4.858
     4.259
     3.882
     4.203
     4.303
     4.788
     4.817
     4.879
     4.403
     4.370
     5.079
     5.599
     4.931
     4.592
     4.438
     4.147
     4.899
     4.689
     3.710
     4.198
     3.076
     4.915
     4.681
     4.820
     4.132
     4.006
     4.523
     3.930
     4.220
     4.620
     5.266
     4.164
     5.524
     4.067
     3.857
     4.582
     3.924
     4.780
     4.233
     4.312
     4.973
     4.440
     5.040
     4.692
     4.038
     5.198
     5.176
     4.718
     4.532
     3.581
     4.130
     4.063
     4.619
     4.542
     4.420
     4.388
     4.501
     5.285
     4.136
     4.471
     5.258
     4.427
     4.186
     5.358
     4.545
     4.188
     4.335
     4.421
     4.175
     4.968
     4.866
     4.600
     4.673
     5.034
     4.619
     3.269
     4.794
     3.483
     3.662
     4.730
     5.504
     4.364
     3.596
     4.341
     4.579
     4.663
     4.085
     5.049
     4.096
     4.622
     5.083
     5.029
     4.602
     4.181
     4.974
     4.219
     4.712
     3.998
     4.195
     4.033
     4.065
     5.254
     4.510
     4.455
     4.360
     5.120
     5.390
     4.235
     3.874
     4.948
     4.272
     3.510
     4.483
     4.494
     4.167
     4.420
     4.520
     3.954
     4.946
     4.539
     4.583
     4.108
     4.142
     4.592
     4.916
     4.065
     4.767
     4.646
     4.647
     3.992
     3.724
     4.868
     4.814
     3.845
     4.552
     4.108
     4.758
     4.147
     4.982
     4.828
     4.338
     4.041
     3.974
     5.212
     4.621
     4.776
     5.313
     5.012
     3.884
     3.720
     4.306
     5.287
     4.486
     4.580
     4.474
     4.985
     4.328
     5.046
     4.875
     5.420
     4.583
     4.864
     4.774
     4.534
     3.237
     4.734
     4.631
     4.178
     5.003
     4.882
     4.587
     5.029
     4.508
     4.182
     4.065
     4.728
     4.271
     4.571
     4.674
     4.734
     3.479
     5.117
     4.388
     4.401
     3.425
     4.848
     4.775
     4.484
     5.449
     4.718
     4.938
     4.780
     4.162
     3.519
     4.149
     4.988
     4.699
     4.818
     3.829
     4.846
     4.131
     5.238
     4.971
     5.280
     4.045
     4.534
     5.104
     4.507
     4.896
     4.736
     4.593
     5.077
     4.642
     5.073
     4.324
     4.511
     3.828
     4.802
     4.857
     4.727
     4.641
     4.654
     4.845
     4.971
     4.086
     4.245
     4.670
     4.755
     4.649
     4.011
     4.072
     5.003
     4.738
     4.543
     4.436
     5.541
     3.963
     5.153
     5.232
     4.145
     4.624
     4.444
     4.994
     4.814
     3.911
     4.707
     4.258
     4.324
     3.556
     4.812
     4.119
     4.282
     3.833
     4.479
     4.095
     4.433
     4.837
     4.764
     5.330
     4.948
     4.307
     5.615
     4.975
     4.781
     4.491
     4.442
     4.950
     4.380
     4.666
     4.235
     4.986
     4.707
     4.807
     4.589
     5.071
     3.834
     4.651
     4.868
     5.111
     4.634
     4.100
     4.397
     4.473
     4.041
     5.071
     4.805
     3.162
     4.865
     4.956
     3.820
     5.124
     4.685
     4.732
     5.031
     3.953
     4.917
     4.427
     3.488
     4.647
     3.887
     4.259
     4.611
     4.302
     4.098
     5.205
     5.282
     4.578
     4.103
     4.080
     4.521
     4.645
     4.307
     4.753
     4.289
     4.279
     3.900
     4.610
     4.611
     4.754
     4.466
     3.380
     4.420
     4.649
     4.626
     4.360
     5.297
     4.995
     5.445
     4.762
     3.402
     4.005
     4.393
     4.756
     4.695
     4.489
     4.369
     5.343
     4.079
     5.533
     4.525
     4.920
     3.948
     4.078
     5.235
     3.863
     4.833
     4.719
     4.394
     4.519
     4.728
     4.618
     5.386
     4.311
     4.212
     3.436
     4.645
     5.097
     3.405
     4.282
     4.642
     4.543
     4.736
     4.169
     5.347
     4.902
     4.681
     4.166
     3.919
     4.453
     5.054
     4.465
     4.145
     4.115
     4.228
     4.528
     4.684
     3.642
     5.000
     5.012
     4.190
     4.991
     4.361
     4.430
     4.775
     4.778
     4.541
     4.894
     4.275
     4.559
     4.164
     5.057
     4.823
     4.441
     3.981
     4.039
     4.360
     4.650
     5.266
     4.524
     4.755
     4.621
     4.021
     4.737
     4.333
     4.934
     4.513
     4.211
     4.698
     4.107
     3.717
     4.711
     4.667
     4.913
     4.764
     3.926
     4.010
     5.318
     4.948
     4.479
     4.202
     4.366
     4.002
     3.815
     4.126
     4.880
     4.522
     4.806
     4.854
     5.379
     4.159
     4.036
     4.215
     4.498
     3.560
     4.580
     4.730
     4.763
     4.767
     4.411
     3.738
     3.821
     4.493
     4.663
     4.427
     4.513
     4.872
     4.244
     4.324
     4.421
     4.673
     4.083
     5.466
     4.076
     4.035
     5.000
     4.904
     5.274
     4.376
     4.178
     4.314
     4.274
     4.618
     3.307
     4.946
     5.068
     4.291
     4.478
     4.623
     3.661
     4.596
     4.967
     4.306
     3.318
     4.842
     4.221
     4.719
     4.824
     4.359
     4.699
     4.626
     4.413
     5.318
     3.730
     4.046
     4.431
     5.229
     4.697
     4.053
     4.760
     4.578
     4.438
     3.643
     5.381
     3.902
     4.669
     3.983
     4.755
     4.995
     3.843
     4.776
     3.905
     4.801
     4.740
     5.068
     4.813
     5.164
     3.979
     4.037
     4.195
     3.962
     4.951
     4.180
     4.610
     3.340
     4.199
     4.362
     4.660
     4.693
     4.461
     4.129
     5.319
     4.592
     5.639
     4.721
     4.598
     4.597
     4.789
     4.320
     3.983
     5.423
     4.242
     4.577
     4.953
     4.490
     4.988
     4.568
     4.962
     5.031
     4.916
     5.202
     4.810
     4.352
     5.027
     4.756
     4.659
     4.659
     3.935
     3.806
     4.645
     4.793
     3.791
     4.334
     4.024
     4.660
     4.542
     4.518
     4.294
     3.529
     4.684
     4.260
     3.923
     4.850
     4.660
     4.785
     3.798
     4.248
     4.051
     4.567
     4.604
     4.410
     4.584
     4.574
     4.025
     4.646
     4.889
     4.989
     4.794
     3.919
     5.022
     5.588
     4.142
     4.883
     3.859
     4.881
     4.914
     4.974
     4.733
     4.806
     4.384
     4.887
     4.858
     4.537
     4.635
     3.885
     4.338
     3.437
     4.704
     4.027
     4.626
     4.081
     4.313
     5.275
     4.271
     4.618
     4.168
     4.431
     5.358
     4.915
     5.513
     3.074
     4.749
     5.492
     4.418
     5.419
     5.095
     4.525
     4.606
     4.171
     4.512
     4.513
     4.389
     3.634
     4.606
     3.268
     3.666
     4.561
     4.005
     3.986
     4.412
     4.093
     4.070
     4.725
     4.111
     4.087
     4.304
     4.091
     4.560
     4.187
     4.467
     4.901
     4.970
     3.976
     4.179
     4.208
     4.271
     3.977
     4.437
     4.466
     4.321
     4.156
     4.132
     4.682
     4.958
     3.954
     4.285
     4.730
     4.455
     3.995
     5.027
     5.089
     4.375
     4.621
     4.324
     4.342
     4.922
     4.615
     3.790
     4.213
     4.394
     3.302
     5.649
     5.642
     4.211
     4.136
     4.828
     4.654
     4.122
     4.279
     4.204
     5.348
     4.306
     5.574
     4.463
     4.538
     4.276
     4.877
     5.393
     4.816
     3.724
     4.215
     4.011
     3.712
     4.618
     5.296
     4.507
     4.008
     4.565
     4.332
     4.341
     4.678
     4.128
     4.442
     4.788
     4.063
     5.118
     3.662
     4.384
     5.211
     5.296
     4.896
     4.570
     4.514
     4.678
     5.058
     4.035
     4.912
     4.764
     4.969
     4.667
     4.420
     4.098
     4.457
     4.692
     4.461
     4.680
     5.431
     4.528
     4.797
     4.236
     5.011
     4.626
     4.804
     5.213
     4.782
     4.204
     4.022
     4.740
     3.851
     4.551
     3.903
     4.705
     4.565
     4.667
     4.616
     4.850
     4.524
     4.536
     4.533
     3.460
     4.093
     3.887
     3.977
     4.731
     3.703
     4.497
     4.395
     4.122
     3.121
     4.800
     4.744
     4.664
     3.891
     4.309
     5.402
     4.338
     4.645
     4.737
     4.169
     4.462
     4.549
     3.626
     4.556
     5.325
     4.429
     4.643
     5.244
     4.043
     4.732
     4.823
     4.788
     4.793
     4.370
     4.556
     4.652
     3.644
     4.727
     4.335
     3.555
     4.939
     4.287
     4.897
     4.171
     4.962
     5.577
     4.402
     4.147
     4.438
     4.638
     4.326
     5.044
     4.767
     4.782
     4.794
     5.155
     5.094
     5.675
     4.790
     4.928
     4.463
     3.661
     5.031
     4.517
     3.194
     4.781
     4.275
     4.753
     5.018
     4.107
     4.341
     4.379
     5.399
     4.227
     5.494
     4.351
     4.436
     4.177
     4.913
     4.440
     2.873
     4.193
     4.127
     4.349
     4.451
     4.583
     4.274
     4.105
     4.697
     4.075
     5.099
     4.790
     4.948
     4.260
     4.698
     4.440
     4.213
     3.893
     4.708
     3.971
     4.052
     4.888
     4.623
     4.975
     4.218
     3.935
     3.393
     4.131
     4.571
     4.878
     4.413
     4.228
     4.743
     4.017
     3.797
     4.371
     4.012
     3.860
     3.820
     4.957
     4.898
     4.205
     4.502
     4.487
     4.907
     4.615
     3.590
     4.551
     4.781
     4.922
     4.388
     4.927
     4.052
     3.752
     4.716
     4.057
     4.215
     5.414
     4.385
     4.329
     5.096
     3.930
     4.675
     4.675
     4.906
     4.598
     4.607
     4.880
     4.645
     4.566
     4.659
     4.920
     4.380
     3.550
     3.981
     4.266
     3.645
     5.008
     4.771
     3.772
     4.688
     4.212
     4.838
     4.566
     4.622
     4.355
     4.818
     4.108
     4.250
     3.790
     4.118
     4.837
     4.292
     4.297
     5.066
     4.319
     4.956
     4.339
     5.039
     4.632
     4.697
     4.664
     3.764
     4.650
     4.720
     4.043
     5.007
     4.945
     3.589
     3.432
     3.601
     4.861
     4.496
     4.412
     4.249
     3.358
     4.992
     3.742
     4.568
     4.122
     4.261
     5.317
     4.231
     5.351
     4.066
     4.680
     4.005
     4.601
     4.488
     4.224
     4.939
     3.866
     5.250
     4.596
     4.478
     4.739
     4.015
     4.276
     5.058
     4.071
     3.810
     4.659
     4.633
     4.510
     4.570
     5.118
     4.427
     4.259
     4.668
     4.877
     4.825
     4.128
     4.441
     4.578
     4.121
     4.444
     4.709
     4.118
     4.300
     4.660
     4.620
     4.591
     4.407
     4.755
     5.041
     4.037
     4.036
     4.656
     4.297
     4.795
     4.712
     4.449
     4.980
     4.471
     4.046
     4.071
     4.281
     4.779
     4.247
     4.968
     4.107
     4.802
     3.493
     4.847
     5.076
     4.812
     4.904
     4.046
     5.170
     4.267
     4.256
     4.641
     4.800
     4.876
     4.341
     4.443
     4.922
     5.578
     4.220
     4.482
     4.652
     4.892
     5.074
     4.346
     3.924
     3.841
     5.355
     4.888
     4.410
     5.027
     4.523
     4.545
     5.272
     4.771
     4.489
     5.475
     4.858
     4.529
     3.997
     4.269
     4.896
     5.162
     3.761
     4.561
     4.056
     3.387
     4.393
     4.770
     5.295
     4.204
     4.130
     4.846
     4.385
     5.157
     4.130
     4.720
     4.734
     3.988
     5.646
     4.834
     4.452
     4.907
     4.338
     4.214
     4.560
     4.090
     4.018
     4.752
     4.666
     4.730
     4.718
     4.196
     4.170
     4.001
     4.302
     4.475
     5.093
     4.636
     3.967
     4.893
     3.619
     4.288
     3.353
     4.778
     4.441
     4.017
     4.149
     4.511
     4.134
     4.738
     4.379
     5.064
     4.084
     4.929
     3.640
     4.302
     5.032
     4.282
     4.254
     4.325
     5.277
     4.793
     4.593
     5.181
     3.733
     4.650
     4.377
     3.838
     4.956
     4.610
     3.793
     4.655
     5.539
     5.318
     5.264
     4.704
     4.550
     4.609
     4.547
     4.403
     4.665
     4.600
     5.245
     4.759
     4.636
     4.379
     4.163
     4.416
     3.540
     4.797
     3.318
     3.981
     4.711
     4.202
     5.035
     4.536
     4.576
     4.383
     4.512
     4.698
     4.777
     4.267
     5.019
     4.093
     4.539
     4.821
     4.827
     4.541
     5.071
     4.825
     4.845
     5.469
     3.663
     3.557
     4.554
     4.562
     4.639
     4.687
     4.175
     4.734
     4.162
     4.258
     3.912
     4.781
     4.199
     4.780
     4.792
     4.895
     4.020
     4.021
     4.494
     5.063
     4.130
     5.130
     5.223
     4.466
     4.539
     3.902
     4.541
     5.152
     5.125
     4.425
     4.845
     4.036
     5.199
     4.279
     4.805
     4.402
     4.765
     4.144
     5.389
     4.436
     4.367
     4.954
     4.041
     5.016
     4.463
     3.488
     4.572
     4.334
     4.627
     3.729
     3.686
     5.001
     4.822
     4.940
     4.695
     4.118
     4.668
     4.563
     4.176
     4.145
     4.248
     4.040
     4.960
     4.308
     4.477
     5.091
     4.834
     5.398
     4.211
     4.414
     3.683
     4.187
     3.575
     4.827
     4.045
     4.654
     4.776
     4.000
     4.725
     4.621
     5.485
     4.553
     4.012
     5.096
     3.606
     3.904
     4.500
     4.419
     4.659
     4.616
     4.543
     4.512
     4.521
     4.450
     4.779
     4.916
     4.789
     4.100
     4.565
     4.365
     4.950
     5.122
     4.905
     3.667
     4.916
     5.344
     4.557
     5.045
     4.014
     4.116
     3.750
     4.125
     4.609
     4.581
     4.795
     4.777
     4.574
     4.584
     4.370
     4.855
     4.473
     4.278
     4.433
     4.475
     4.531
     4.258
     4.637
     4.098
     5.033
     4.423
     5.509
     4.852
     3.788
     4.508
     4.178
     4.702
     5.454
     4.189
     4.568
     4.993
     4.879
     4.141
     4.702
     4.954
     4.316
     4.635
     3.605
     4.425
     5.486
     4.520
     5.194
     4.831
     4.750
     4.905
     5.152
     4.274
     4.329
     5.000
     4.838
     4.660
     4.878
     4.310
     4.329
     4.329
     4.090
     3.989
     3.914
     4.889
     4.158
     4.660
     4.684
     5.051
     4.945
     4.591
     4.759
     4.429
     4.354
     4.500
     4.293
     5.464
     5.199
     4.906
     4.672
     4.755
     4.219
     4.146
     4.480
     4.683
     4.534
     4.607
     4.626
     4.474
     4.668
     4.611
     4.661
     4.787
     4.786
     3.114
     4.008
     4.313
     4.471
     4.278
     4.021
     4.019
     4.061
     4.282
     4.057
     3.885
     4.670
     4.757
     4.236
     4.281
     4.025
     4.496
     4.071
     3.467
     5.041
     5.125
     5.083
     4.849
     5.105
     3.928
     4.574
     4.064
     4.368
     5.109
     3.948
     4.113
     4.176
     4.274
     4.724
     4.566
     4.968
     4.186
     4.779
     4.060
     4.035
     4.353
     3.937
     4.842
     4.395
     5.186
     4.356
     3.630
     4.381
     3.773
     3.515
     4.444
     5.001
     5.003
     4.878
     4.768
     4.319
     5.121
     4.946
     4.548
     3.895
     3.855
     4.196
     4.094
     4.342
     4.119
     4.037
     4.679
     4.495
     4.216
     3.640
     4.349
     4.943
     4.012
     5.079
     4.489
     3.249
     4.097
     4.657
     4.710
     4.666
     4.533
     3.534
     3.703
     4.728
     4.635
     5.155
     4.819
     5.287
     5.219
     4.732
     3.501
     4.605
     3.947
     4.464
     4.200
     5.268
     4.637
     4.707
     5.038
     4.418
     4.912
     4.099
     5.284
     4.162
     4.392
     4.530
     4.803
     4.535
     4.829
     4.755
     3.857
     4.017
     4.934
     3.703
     5.231
     4.622
     4.774
     4.438
     3.864
     4.017
     3.951
     4.973
     4.266
     4.758
     5.000
     4.288
     4.907
     4.831
     5.624
     5.145
     3.837
     3.601
     4.134
     4.605
     4.645
     5.362
     4.884
     4.461
     4.879
     4.792
     4.947
     4.189
     4.497
     5.133
     4.758
     5.055
     4.898
     5.557
     4.226
     4.739
     4.552
     5.192
     4.420
     5.123
     4.582
     4.711
     4.161
     4.789
     3.405
     3.242
     4.645
     4.849
     5.324
     4.370
     4.536
     3.695
     4.117
     4.361
     4.427
     4.711
     4.032
     4.485
     4.053
     4.863
     4.667
     5.149
     4.662
     5.385
     4.833
     3.911
     5.051
     4.656
     4.546
     4.684
     4.812
     4.831
     3.817
     5.232
     4.539
     5.567
     4.916
     4.144
     5.227
     4.799
     4.770
     4.145
     4.453
     4.713
     4.600
     4.937
     4.161
     4.702
     4.812
     4.723
     5.547
     5.059
     5.277
     4.414
     5.049
     4.437
     4.409
     5.155
     4.145
     4.805
     4.794
     4.937
     4.905
     4.221
     5.370
     4.799
     4.238
     5.014
     4.370
     4.946
     4.677
     4.970
     4.180
     4.252
     5.065
     4.591
     3.629
     4.487
     4.515
     4.981
     5.065
     4.294
     4.658
     4.581
     4.601
     4.536
     4.547
     4.932
     5.103
     4.263
     4.541
     4.468
     4.796
     4.178
     4.292
     4.094
     3.910
     4.920
     5.243
     4.250
     4.678
     4.546
     4.631
     4.276
     4.147
     4.617
     4.067
     3.873
     4.949
     4.426
     4.802
     4.310
     4.774
     5.552
     4.296
     4.635
     4.646
     4.164
     4.537
     3.104
     4.999
     4.603
     4.296
     4.209
     4.287
     4.699
     4.614
     5.224
     3.800
     4.804
     4.717
     3.981
     3.778
     4.517
     4.685
     4.326
     4.881
     4.763
     4.653
     4.368
     4.569
     4.408
     4.691
     5.534
     2.999
     3.956
     5.389
     4.681
     3.521
     4.367
     4.774
     5.402
     5.408
     5.178
     4.453
     5.123
     4.050
     4.451
     4.610
     4.078
     4.378
     4.915
     4.911
     4.732
     3.971
     5.656
     4.377
     4.816
     3.669
     4.753
     4.153
     5.159
     3.695
     4.840
     4.233
     5.045
     4.923
     4.993
     4.820
     4.441
     4.111
     4.221
     4.268
     4.925
     4.252
     4.936
     4.908
     4.435
     4.549
     4.227
     3.844
     4.657
     4.081
     4.067
     4.379
     4.614
     4.871
     4.948
     4.398
     4.597
     4.402
     4.693
     4.672
     4.259
     4.278
     4.665
     4.147
     4.332
     4.595
     4.211
     3.211
     3.943
     4.029
     3.455
     4.208
     4.620
     4.778
     4.123
     5.065
     4.265
     4.140
     5.055
     3.869
     4.969
     4.786
     4.053
     3.764
     4.506
     3.962
     4.589
     3.718
     4.989
     4.488
     4.202
     3.647
     4.270
     4.359
     4.491
     4.686
     5.135
     4.328
     4.293
     5.142
     5.107
     4.933
     3.743
     4.701
     4.086
     4.668
     5.249
     4.331
     4.325
     4.135
     4.762
     4.648
     4.175
     4.346
     4.708
     4.778
     4.339
     4.163
     4.407
     5.312
     4.068
     4.203
     3.665
     4.437
     4.765
     4.944
     4.357
     4.007
     4.784
     4.347
     4.605
     4.998
     4.045
     5.320
     4.604
     4.995
     4.480
     4.244
     3.714
     4.011
     4.042
     4.727
     4.653
     4.835
     3.605
     4.645
     3.266
     4.761
     3.975
     4.991
     4.371
     4.428
     4.019
     4.660
     4.484
     3.667
     4.508
     4.352
     4.418
     4.654
     4.001
     4.459
     4.033
     5.072
     3.379
     5.150
     4.202
     4.580
     4.869
     4.846
     4.690
     4.792
     3.932
     3.795
     3.861
     5.088
     4.713
     4.775
     4.375
     4.627
     4.787
     4.305
     4.634
     3.931
     4.925
     4.173
     5.257
     5.421
     4.789
     4.897
     5.374
     4.368
     4.746
     4.679
     4.244
     4.734
     4.280
     4.976
     4.024
     5.082
     4.094
     4.564
     4.625
     4.634
     4.486
     4.760
     4.606
     4.345
     4.809
     5.022
     4.098
     4.329
     4.095
     5.004
     4.867
     3.658
     4.290
     4.983
     5.212
     4.552
     4.670
     4.400
     4.657
     5.029
     4.978
     5.229
     4.413
     3.925
     4.809
     4.521
     4.713
     3.511
     4.515
     4.172
     4.497
     4.696
     3.984
     5.040
     4.886
     4.235
     4.926
     5.167
     4.469
     4.555
     4.852
     3.760
     3.308
     4.077
     5.446
     4.817
     4.507
     4.343
     3.392
     4.717
     4.251
     5.338
     4.809
     4.747
     4.427
     4.937
     4.907
     4.412
     4.562
     4.117
     5.035
     4.861
     4.046
     5.048
     4.411
     5.005
     4.185
     4.702
     5.417
     4.436
     5.338
     4.748
     4.127
     4.514
     5.044
     4.893
     5.360
     4.410
     4.974
     5.068
     5.496
     5.303
     4.010
     4.134
     5.002
     4.310
     4.530
     5.026
     4.457
     4.473
     4.742
     4.767
     4.918
     4.716
     4.720
     4.187
     4.631
     4.630
     4.071
     4.621
     4.129
     4.662
     4.377
     3.789
     4.963
     4.016
     4.845
     4.576
     4.716
     5.605
     4.325
     4.090
     3.397
     5.225
     3.500
     4.278
     4.410
     4.704
     4.421
     4.009
     5.180
     4.204
     4.534
     3.649
     4.746
     4.590
     5.313
     4.046
     4.227
     4.462
     4.762
     4.559
     3.826
     5.072
     4.823
     4.398
     4.746
     4.528
     4.665
     3.945
     4.038
     3.551
     4.757
     3.726
     3.768
     4.040
     4.540
     4.010
     4.680
     5.333
     4.852
     4.625
     4.981
     4.876
     4.646
     4.696
     5.194
     4.288
     4.584
     4.648
     4.477
     4.243
     3.664
     4.065
     3.924
     5.197
     4.409
     3.793
     4.712
     4.907
     4.796
     4.689
     4.517
     4.479
     4.369
     4.236
     4.052
     3.756
     4.557
     4.059
     4.422
     4.708
     3.498
     4.661
     4.531
     5.041
     4.364
     4.881
     4.905
     4.637
     4.071
     4.133
     4.748
     5.091
     4.863
     4.401
     3.672
     4.114
     3.829
     4.762
     5.011
     4.804
     5.354
     4.732
     4.711
     4.587
     4.764
     3.953
     4.790
     4.655
     4.076
     4.661
     4.810
     3.171
     4.823
     3.783
     4.279
     4.603
     4.125
     3.986
     4.812
     4.734
     4.394
     4.316
     4.056
     5.013
     4.280
     5.166
     2.616
     4.841
     4.765
     4.033
     5.433
     4.705
     4.440
     4.702
     3.529
     4.480
     4.148
     5.259
     4.434
     4.027
     4.133
     5.374
     4.715
     4.616
     5.122
     4.100
     5.014
     5.136
     4.615
     4.603
     3.807
     4.790
     5.031
     4.982
     4.625
     4.703
     4.502
     4.383
     4.134
     3.497
     5.009
     3.839
     4.142
     5.014
     4.790
     4.106
     4.441
     4.632
     4.756
     4.852
     4.327
     4.416
     4.735
     5.296
     4.710
     5.569
     4.657
     3.701
     3.362
     4.167
     5.029
     3.836
     4.372
     3.837
     5.437
     4.380
     4.655
     4.087
     4.773
     4.649
     3.468
     4.470
     3.866
     3.835
     4.822
     4.181
     4.092
     4.280
     4.552
     5.559
     4.766
     4.102
     4.944
     4.343
     4.374
     4.158
     3.879
     4.201
     4.722
     4.281
     4.907
     4.729
     4.552
     4.416
     3.453
     5.018
     4.341
     4.967
     4.833
     4.817
     4.628
     4.369
     4.367
     4.172
     3.910
     4.571
     4.564
     4.858
     4.300
     4.205
     5.275
     4.395
     3.829
     4.621
     4.199
     4.239
     4.530
     4.521
     3.895
     4.979
     5.151
     5.227
     4.990
     4.257
     4.050
     4.731
     4.629
     4.653
     4.385
     4.667
     4.610
     4.547
     3.729
     4.633
     4.642
     4.178
     5.052
     4.740
     4.513
     4.419
     5.094
     4.760
     3.525
     4.593
     3.999
     3.809
     3.343
     4.256
     4.099
     3.866
     5.465
     4.431
     3.673
     5.355
     4.184
     4.726
     3.335
     4.730
     4.559
     5.297
     5.275
     4.843
     4.405
     4.385
     4.531
     4.248
     5.463
     3.596
     3.633
     4.696
     4.663
     4.543
     4.897
     4.130
     4.892
     4.520
     4.290
     4.341
     3.440
     4.308
     4.709
     4.378
     5.029
     4.572
     4.564
     4.775
     4.669
     4.268
     5.369
     4.620
     4.659
     4.547
     4.383
     4.286
     4.715
     5.078
     3.982
     4.466
     4.032
     5.606
     5.393
     5.024
     4.532
     4.842
     4.497
     4.680
     3.936
     3.897
     4.532
     4.823
     4.472
     4.602
     3.880
     4.693
     5.429
     4.600
     5.319
     4.097
     5.653
     4.527
     4.066
     4.553
     4.704
     4.439
     5.458
     4.920
     4.734
     4.201
     4.726
     4.323
     4.431
     4.051
     4.671
     4.604
     3.592
     3.722
     4.007
     4.122
     5.606
     4.685
     4.346
     4.551
     4.835
     4.054
     4.405
     5.288
     4.896
     4.731
     4.490
     4.869
     3.886
     4.530
     4.707
     4.321
     4.810
     4.085
     4.858
     4.201
     4.463
     4.916
     4.213
     4.514
     4.337
     4.581
     4.838
     4.809
     4.642
     4.583
     4.154
     4.333
     5.016
     4.112
     4.967
     4.264
     4.279
     4.687
     4.653
     3.858
     4.102
     4.599
     4.799
     4.132
     3.956
     4.487
     5.069
     4.639
     4.584
     3.997
     4.769
     4.524
     3.727
     4.377
     4.904
     5.170
     4.063
     4.795
     4.766
     4.640
     4.288
     4.603
     4.669
     5.121
     4.393
     3.587
     4.389
     3.867
     4.278
     4.204
     5.040
     4.598
     4.801
     3.598
     4.689
     4.729
     5.416
     4.582
     4.998
     4.984
     4.347
     4.469
     4.703
     4.797
     4.561
     4.048
     5.282
     4.103
     5.340
     5.119
     4.133
     5.098
     4.222
     4.579
     4.311
     4.388
     4.373
     4.701
     4.341
     3.602
     3.427
     3.908
     5.010
     4.730
     5.182
     4.739
     3.919
     4.725
     4.322
     4.320
     4.675
     4.417
     4.534
     4.956
     4.307
     4.152
     4.186
     4.249
     4.656
     5.002
     4.344
     3.397
     4.563
     3.796
     4.807
     4.570
     4.837
     4.259
     4.940
     5.616
     4.463
     4.832
     5.383
     5.015
     4.311
     4.226
     4.686
     3.723
     4.506
     4.784
     4.396
     4.121
     4.857
     4.624
     4.497
     4.709
     5.029
     4.229
     4.028
     3.941
     4.068
     4.241
     4.170
     4.700
     4.398
     3.452
     4.025
     4.696
     4.651
     4.416
     4.702
     4.663
     4.570
     4.750
     4.983
     4.133
     4.142
     4.536
     3.996
     4.197
     4.769
     4.784
     4.663
     4.571
     4.146
     4.719
     4.399
     3.718
     4.927
     4.747
     5.646
     4.467
     4.253
     4.451
     5.364
     4.831
     4.920
     4.383
     4.955
     4.657
     4.460
     4.339
     5.285
     4.860
     4.428
     4.350
     5.077
     4.784
     5.028
     4.189
     4.108
     3.705
     4.120
     4.793
     4.934
     4.632
     4.085
     4.154
     5.401
     4.575
     4.200
     4.356
     5.064
     3.043
     3.697
     4.995
     4.432
     5.246
     4.716
     4.721
     5.038
     5.107
     4.619
     4.958
     4.044
     4.498
     4.728
     4.970
     3.873
     5.040
     3.929
     4.934
     4.922
     4.205
     3.153
     4.196
     4.222
     4.071
     3.991
     4.562
     4.835
     4.661
     3.421
     4.505
     4.897
     4.844
     5.016
     4.512
     4.320
     5.110
     3.669
     3.957
     3.637
     5.540
     5.055
     5.188
     4.251
     4.525
     4.112
     5.293
     4.567
     5.440
     4.598
     4.831
     5.349
     5.201
     4.784
     4.665
     4.348
     5.389
     4.889
     4.904
     3.712
     4.612
     3.892
     4.191
     4.733
     4.908
     4.597
     4.664
     4.400
     4.201
     3.818
     4.709
     4.878
     4.993
     4.518
     4.382
     3.857
     4.730
     4.820
     3.751
     4.832
     4.598
     4.770
     3.536
     3.619
     4.124
     4.713
     4.900
     4.678
     4.678
     4.348
     4.243
     4.454
     4.078
     4.429
     4.387
     4.044
     5.020
     4.536
     4.100
     5.148
     4.066
     4.986
     4.860
     5.004
     4.480
     3.969
     4.663
     4.577
     4.664
     4.021
     4.879
     4.685
     4.616
     4.400
     4.345
     4.143
     4.302
     4.660
     4.005
     4.971
     4.542
     4.267
     4.088
     3.952
     3.371
     3.809
     4.687
     4.637
     3.949
     4.284
     4.738
     4.041
     4.817
     4.237
     4.262
     4.973
     4.104
     4.475
     4.852
     4.335
     4.400
     4.067
     3.899
     4.217
     4.940
     4.407
     4.659
     4.296
     3.957
     4.430
     4.495
     4.948
     4.855
     5.406
     4.181
     4.058
     4.860
     5.115
     4.209
     5.397
     4.102
     4.843
     4.725
     4.672
     4.588
     4.307
     4.757
     5.276
     4.364
     4.730
     4.599
     4.309
     4.253
     3.951
     4.762
     4.409
     3.869
     4.347
     4.816
     4.016
     4.715
     4.882
     4.826
     4.452
     4.563
     3.540
     5.280
     5.219
     4.022
     3.593
     3.592
     4.988
     4.229
     4.783
     3.410
     4.107
     3.742
     4.289
     4.325
     3.185
     4.371
     4.497
     3.885
     4.139
     4.739
     5.400
     4.696
     4.486
     4.777
     4.386
     5.630
     4.313
     4.529
     4.276
     4.562
     4.179
     5.504
     4.366
     5.394
     4.547
     4.221
     5.646
     5.258
     5.041
     4.053
     4.359
     4.276
     4.679
     4.915
     4.850
     4.518
     4.694
     4.674
     4.149
     3.718
     3.878
     4.791
     4.825
     4.978
     4.167
     4.316
     4.008
     4.658
     4.651
     4.717
     4.198
     4.594
     4.554
     4.890
     4.483
     4.505
     4.308
     3.852
     4.465
     4.039
     4.272
     5.619
     4.385
     4.793
     4.901
     4.695
     4.986
     4.724
     4.650
     4.957
     4.943
     4.577
     4.231
     4.460
     4.397
     4.024
     3.905
     4.677
     4.654
     5.105
     4.815
     4.267
     4.015
     4.715
     4.141
     5.289
     4.677
     4.458
     4.962
     4.610
     4.028
     5.001
     4.589
     5.281
     4.748
     4.655
     4.858
     4.195
     4.520
     4.463
     4.766
     4.615
     4.175
     4.398
     4.027
     4.509
     4.906
     5.197
     4.108
     4.545
     4.213
     4.620
     4.546
     3.829
     4.997
     4.597
     4.244
     3.363
     4.436
     4.445
     4.522
     4.377
     4.014
     5.077
     5.014
     4.495
     3.886
     4.673
     4.302
     5.265
     4.757
     4.554
     4.686
     4.774
     3.885
     4.994
     4.224
     4.123
     4.522
     4.771
     5.388
     5.312
     4.487
     4.877
     3.400
     4.996
     3.831
     3.972
     4.779
     4.714
     4.119
     4.989
     4.681
     4.424
     4.644
     4.701
     4.440
     4.744
     3.475
     3.907
     4.885
     5.158
     4.388
     4.055
     3.560
     4.925
     3.632
     3.883
     4.712
     4.524
     4.732
     4.616
     4.547
     4.707
     5.415
     5.438
     4.158
     4.023
     4.340
     4.389
     4.849
     5.484
     4.432
     4.793
     3.170
     4.157
     4.554
     4.715
     4.228
     4.687
     4.668
     3.340
     5.109
     4.778
     5.089
     4.592
     4.101
     4.266
     4.017
     4.109
     3.291
     4.910
     4.495
     3.906
     3.993
     4.631
     4.361
     4.326
     4.395
     4.228
     4.767
     4.404
     3.717
     4.123
     4.781
     4.366
     4.512
     4.381
     4.452
     4.791
     4.253
     4.857
     4.677
     5.428
     3.902
     4.219
     4.971
     4.304
     5.234
     5.348
     4.544
     4.269
     4.021
     4.283
     4.066
     4.792
     4.995
     4.569
     5.515
     4.053
     4.442
     4.515
     4.806
     4.687
     4.347
     4.475
     4.898
     4.651
     4.518
     4.679
     4.721
     3.942
     3.980
     4.218
     4.049
     4.397
     4.923
     4.050
     4.742
     4.655
     5.072
     4.345
     4.319
     4.706
     4.828
     4.141
     5.058
     4.421
     4.272
     4.920
     4.316
     5.614
     4.385
     4.911
     4.829
     4.633
     4.182
     3.903
     4.315
     4.591
     3.991
     4.099
     4.063
     4.569
     4.709
     3.198
     3.984
     4.793
     4.068
     4.668
     4.354
     4.594
     4.808
     4.973
     4.659
     4.935
     5.283
     4.438
     4.727
     4.944
     4.200
     4.606
     4.025
     4.763
     4.743
     4.774
     5.000
     5.064
     4.521
     4.772
     4.296
     5.334
     4.102
     4.066
     4.722
     4.823
     4.848
     5.465
     4.296
     3.325
     4.430
     4.162
     4.310
     4.104
     4.553
     4.078
     4.174
     4.079
     4.389
     4.412
     4.049
     4.676
     4.302
     4.570
     4.279
     4.837
     4.874
     4.197
     4.044
     4.253
     4.717
     3.952
     3.936
     4.504
     4.566
     4.186
     5.043
     3.993
     4.131
     4.286
     4.535
     3.882
     4.248
     4.439
     4.303
     4.962
     4.781
     4.335
     4.059
     5.091
     4.823
     3.462
     3.848
     4.848
     4.462
     4.717
     5.683
     4.663
     4.095
     4.797
     4.530
     4.511
     4.790
     4.072
     5.529
     4.564
     4.211
     3.598
     5.033
     4.561
     4.469
     5.003
     4.592
     4.449
     4.669
     4.554
     4.099
     4.926
     4.186
     4.748
     4.891
     5.163
     4.604
     4.815
     3.943
     5.448
     4.581
     4.928
     4.003
     5.002
     4.630
     4.718
     4.844
     5.045
     5.527
     4.697
     4.178
     4.062
     4.455
     4.234
     5.413
     4.147
     3.561
     4.593
     4.456
     4.271
     4.797
     4.339
     4.733
     4.960
     4.106
     4.550
     4.032
     4.254
     5.261
     4.458
     5.559
     5.035
     4.858
     3.835
     4.750
     4.971
     4.679
     5.335
     3.486
     3.821
     3.883
     3.362
     5.274
     4.038
     4.677
     4.575
     4.345
     4.416
     5.298
     4.030
     4.473
     4.846
     3.481
     4.685
     4.086
     4.275
     3.604
     4.640
     4.252
     4.056
     4.203
     4.165
     4.977
     4.470
     4.082
     4.421
     4.344
     3.903
     3.911
     4.455
     4.791
     4.701
     4.233
     5.147
     4.088
     4.683
     4.365
     4.028
     4.453
     4.824
     4.577
     4.350
     4.326
     4.523
     4.674
     3.885
     5.007
     4.130
     4.170
     4.626
     4.568
     4.822
     4.502
     3.698
     4.288
     4.503
     3.822
     4.762
     4.303
     3.871
     4.042
     4.983
     4.879
     5.061
     4.714
     4.766
     5.150
     4.932
     4.925
     4.163
     4.763
     4.364
     4.857
     4.819
     4.119
     4.479
     4.334
     4.567
     3.918
     5.045
     4.706
     3.827
     5.043
     4.437
     4.632
     3.658
     3.330
     4.344
     4.193
     4.621
     4.027
     4.962
     3.912
     4.692
     5.321
     4.353
     4.334
     4.729
     4.698
     4.063
     4.639
     4.589
     4.647
     4.283
     4.597
     4.872
     4.370
     4.175
     4.632
     3.940
     5.038
     4.372
     5.005
     3.365
     3.953
     4.905
     4.602
     4.024
     5.116
     3.845
     4.150
     4.067
     3.724
     4.489
     3.855
     4.360
     4.110
     4.372
     4.050
     4.584
     4.447
     4.303
     4.422
     4.342
     4.848
     4.830
     4.173
     4.829
     4.217
     5.204
     4.568
     3.375
     3.694
     4.079
     4.003
     4.482
     4.201
     3.834
     4.140
     4.652
     4.291
     5.240
     5.312
     4.895
     5.293
     4.817
     4.853
     4.074
     4.779
     4.070
     3.731
     4.428
     4.764
     4.420
     4.829
     3.979
     4.042
     3.477
     4.608
     4.589
     4.788
     4.508
     4.174
     4.670
     4.111
     3.860
     5.214
     4.903
     4.659
     4.366
     4.063
     3.675
     3.926
     5.574
     4.824
     4.166
     4.668
     5.254
     3.970
     4.335
     4.117
     4.428
     3.707
     4.247
     4.963
     4.846
     4.282
     4.602
     4.654
     4.757
     4.705
     4.133
     5.343
     5.142
     3.626
     4.329
     4.206
     4.871
     4.927
     4.659
     5.171
     4.050
     4.167
     4.651
     4.294
     4.170
     4.674
     4.597
     4.722
     5.337
     4.347
     4.330
     4.721
     4.635
     5.064
     5.042
     4.582
     4.751
     5.217
     4.087
     4.784
     4.325
     4.251
     5.062
     4.505
     3.831
     3.980
     4.419
     4.311
     4.782
     4.503
     4.494
     4.846
     4.700
     4.513
     4.561
     5.038
     4.290
     4.603
     5.271
     4.189
     4.993
     3.932
     4.756
     4.472
     4.698
     4.333
     4.512
     4.789
     4.267
     5.139
     3.345
     4.581
     5.002
     4.378
     4.765
     4.176
     4.278
     4.222
     3.669
     5.147
     5.371
     4.287
     4.893
     4.208
     4.815
     4.177
     4.684
     4.460
     4.392
     4.704
     4.154
     4.757
     4.988
     4.272
     4.593
     5.333
     4.724
     4.738
     3.997
     4.492
     4.747
     4.645
     4.933
     4.455
     5.349
     4.808
     4.081
     4.929
     5.082
     3.625
     4.245
     4.869
     4.583
     4.416
     4.834
     4.230
     5.023
     5.242
     4.655
     4.029
     4.123
     4.905
     4.052
     4.862
     4.797
     4.531
     4.451
     3.612
     5.408
     4.836
     4.119
     3.700
     4.908
     4.169
     4.089
     3.482
     4.903
     4.178
     4.881
     4.017
     4.795
     3.650
     2.715
     5.318
     3.659
     5.617
     5.540
     5.366
     4.797
     4.196
     3.636
     4.120
     4.256
     4.643
     4.476
     3.977
     4.943
     4.251
     5.049
     4.009
     4.649
     4.622
     3.925
     4.088
     4.753
     3.626
     4.513
     4.526
     4.736
     4.781
     4.036
     4.587
     4.596
     4.860
     4.491
     4.781
     4.291
     5.067
     4.046
     5.227
     4.059
     4.273
     4.203
     4.376
     4.176
     4.727
     4.560
     5.034
     4.649
     3.964
     4.603
     4.839
     4.694
     3.989
     4.339
     3.959
     5.651
     3.955
     5.552
     5.038
     4.969
     4.371
     4.907
     3.706
     4.200
     3.885
     4.585
     3.997
     4.900
     5.653
     4.632
     4.705
     5.382
     4.577
     4.115
     4.074
     4.974
     4.064
     4.177
     3.978
     5.677
     5.571
     4.508
     4.977
     5.058
     3.228
     4.651
     4.358
     5.075
     4.514
     4.747
     5.240
     5.169
     4.693
     5.073
     4.501
     4.370
     4.472
     4.565
     4.442
     4.497
     4.221
     4.138
     4.396
     4.768
     4.181
     4.919
     4.727
     4.966
     4.471
     3.958
     4.729
     4.553
     4.418
     5.112
     4.214
     4.036
     4.951
     4.399
     5.074
     4.657
     3.991
     4.159
     4.154
     3.711
     3.653
     4.922
     4.350
     5.523
     4.398
     4.806
     3.898
     4.916
     5.657
     3.901
     5.300
     4.636
     4.707
     4.352
     3.595
     4.022
     4.661
     4.135
     5.030
     4.007
     5.630
     3.857
     4.939
     3.906
     4.337
     4.966
     4.819
     4.642
     4.553
     5.018
     4.904
     4.409
     4.618
     4.965
     4.710
     4.415
     5.386
     3.865
     4.029
     5.057
     4.490
     4.818
     5.073
     4.299
     4.390
     4.181
     4.403
     4.337
     3.174
     4.259
     4.091
     5.374
     3.960
     4.959
     4.944
     4.750
     4.289
     4.400
     4.625
     3.807
     4.474
     4.836
     4.612
     4.712
     4.773
     4.858
     4.852
     5.464
     4.588
     3.771
     4.786
     4.241
     5.264
     4.664
     4.523
     3.991
     3.635
     4.575
     4.547
     4.420
     4.713
     4.144
     4.683
     4.598
     5.143
     5.241
     4.633
     4.666
     4.428
     4.502
     4.546
     4.459
     4.598
     4.514
     5.577
     4.260
     3.692
     4.955
     5.066
     4.088
     4.304
     4.648
     4.164
     4.713
     4.819
     4.329
     4.472
     5.175
     4.682
     5.218
     4.999
     4.881
     4.952
     5.053
     4.211
     4.311
     4.534
     4.187
     3.899
     4.749
     3.499
     4.659
     4.516
     4.814
     4.685
     4.959
     4.924
     4.310
     4.811
     4.205
     4.292
     3.892
     4.023
     4.757
     4.515
     4.475
     3.991
     4.665
     5.490
     5.134
     4.090
     4.015
     4.042
     5.107
     4.168
     5.269
     4.088
     4.042
     4.246
     3.398
     4.272
     4.738
     4.373
     4.613
     4.985
     4.505
     5.312
     4.816
     3.877
     3.795
     3.932
     3.887
     4.658
     4.600
     4.604
     4.567
     4.842
     5.477
     4.343
     5.270
     4.616
     4.894
     4.150
     3.413
     4.299
     3.825
     4.353
     4.880
     4.182
     4.869
     4.667
     5.500
     3.748
     5.017
     3.549
     3.460
     4.519
     3.264
     4.157
     4.520
     5.297
     4.505
     3.986
     3.986
     4.433
     4.503
     4.399
     4.578
     4.472
     4.565
     4.227
     5.177
     5.207
     4.580
     4.696
     4.591
     4.747
     4.048
     4.549
     3.817
     4.727
     4.663
     4.532
     5.368
     4.544
     4.478
     4.699
     4.697
     4.098
     4.253
     4.117
     4.817
     3.635
     4.850
     4.948
     4.596
     4.486
     3.842
     4.774
     4.142
     4.380
     3.212
     4.584
     4.702
     4.861
     3.882
     3.817
     4.357
     4.193
     4.058
     4.734
     4.516
     4.260
     4.612
     4.244
     4.306
     4.131
     4.142
     3.856
     4.812
     4.881
     4.590
     4.740
     3.649
     4.482
     4.576
     4.499
     4.695
     4.664
     4.958
     4.451
     5.319
     4.904
     4.644
     3.939
     4.710
     4.586
     4.314
     4.070
     4.596
     5.332
     4.310
     3.840
     4.579
     4.389
     4.077
     4.490
     4.082
     4.318
     4.182
     4.470
     4.936
     5.217
     3.521
     4.837
     4.450
     4.256
     4.685
     3.284
     4.687
     4.863
     4.289
     4.657
     4.130
     4.791
     4.500
     4.562
     4.578
     4.796
     4.378
     4.188
     4.235
     4.960
     4.443
     4.235
     4.741
     4.289
     4.697
     4.979
     5.395
     5.398
     4.950
     4.342
     4.751
     4.717
     4.084
     3.993
     3.945
     4.753
     4.500
     4.994
     4.664
     3.685
     4.758
     5.049
     3.959
     4.671
     4.163
     4.795
     4.827
     5.368
     4.564
     4.639
     5.618
     3.969
     4.561
     4.328
     4.461
     4.934
     4.011
     3.905
     4.169
     5.215
     3.881
     4.511
     4.253
     3.475
     4.822
     4.228
     4.293
     4.774
     3.365
     4.518
     4.365
     4.658
     4.497
     4.002
     4.200
     4.288
     4.698
     4.667
     5.190
     4.994
     4.538
     4.347
     4.589
     4.094
     4.633
     4.568
     4.667
     3.778
     4.584
     4.183
     4.386
     5.474
     4.866
     4.966
     4.104
     4.336
     4.563
     4.155
     4.673
     4.656
     4.186
     3.643
     4.540
     4.377
     4.682
     4.434
     4.378
     3.813
     4.052
     4.184
     4.267
     5.120
     4.866
     5.203
     4.891
     3.455
     3.713
     5.075
     4.552
     4.504
     4.660
     4.921
     4.805
     4.879
     4.380
     5.073
     4.751
     4.933
     4.983
     4.423
     4.189
     4.594
     4.594
     3.957
     4.360
     4.763
     4.061
     5.342
     4.373
     3.592
     4.543
     4.194
     5.008
     4.418
     5.189
     4.797
     4.652
     4.503
     4.067
     4.806
     4.682
     4.752
     3.315
     4.790
     3.995
     4.334
     3.965
     4.618
     4.048
     4.445
     4.730
     4.034
     4.744
     4.571
     4.939
     4.403
     4.330
     5.202
     3.892
     4.197
     4.456
     5.556
     5.493
     4.500
     3.589
     4.727
     4.421
     3.590
     4.412
     4.199
     4.871
     4.314
     4.688
     4.040
     4.934
     4.947
     4.805
     4.393
     4.637
     4.867
     4.465
     5.128
     4.576
     5.013
     4.394
     4.795
     3.522
     4.743
     4.870
     4.707
     4.257
     4.423
     3.998
     5.204
     4.495
     4.138
     4.858
     4.775
     4.883
     4.461
     4.549
     5.116
     4.063
     5.004
     4.500
     4.195
     4.182
     4.436
     4.498
     5.004
     4.628
     4.660
     4.540
     4.330
     4.707
     4.472
     4.040
     4.642
     4.571
     5.132
     5.230
     4.523
     4.653
     4.352
     4.826
     4.992
     3.887
     4.689
     4.777
     5.591
     4.520
     4.374
     4.974
     4.357
     4.647
     4.345
     4.800
     4.519
     4.117
     5.317
     4.741
     4.622
     4.640
     5.045
     4.804
     4.574
     3.750
     4.610
     4.317
     4.364
     4.787
     4.218
     4.791
     4.735
     4.588
     4.754
     4.965
     4.349
     3.716
     3.844
     4.555
     4.515
     4.746
     4.059
     4.203
     4.970
     4.002
     4.105
     4.499
     4.472
     5.072
     4.596
     4.380
     4.255
     4.198
     4.639
     4.097
     4.741
     4.780
     5.147
     5.463
     4.651
     4.771
     4.878
     4.662
     4.090
     4.944
     3.980
     4.745
     4.230
     4.873
     4.735
     4.274
     4.750
     4.812
     3.883
     4.583
     4.363
     5.471
     4.570
     4.296
     4.113
     5.296
     3.847
     4.253
     4.934
     4.634
     4.387
     4.806
     4.283
     3.833
     4.371
     3.702
     4.698
     4.778
     5.362
     4.440
     4.918
     5.047
     4.872
     4.015
     4.903
     5.226
     5.297
     3.888
     4.302
     4.751
     4.529
     4.533
     4.044
     4.689
     4.062
     3.610
     4.299
     5.110
     3.701
     4.848
     4.314
     5.341
     4.644
     3.981
     4.326
     4.665
     4.520
     4.712
     3.829
     4.421
     4.622
     4.091
     3.895
     4.582
     3.527
     5.077
     4.205
     4.634
     4.210
     4.302
     4.053
     4.071
     4.613
     4.111
     3.989
     4.655
     4.681
     4.129
     4.834
     4.882
     3.469
     5.601
     4.763
     4.706
     4.745
     5.052
     4.483
     3.748
     4.465
     4.244
     4.687
     4.075
     4.059
     4.006
     4.672
     3.669
     4.431
     5.218
     4.328
     4.670
     4.706
     4.548
     4.411
     3.797
     3.339
     4.454
     3.929
     4.446
     5.049
     4.739
     4.716
     4.330
     4.711
     4.887
     4.522
     4.316
     4.669
     4.325
     4.123
     4.797
     5.096
     3.492
     3.478
     5.000
     4.980
     3.975
     4.020
     5.589
     5.277
     4.886
     5.361
     4.391
     4.622
     4.895
     4.876
     3.555
     3.946
     4.276
     4.377
     3.287
     4.388
     3.939
     4.559
     4.584
     4.698
     4.084
     5.275
     4.702
     4.438
     3.892
     3.600
     4.763
     4.294
     4.748
     3.324
     4.727
     4.556
     5.081
     3.986
     4.155
     4.889
     4.314
     4.633
     4.225
     4.743
     4.117
     4.053
     4.967
     3.826
     4.280
     4.788
     4.251
     4.636
     4.454
     3.912
     4.926
     4.180
     4.056
     4.382
     4.811
     4.677
     4.826
     4.527
     4.264
     5.286
     3.474
     4.649
     4.068
     5.383
     4.996
     4.859
     5.361
     4.528
     5.186
     4.264
     4.346
     4.912
     4.368
     4.673
     4.701
     3.689
     4.416
     4.379
     4.668
     4.973
     4.128
     3.692
     4.493
     4.806
     4.574
     4.636
     4.570
     4.523
     4.777
     4.466
     4.151
     5.005
     4.964
     4.061
     3.766
     4.471
     4.328
     3.519
     5.626
     3.538
     4.552
     4.377
     5.587
     3.735
     4.532
     4.320
     4.719
     4.352
     4.292
     4.583
     5.019
     4.036
     4.872
     4.848
     5.227
     4.872
     5.155
     3.929
     3.315
     4.910
     4.151
     4.487
     4.935
     4.596
     4.872
     4.507
     3.976
     3.623
     4.992
     3.983
     4.614
     4.658
     4.471
     3.962
     4.773
     4.482
     4.923
     4.956
     4.157
     5.370
     4.661
     4.012
     4.847
     4.097
     4.694
     4.437
     4.833
     3.883
     4.309
     4.758
     4.110
     4.513
     4.211
     4.135
     4.795
     4.840
     4.525
     4.884
     4.611
     4.450
     4.324
     4.231
     5.490
     4.070
     4.607
     4.037
     4.093
     4.805
     4.783
     3.153
     5.113
     4.222
     4.720
     5.185
     4.689
     3.833
     4.565
     4.576
     4.804
     4.137
     3.671
     5.252
     4.215
     4.116
     4.796
     4.800
     4.289
     5.180
     4.013
     4.829
     4.191
     4.638
     4.689
     5.124
     4.339
     3.888
     4.261
     4.849
     5.193
     4.516
     5.428
     4.869
     4.802
     4.278
     4.851
     4.102
     4.546
     3.457
     4.012
     4.980
     4.605
     4.093
     4.429
     4.626
     4.319
     4.574
     4.288
     4.723
     4.063
     4.696
     4.301
     5.109
     4.509
     4.846
     4.847
     4.398
     4.841
     4.429
     3.962
     3.838
     5.043
     4.328
     4.534
     4.737
     3.999
     4.374
     3.325
     4.151
     4.898
     4.456
     5.158
     4.666
     4.814
     5.523
     4.149
     4.974
     4.979
     5.103
     3.679
     3.686
     4.981
     3.734
     4.144
     4.367
     4.947
     4.819
     4.523
     4.300
     4.805
     4.778
     4.100
     5.377
     4.617
     4.136
     4.447
     4.974
     4.623
     4.165
     4.023
     5.276
     3.923
     4.250
     5.069
     4.079
     4.036
     4.455
     4.521
     4.407
     4.965
     4.569
     4.805
     4.288
     4.395
     4.493
     4.856
     4.636
     4.687
     4.624
     4.214
     3.727
     5.449
     4.679
     5.364
     4.099
     3.324
     4.327
     4.408
     3.908
     4.905
     3.687
     4.194
     4.303
     5.240
     4.256
     4.456
     4.378
     4.292
     3.831
     4.671
     4.526
     4.209
     4.670
     3.985
     4.944
     4.193
     4.709
     5.057
     4.721
     4.687
     4.614
     4.236
     4.382
     3.978
     4.742
     4.312
     4.916
     4.061
     3.791
     4.297
     4.963
     4.565
     4.485
     4.334
     5.064
     4.191
     4.461
     4.594
     3.119
     4.180
     4.735
     4.740
     4.352
     4.097
     4.091
     4.637
     4.015
     4.377
     4.735
     4.207
     4.410
     3.720
     4.485
     4.953
     5.368
     4.529
     4.674
     4.032
     4.546
     5.053
     4.884
     4.806
     5.203
     4.609
     4.633
     4.864
     4.477
     4.778
     5.510
     4.988
     4.394
     5.062
     4.964
     4.664
     4.605
     4.646
     4.520
     4.900
     3.868
     3.772
     4.892
     4.401
     4.204
     3.510
     4.856
     3.953
     5.127
     4.578
     4.300
     4.669
     5.301
     4.193
     4.941
     4.746
     4.090
     4.274
     4.329
     4.063
     4.677
     4.862
     4.652
     4.838
     4.162
     3.819
     4.824
     4.649
     4.327
     4.295
     4.407
     4.470
     4.457
     4.080
     4.837
     5.040
     4.668
     4.874
     4.416
     3.602
     4.911
     4.423
     4.438
     4.938
     4.366
     4.102
     5.176
     4.642
     4.658
     4.320
     4.740
     4.787
     4.887
     4.184
     4.272
     5.369
     4.301
     4.250
     4.472
     4.579
     4.282
     4.433
     4.587
     5.522
     4.596
     4.628
     3.891
     4.438
     4.310
     4.557
     4.039
     4.504
     5.084
     2.631
     4.528
     4.762
     3.518
     4.020
     4.900
     4.393
     4.544
     4.605
     4.445
     4.941
     5.039
     5.125
     4.069
     4.364
     4.306
     3.998
     4.195
     4.578
     5.273
     4.624
     4.805
     4.984
     4.738
     4.205
     5.628
     4.693
     4.875
     4.295
     4.028
     4.519
     3.980
     4.169
     5.388
     3.614
     4.613
     4.535
     4.566
     4.583
     3.881
     5.266
     4.550
     3.945
     3.904
     4.545
     4.693
     3.567
     4.040
     5.259
     4.691
     4.280
     4.885
     4.052
     3.980
     4.739
     4.722
     4.367
     4.970
     4.850
     5.058
     4.999
     3.556
     5.019
     3.535
     3.938
     4.649
     4.412
     4.631
     4.939
     3.928
     4.485
     4.452
     3.592
     5.185
     4.507
     4.635
     4.809
     4.036
     4.694
     4.093
     3.909
     4.658
     4.537
     4.262
     4.498
     4.983
     4.335
     5.483
     4.516
     4.747
     4.217
     4.353
     4.722
     4.542
     4.850
     5.178
     4.787
     5.276
     4.866
     4.630
     4.695
     4.611
     3.494
     4.065
     3.842
     4.549
     4.623
     4.811
     3.782
     4.110
     4.753
     4.493
     4.262
     4.443
     4.246
     4.297
     4.110
     5.618
     3.877
     4.542
     4.274
     4.210
     4.364
     4.900
     3.669
     4.767
     3.514
     4.838
     5.328
     4.644
     3.845
     4.572
     4.576
     4.008
     4.055
     4.710
     4.450
     4.617
     4.183
     3.663
     4.141
     4.554
     4.750
     4.266
     4.422
     4.419
     4.781
     4.441
     3.674
     4.844
     4.592
     4.557
     5.032
     5.071
     3.638
     4.625
     4.647
     4.753
     4.187
     4.535
     5.017
     5.229
     4.939
     4.920
     3.818
     5.101
     5.134
     4.705
     4.446
     4.446
     5.294
     4.239
     3.589
     4.217
     4.520
     3.580
     4.673
     4.550
     2.828
     4.341
     4.708
     5.064
     5.055
     4.943
     4.693
     3.459
     5.104
     5.114
     3.845
     4.738
     4.532
     5.104
     4.827
     4.795
     4.432
     4.277
     4.505
     5.078
     4.398
     4.127
     4.463
     4.238
     4.286
     4.581
     5.197
     4.911
     3.796
     4.530
     4.682
     4.600
     4.462
     4.244
     3.242
     4.263
     4.698
     4.686
     4.502
     4.773
     4.185
     5.019
     3.918
     4.676
     4.157
     4.392
     3.732
     4.411
     4.074
     5.373
     3.387
     4.960
     5.367
     5.094
     3.863
     4.582
     5.093
     4.595
     4.496
     4.289
     4.902
     4.504
     4.898
     4.054
     4.952
     5.003
     4.695
     4.569
     3.946
     5.063
     3.889
     4.070
     4.788
     4.959
     4.035
     4.423
     3.530
     4.227
     4.892
     4.829
     4.357
     4.317
     4.198
     4.590
     4.383
     3.959
     4.232
     4.150
     5.114
     4.218
     4.935
     4.630
     3.349
     3.597
     3.078
     4.854
     4.761
     4.475
     4.284
     4.084
     3.442
     4.464
     4.806
     4.542
     5.501
     4.760
     3.479
     4.667
     4.696
     4.721
     4.670
     4.751
     5.058
     4.874
     4.842
     4.405
     4.602
     3.889
     3.796
     5.006
     4.898
     4.304
     4.198
     4.789
     5.045
     4.727
     5.025
     5.407
     4.572
     4.525
     4.765
     4.284
     4.389
     4.478
     4.612
     4.859
     4.872
     4.908
     3.921
     3.981
     3.690
     4.273
     4.954
     4.706
     5.051
     4.143
     3.400
     4.375
     4.495
     4.348
     4.448
     4.765
     4.088
     4.406
     3.855
     4.119
     4.194
     4.173
     4.044
     4.343
     5.550
     4.330
     4.967
     5.481
     4.548
     5.284
     4.618
     4.199
     5.195
     4.545
     3.906
     4.840
     4.030
     4.128
     5.098
     4.315
     3.988
     4.858
     4.418
     4.098
     4.521
     3.997
     4.115
     4.104
     4.601
     4.806
     3.993
     4.922
     4.890
     4.924
     4.981
     4.049
     4.456
     4.678
     3.520
     4.646
     4.664
     4.581
     5.377
     4.825
     4.410
     4.155
     5.450
     4.753
     4.941
     4.818
     4.179
     4.451
     4.494
     4.803
     4.311
     4.790
     4.237
     4.429
     4.460
     4.280
     4.217
     4.650
     4.421
     5.111
     4.769
     4.127
     4.692
     4.863
     4.911
     4.756
     4.994
     4.923
     4.311
     4.168
     5.328
     4.037
     5.035
     3.767
     5.579
     4.539
     4.567
     4.683
     4.424
     5.093
     3.725
     5.541
     3.454
     4.705
     4.653
     4.301
     4.925
     4.285
     4.806
     4.753
     4.914
     4.532
     4.234
     5.004
     4.574
     4.775
     3.763
     5.230
     5.034
     5.068
     4.103
     4.283
     5.101
     4.783
     4.201
     4.249
     4.661
     4.659
     4.497
     4.834
     4.636
     4.684
     4.756
     4.402
     3.988
     4.861
     3.254
     4.925
     4.067
     3.970
     4.667
     4.411
     3.536
     4.332
     5.237
     4.746
     4.622
     4.104
     5.251
     3.769
     4.411
     5.466
     4.303
     4.722
     4.374
     3.237
     4.924
     4.634
     4.372
     4.990
     3.918
     4.902
     4.565
     4.514
     4.477
     5.159
     4.554
     4.569
     3.875
     4.264
     4.848
     3.544
     5.438
     4.618
     5.247
     5.107
     4.749
     3.239
     5.439
     5.637
     4.748
     5.610
     4.268
     4.585
     4.591
     4.975
     4.425
     4.491
     4.437
     4.143
     4.474
     4.832
     4.866
     4.439
     4.556
     4.607
     4.463
     3.777
     3.840
     4.604
     4.446
     4.420
     4.333
     4.561
     3.761
     5.021
     4.455
     4.030
     3.789
     3.508
     4.441
     3.774
     3.596
     4.578
     4.341
     4.085
     4.814
     5.286
     4.108
     4.674
     4.683
     4.454
     5.235
     4.366
     4.358
     4.815
     4.885
     3.587
     4.548
     4.765
     3.570
     3.546
     4.321
     5.007
     4.379
     4.879
     4.383
     4.834
     4.071
     3.787
     4.750
     5.297
     3.424
     4.019
     3.948
     4.798
     4.613
     5.077
     5.108
     4.908
     4.511
     5.368
     4.989
     4.606
     4.516
     4.004
     4.802
     4.760
     4.611
     4.287
     5.207
     3.616
     4.554
     4.158
     4.718
     4.786
     4.941
     4.727
     5.160
     4.722
     3.996
     4.615
     4.244
     5.034
     5.001
     4.294
     4.029
     4.581
     5.646
     5.160
     4.621
     4.086
     4.176
     3.639
     4.779
     4.157
     4.706
     4.156
     4.438
     4.198
     4.794
     4.304
     4.591
     4.618
     4.577
     4.489
     4.694
     5.201
     4.241
     4.136
     4.426
     4.850
     4.741
     4.211
     4.812
     3.666
     4.744
     4.400
     5.450
     4.828
     3.869
     3.703
     5.114
     4.541
     3.781
     4.987
     4.583
     4.555
     3.846
     4.033
     5.253
     4.411
     4.190
     4.581
     4.175
     4.679
     4.806
     4.621
     3.406
     4.653
     5.397
     4.998
     3.819
     3.541
     4.009
     5.121
     4.114
     5.187
     4.432
     4.608
     3.967
     4.935
     5.652
     4.213
     4.643
     4.598
     4.895
     4.108
     4.666
     4.779
     4.783
     4.944
     4.694
     4.646
     4.334
     4.056
     4.873
     4.956
     4.091
     4.719
     4.962
     4.839
     4.461
     4.250
     4.621
     4.482
     3.979
     4.199
     4.607
     3.701
     4.983
     4.618
     3.753
     4.280
     3.594
     3.992
     4.497
     4.758
     4.994
     4.556
     4.705
     4.738
     5.030
     4.794
     5.122
     4.820
     4.725
     4.948
     4.672
     5.133
     4.047
     4.896
     4.576
     4.582
     5.158
     5.148
     4.842
     4.568
     4.336
     4.457
     4.993
     4.078
     4.329
     4.705
     4.109
     5.147
     5.201
     5.195
     4.748
     4.976
     5.080
     4.023
     4.592
     5.108
     4.405
     4.744
     4.895
     4.931
     3.607
     4.699
     3.731
     5.514
     5.508
     4.636
     3.982
     3.549
     4.372
     4.210
     4.766
     5.148
     5.232
     5.098
     4.815
     5.313
     3.541
     5.021
     4.782
     4.234
     4.183
     4.583
     4.730
     4.561
     5.020
     4.204
     4.699
     4.427
     4.640
     4.848
     4.740
     4.003
     4.664
     5.029
     3.924
     4.441
     4.877
     4.114
     4.411
     4.464
     4.136
     4.684
     4.123
     4.598
     4.256
     4.122
     4.770
     4.324
     4.300
     4.200
     4.809
     3.982
     4.851
     3.310
     5.031
     4.812
     4.465
     4.020
     4.889
     4.333
     4.737
     4.129
     5.061
     4.785
     4.141
     4.310
     4.803
     4.738
     4.834
     4.738
     3.662
     4.641
     4.646
     4.184
     3.752
     4.629
     4.564
     4.253
     4.855
     4.302
     5.003
     3.667
     4.571
     4.804
     4.987
     4.675
     4.036
     4.086
     4.735
     4.075
     4.428
     4.087
     4.735
     4.785
     5.101
     4.265
     4.999
     3.904
     4.267
     4.044
     4.180
     4.046
     4.196
     3.990
     4.783
     4.272
     3.549
     4.717
     4.599
     4.622
     3.750
     3.997
     4.826
     4.073
     5.403
     4.679
     3.769
     4.001
     4.314
     5.176
     4.946
     4.490
     3.457
     5.111
     3.608
     4.670
     4.350
     4.058
     5.079
     4.927
     4.493
     4.796
     4.265
     4.174
     4.402
     5.080
     3.956
     5.274
     3.279
     3.898
     3.861
     4.316
     4.718
     4.546
     4.603
     4.808
     5.129
     4.085
     4.301
     5.279
     3.695
     3.981
     4.162
     4.110
     5.064
     4.260
     4.162
     4.170
     4.483
     4.649
     4.407
     4.600
     3.976
     4.454
     5.023
     5.068
     4.564
     4.089
     4.585
     5.162
     4.578
     3.879
     4.442
     4.788
     3.969
     4.813
     4.100
     4.285
     4.352
     4.008
     4.970
     4.502
     5.056
     4.456
     3.062
     4.849
     3.779
     4.182
     4.229
     5.016
     4.156
     3.952
     4.234
     4.515
     4.549
     4.976
     5.375
     4.974
     4.261
     4.840
     4.466
     3.468
     3.926
     4.671
     4.194
     3.940
     4.179
     4.564
     4.056
     4.135
     4.655
     4.577
     4.197
     4.673
     4.289
     4.705
     4.752
     5.054
     4.738
     4.471
     4.722
     4.188
     4.028
     4.877
     4.180
     5.519
     5.249
     4.090
     4.731
     4.820
     4.803
     4.200
     4.244
     4.745
     4.569
     5.195
     4.501
     4.860
     4.532
     4.680
     4.276
     4.668
     4.904
     4.289
     4.194
     5.654
     3.601
     3.814
     4.167
     4.396
     4.688
     4.707
     4.141
     5.123
     4.921
     4.946
     4.120
     4.851
     4.873
     4.707
     4.924
     4.674
     4.727
     4.732
     3.638
     4.266
     4.448
     4.989
     4.481
     4.701
     5.367
     4.949
     4.642
     3.906
     4.207
     4.574
     5.065
     4.405
     3.322
     4.623
     4.787
     5.088
     5.182
     3.938
     5.082
     4.665
     5.237
     4.944
     5.114
     4.645
     4.465
     4.769
     4.221
     4.769
     4.450
     4.694
     4.970
     4.187
     4.005
     4.026
     3.997
     4.892
     3.524
     4.067
     4.631
     4.675
     4.901
     4.143
     4.103
     5.186
     4.475
     4.779
     5.141
     3.976
     4.780
     5.183
     4.198
     3.974
     5.170
     4.333
     4.721
     4.507
     4.449
     5.443
     4.530
     4.653
     4.647
     4.524
     3.944
     4.561
     5.450
     4.638
     4.926
     4.653
     4.140
     3.409
     5.435
     5.100
     4.170
     4.190
     4.469
     3.423
     4.965
     4.601
     3.632
     4.305
     4.838
     4.082
     4.767
     4.779
     4.994
     4.213
     4.167
     4.794
     4.032
     5.294
     3.619
     4.079
     4.659
     4.905
     5.285
     5.385
     4.266
     4.394
     4.359
     4.605
     5.386
     4.836
     4.110
     4.857
     4.080
     4.611
     4.697
     4.727
     4.607
     4.579
     3.965
     5.314
     4.508
     4.478
     4.737
     4.843
     4.690
     4.754
     4.623
     4.917
     3.909
     5.113
     5.106
     4.779
     4.961
     4.539
     4.604
     5.210
     4.691
     4.604
     4.579
     4.433
     4.204
     4.370
     4.612
     4.111
     4.384
     5.330
     4.418
     4.714
     4.749
     4.886
     4.297
     3.900
     3.701
     4.343
     3.500
     4.979
     5.038
     5.112
     4.920
     3.827
     3.742
     5.295
     4.972
     4.384
     4.237
     4.272
     5.139
     4.555
     4.465
     3.629
     4.617
     4.650
     4.460
     4.515
     4.007
     4.728
     4.490
     4.765
     3.928
     4.775
     4.774
     3.497
     4.863
     4.789
     4.713
     4.297
     4.466
     3.966
     4.931
     4.056
     3.859
     4.361
     4.396
     4.242
     5.107
     4.427
     4.977
     3.519
     4.489
     3.956
     4.848
     4.600
     3.683
     5.018
     4.329
     4.357
     5.565
     4.398
     4.299
     5.388
     4.714
     4.169
     4.495
     4.755
     4.970
     4.270
     4.293
     4.401
     4.426
     4.301
     4.824
     4.734
     4.794
     3.849
     4.395
     5.214
     4.336
     4.484
     4.780
     4.448
     5.106
     4.418
     5.588
     5.028
     4.571
     4.757
     4.836
     4.311
     5.445
     4.815
     4.696
     4.401
     5.185
     4.506
     5.125
     4.459
     4.866
     3.992
     5.356
     4.257
     5.329
     4.917
     5.412
     4.232
     4.757
     4.351
     3.968
     4.197
     5.133
     4.149
     3.746
     4.674
     3.998
     4.259
     4.057
     4.166
     3.639
     5.015
     4.168
     4.245
     4.861
     4.827
     4.432
     4.184
     4.015
     5.106
     4.050
     4.890
     4.748
     3.930
     4.591
     4.163
     4.853
     4.467
     4.455
     3.105
     5.119
     5.454
     4.552
     4.954
     4.857
     4.854
     4.888
     4.949
     4.547
     5.178
     4.055
     4.088
     5.034
     3.973
     4.027
     4.006
     4.482
     4.516
     3.865
     4.453
     4.623
     4.873
     4.006
     4.449
     4.567
     4.741
     4.336
     3.557
     5.103
     4.535
     4.644
     4.344
     4.555
     4.807
     4.732
     4.652
     4.575
     4.859
     4.813
     4.346
     3.949
     4.643
     4.403
     4.624
     4.940
     5.405
     4.982
     5.362
     5.004
     4.348
     5.037
     3.110
     5.030
     4.902
     5.011
     4.765
     3.497
     4.950
     4.319
     4.233
     5.299
     4.070
     4.030
     4.963
     4.426
     4.528
     4.362
     4.239
     5.152
     4.489
     4.511
     5.076
     4.725
     4.190
     3.923
     4.631
     3.570
     4.438
     4.397
     4.494
     4.867
     4.012
     4.292
     4.928
     4.947
     4.916
     3.900
     4.650
     3.626
     4.771
     4.289
     4.326
     4.644
     4.515
     3.774
     4.212
     4.226
     3.886
     3.795
     5.380
     4.389
     4.375
     4.134
     4.835
     4.599
     5.298
     5.091
     3.553
     3.857
     4.080
     4.291
     4.325
     3.063
     4.251
     5.324
     5.257
     4.587
     4.791
     4.217
     5.017
     4.811
     4.460
     4.511
     4.148
     4.584
     4.596
     4.339
     4.462
     4.695
     5.355
     4.341
     4.584
     4.744
     4.194
     4.724
     4.459
     4.061
     4.767
     3.833
     5.209
     4.662
     4.507
     4.084
     4.550
     4.507
     4.329
     4.849
     4.598
     4.120
     4.046
     4.562
     4.940
     5.108
     4.279
     5.003
     4.828
     4.822
     4.660
     4.594
     4.692
     4.682
     5.217
     5.262
     4.979
     4.735
     5.023
     4.804
     4.823
     5.117
     4.115
     4.494
     3.761
     4.451
     3.467
     4.640
     4.721
     4.301
     4.309
     4.401
     4.410
     4.746
     4.011
     4.517
     4.218
     3.826
     3.841
     3.866
     4.841
     4.111
     4.447
     5.071
     5.044
     5.365
     4.592
     5.177
     4.110
     3.144
     4.327
     4.819
     4.893
     5.039
     4.847
     4.321
     4.554
     3.944
     4.929
     4.135
     4.026
     5.009
     4.756
     4.812
     4.808
     4.520
     4.522
     5.320
     5.663
     4.103
     4.072
     4.050
     4.736
     4.775
     3.378
     3.963
     5.687
     4.341
     4.829
     4.166
     4.586
     4.623
     4.859
     4.400
     4.826
     5.531
     4.101
     4.098
     4.647
     3.914
     4.256
     5.328
     4.934
     5.096
     5.307
     5.101
     4.222
     3.593
     3.531
     5.092
     5.068
     4.321
     4.870
     4.032
     4.678
     4.186
     4.276
     3.914
     4.409
     3.893
     4.693
     4.534
     4.194
     3.577
     4.053
     4.813
     3.916
     4.851
     4.482
     4.772
     3.990
     4.773
     4.858
     5.054
     4.847
     4.145
     5.154
     4.878
     4.371
     4.823
     4.986
     4.598
     4.219
     5.244
     4.033
     5.074
     4.931
     4.030
     4.542
     4.381
     4.542
     4.984
     4.650
     4.960
     4.950
     4.420
     3.794
     4.019
     4.953
     5.149
     4.011
     4.441
     5.023
     4.772
     4.940
     4.229
     4.612
     4.230
     4.564
     4.424
     4.849
     4.507
     4.922
     4.574
     4.903
     4.122
     4.994
     4.735
     4.726
     4.254
     4.726
     3.271
     4.603
     4.707
     3.879
     4.165
     4.581
     4.573
     4.884
     4.605
     4.943
     4.699
     4.750
     4.841
     4.251
     5.163
     4.658
     5.243
     4.212
     4.841
     4.687
     4.850
     4.179
     4.719
     4.124
     4.062
     4.814
     3.335
     5.159
     5.200
     4.165
     4.034
     4.636
     4.040
     4.528
     4.388
     4.714
     4.537
     4.333
     4.828
     4.847
     5.138
     4.558
     3.714
     3.884
     4.781
     4.964
     5.468
     4.396
     4.042
     5.012
     4.128
     4.242
     4.862
     5.419
     3.620
     4.681
     4.623
     4.724
     4.488
     4.654
     4.583
     5.447
     3.753
     4.712
     5.319
     4.482
     4.588
     4.658
     4.327
     4.367
     4.242
     4.973
     4.587
     4.127
     5.267
     3.777
     3.395
     4.652
     3.990
     4.932
     4.830
     4.914
     4.046
     4.721
     4.561
     3.743
     3.831
     4.921
     4.574
     4.552
     4.311
     4.212
     4.145
     4.737
     5.102
     4.946
     4.856
     4.832
     4.944
     4.726
     4.986
     4.938
     4.530
     4.253
     4.472
     4.279
     4.603
     4.365
     4.468
     4.499
     4.069
     4.921
     3.639
     4.259
     4.297
     5.080
     4.991
     4.467
     5.073
     4.395
     5.201
     4.494
     4.062
     4.563
     4.650
     4.691
     4.197
     4.753
     3.845
     4.181
     5.267
     4.518
     4.689
     4.307
     4.117
     5.400
     5.014
     4.839
     4.633
     4.623
     4.117
     4.536
     4.034
     4.749
     4.705
     4.959
     5.352
     3.568
     3.976
     4.655
     5.376
     5.400
     5.503
     5.388
     4.759
     3.687
     4.628
     5.228
     5.213
     4.678
     5.133
     4.568
     3.855
     5.011
     3.734
     4.787
     5.452
     4.118
     3.856
     4.783
     4.744
     4.618
     3.994
     3.886
     4.561
     4.946
     4.261
     5.020
     5.078
     4.346
     4.826
     5.569
     4.906
     5.144
     5.339
     5.000
     4.445
     4.348
     3.559
     4.396
     3.652
     4.216
     3.912
     4.167
     4.777
     5.169
     5.026
     4.545
     4.731
     4.043
     4.719
     4.676
     4.628
     4.401
     3.481
     4.755
     4.416
     4.831
     4.036
     4.423
     3.944
     4.357
     4.016
     4.516
     4.699
     4.737
     4.349
     4.823
     3.785
     4.120
     4.640
     5.030
     4.711
     4.485
     4.306
     4.262
     4.871
     4.502
     4.897
     4.305
     5.051
     3.975
     4.382
     5.065
     4.083
     3.806
     4.902
     4.544
     4.893
     4.187
     5.009
     4.866
     4.142
     5.025
     5.040
     4.767
     4.692
     4.823
     5.023
     4.313
     5.080
     4.865
     4.470
     4.603
     4.648
     4.450
     4.609
     4.303
     5.190
     4.784
     4.429
     4.815
     5.021
     4.832
     4.022
     5.152
     4.301
     4.732
     4.662
     4.627
     4.430
     4.373
     5.103
     4.376
     4.756
     4.028
     4.102
     4.217
     4.606
     4.859
     4.381
     4.347
     4.551
     4.466
     3.734
     3.287
     5.513
     4.246
     4.946
     5.288
     4.122
     4.539
     4.898
     4.155
     4.571
     5.179
     4.964
     3.565
     4.373
     4.623
     3.643
     5.451
     4.092
     4.709
     4.995
     5.559
     4.748
     4.106
     4.472
     3.498
     4.252
     5.115
     4.909
     4.725
     5.019
     4.391
     4.778
     4.157
     3.619
     5.264
     4.867
     4.863
     4.726
     4.665
     4.076
     4.312
     4.692
     4.438
     4.629
     3.711
     4.359
     4.938
     4.754
     4.412
     5.234
     4.436
     5.024
     4.605
     4.178
     4.722
     4.196
     5.135
     4.512
     4.886
     4.557
     3.334
     4.825
     3.876
     4.317
     5.125
     5.626
     5.160
     3.830
     5.457
     3.947
     5.011
     3.930
     5.274
     4.706
     4.507
     4.949
     4.059
     4.767
     4.599
     3.836
     5.575
     4.974
     4.284
     4.320
     5.070
     4.302
     5.421
     3.807
     4.486
     4.911
     4.501
     3.995
     4.673
     4.443
     4.446
     3.866
     3.560
     4.867
     4.773
     4.617
     4.394
     4.238
     4.062
     4.026
     4.106
     4.600
     4.591
     4.608
     4.223
     4.985
     4.039
     3.836
     4.737
     4.158
     3.419
     3.972
     3.506
     4.163
     4.697
     4.911
     4.790
     4.175
     4.361
     3.476
     4.191
     5.099
     4.177
     4.006
     4.516
     4.573
     4.993
     4.704
     4.462
     4.070
     5.019
     4.565
     4.189
     4.779
     4.253
     4.476
     4.247
     3.770
     4.480
     4.572
     4.384
     3.385
     4.672
     4.351
     4.115
     4.772
     4.407
     5.023
     4.768
     4.888
     4.732
     4.710
     4.877
     4.704
     4.977
     4.295
     4.724
     5.151
     4.449
     4.204
     4.348
     4.619
     3.787
     4.549
     4.940
     4.573
     4.275
     4.475
     4.963
     4.072
     4.028
     5.335
     5.120
     3.586
     4.715
     4.926
     4.366
     4.642
     5.228
     4.572
     4.669
     4.899
     4.798
     4.643
     4.673
     4.512
     4.242
     5.207
     4.617
     4.364
     3.878
     4.118
     4.892
     4.662
     4.748
     4.209
     4.210
     4.676
     5.159
     4.647
     4.234
     3.193
     4.961
     4.666
     4.633
     4.307
     4.497
     4.461
     4.506
     5.028
     4.149
     5.214
     5.572
     4.961
     3.820
     4.129
     4.637
     5.113
     4.312
     3.180
     4.975
     3.182
     4.485
     4.292
     4.035
     4.558
     4.414
     4.796
     4.328
     4.073
     4.914
     4.239
     3.527
     4.044
     3.123
     5.121
     4.960
     5.009
     4.581
     4.204
     4.324
     5.281
     4.655
     5.402
     4.269
     4.843
     4.715
     4.304
     4.205
     5.463
     5.222
     4.888
     5.250
     4.362
     4.851
     4.386
     3.323
     4.111
     5.357
     4.202
     3.927
     5.130
     4.610
     4.436
     4.637
     4.558
     4.770
     4.553
     3.811
     4.758
     5.001
     4.376
     4.730
     4.638
     4.619
     4.645
     4.992
     4.641
     3.633
     4.511
     4.592
     4.548
     3.879
     4.366
     4.382
     4.865
     4.444
     4.908
     3.844
     3.834
     4.119
     4.682
     3.557
     4.266
     4.499
     4.400
     4.493
     4.978
     4.391
     3.988
     4.512
     4.684
     4.984
     4.105
     4.489
     4.663
     3.993
     3.961
     4.420
     4.947
     4.700
     4.048
     3.736
     3.858
     3.845
     3.572
     4.637
     4.107
     4.902
     4.958
     4.746
     4.091
     4.338
     4.561
     4.158
     4.939
     4.529
     4.750
     5.066
     4.231
     4.217
     3.999
     5.332
     4.455
     4.580
     4.282
     4.239
     4.140
     4.555
     4.375
     5.142
     4.864
     4.780
     4.684
     4.104
     3.722
     4.707
     4.503
     4.315
     4.952
     4.762
     4.668
     4.582
     4.371
     3.867
     4.394
     4.418
     4.075
     4.528
     4.681
     4.090
     4.820
     4.621
     4.323
     3.824
     3.722
     3.939
     5.576
     4.342
     4.042
     4.224
     4.698
     5.368
     4.468
     4.072
     3.841
     4.329
     4.813
     5.371
     4.724
     4.604
     4.154
     4.969
     4.141
     5.009
     4.306
     4.225
     4.737
     4.078
     4.713
     4.511
     4.345
     4.358
     4.278
     5.391
     4.951
     4.158
     4.746
     4.105
     3.914
     4.645
     4.583
     4.802
     4.727
     4.014
     4.520
     4.000
     4.651
     4.140
     3.475
     3.995
     4.869
     4.819
     4.722
     4.820
     4.005
     4.906
     3.588
     3.402
     4.205
     3.588
     5.062
     4.366
     5.231
     4.962
     4.483
     4.538
     3.972
     4.587
     4.613
     4.948
     4.019
     4.633
     4.465
     4.161
     4.183
     4.403
     4.184
     5.014
     4.210
     3.485
     5.540
     4.637
     4.787
     4.295
     4.720
     4.853
     4.440
     4.651
     4.763
     4.906
     4.721
     4.229
     4.498
     3.426
     3.839
     4.068
     4.576
     4.433
     4.478
     4.496
     5.297
     4.386
     4.245
     4.122
     4.253
     4.320
     5.057
     4.122
     4.495
     2.400
     4.692
     4.679
     4.736
     3.903
     4.393
     5.016
     5.495
     4.944
     4.532
     4.622
     4.738
     4.642
     4.436
     4.282
     5.036
     4.593
     5.065
     3.679
     4.253
     4.943
     4.748
     4.247
     5.328
     4.762
     5.331
     4.404
     4.409
     4.707
     4.672
     3.977
     4.073
     4.215
     4.152
     4.297
     4.985
     4.910
     4.453
     3.903
     4.187
     3.800
     4.730
     4.556
     4.487
     4.723
     4.252
     4.543
     4.664
     4.221
     3.814
     4.815
     4.251
     4.621
     4.507
     3.876
     4.671
     4.250
     4.477
     4.132
     4.333
     4.346
     5.112
     4.131
     5.651
     5.473
     3.680
     3.919
     4.430
     4.581
     4.242
     5.429
     4.080
     4.702
     4.232
     4.743
     4.351
     5.548
     4.391
     4.574
     4.850
     4.344
     4.445
     4.885
     4.302
     4.397
     4.631
     4.039
     4.168
     4.120
     4.012
     4.733
     4.343
     5.013
     5.375
     3.912
     4.080
     4.869
     3.496
     4.919
     4.682
     4.550
     5.001
     3.830
     4.212
     4.627
     4.568
     4.650
     4.764
     4.594
     4.566
     4.669
     4.330
     4.923
     4.002
     4.450
     4.657
     5.555
     4.670
     4.821
     4.645
     4.438
     4.902
     4.692
     4.313
     4.779
     5.203
     4.283
     4.221
     4.662
     4.440
     4.090
     4.378
     5.615
     4.554
     4.951
     4.780
     4.415
     3.786
     4.652
     4.738
     4.693
     4.838
     4.023
     4.679
     4.493
     4.658
     4.151
     4.647
     3.513
     4.974
     4.228
     4.059
     4.490
     4.825
     4.292
     4.827
     3.656
     4.825
     4.481
     4.032
     4.078
     3.939
     4.732
     5.351
     3.462
     5.006
     4.684
     4.681
     4.673
     4.443
     5.563
     4.494
     4.086
     4.274
     4.201
     5.025
     4.816
     4.026
     4.653
     5.228
     5.282
     4.714
     4.576
     3.725
     4.332
     4.111
     4.324
     4.073
     4.518
     4.471
     4.166
     4.716
     4.462
     4.341
     4.388
     4.704
     5.422
     4.424
     3.907
     5.137
     4.313
     5.129
     4.752
     3.872
     3.711
     4.336
     4.241
     4.994
     4.731
     4.691
     3.735
     4.850
     5.215
     4.636
     5.299
     4.461
     4.604
     4.931
     4.589
     4.064
     4.002
     4.731
     4.345
     4.782
     3.845
     4.044
     4.255
     4.300
