     3.866
     3.956
     3.905
     3.914
     3.902
     3.868
     3.764
     3.665
     3.637
     3.644
     3.635
     3.678
     3.750
     3.787
     3.813
     3.840
     3.854
     3.866
     3.874
     3.880
     3.861
     3.836
     3.788
     3.706
     3.614
     3.539
     3.519
     3.538
     3.579
     3.611
     3.654
     3.665
     3.663
     3.649
     3.667
     3.657
     3.630
     3.587
     3.599
     3.637
     3.793
     3.886
     3.978
     4.059
     4.107
     4.222
     4.301
     4.354
     4.372
     4.346
     4.304
     4.257
     4.247
     4.210
     4.178
     4.130
     4.120
     4.098
     4.063
     4.035
     3.997
     3.988
     4.019
     4.066
     4.083
     4.113
     4.157
     4.189
     4.202
     4.187
     4.162
     4.144
     4.141
     4.131
     4.114
     4.145
     4.197
     4.286
     4.438
     4.581
     4.667
     4.675
     4.620
     4.572
     4.507
     4.431
     4.460
     4.486
     4.620
     4.738
     4.793
     4.811
     4.808
     4.779
     4.711
     4.664
     4.617
     4.600
     4.577
     4.553
     4.394
     4.275
     4.136
     4.075
     4.022
     3.998
     4.010
     4.130
     4.178
     4.271
     4.350
     4.437
     4.467
     4.445
     4.419
     4.413
     4.347
     4.327
     4.204
     4.183
     4.126
     4.083
     4.072
     4.057
     4.035
     3.944
     3.835
     3.728
     3.601
     3.508
     3.574
     3.752
     3.816
     3.810
     3.827
     3.825
     3.814
     3.840
     3.954
     4.006
     4.028
     4.060
     4.169
     4.283
     4.374
     4.458
     4.535
     4.569
     4.582
     4.610
     4.609
     4.560
     4.500
     4.387
     4.297
     4.283
     4.297
     4.308
     4.368
     4.419
     4.415
     4.306
     4.096
     3.819
     3.382
     3.081
     2.844
     2.861
     2.909
     2.973
     2.998
     3.055
     3.106
     3.135
     3.162
     3.184
     3.345
     3.389
     3.443
     3.594
     3.711
     3.944
     4.155
     4.413
     4.618
     4.709
     4.738
     4.754
     4.756
     4.771
     4.753
     4.737
     4.704
     4.666
     4.635
     4.592
     4.572
     4.569
     4.565
     4.539
     4.482
     4.425
     4.365
     4.312
     4.264
     4.198
     4.104
     3.977
     3.942
     4.042
     4.118
     4.139
     4.154
     4.197
     4.317
     4.456
     4.528
     4.557
     4.541
     4.510
     4.428
     4.205
     3.934
     3.473
     3.296
     3.671
     3.910
     4.152
     4.337
     4.485
     4.600
     4.697
     4.720
     4.731
     4.726
     4.715
     4.643
     4.574
     4.501
     4.366
     4.184
     4.023
     4.080
     4.266
     4.319
     4.321
     4.284
     4.260
     4.237
     4.232
     4.245
     4.260
     4.262
     4.245
     4.207
     4.186
     4.148
     4.062
     3.954
     3.856
     3.748
     3.665
     3.606
     3.561
     3.551
     3.542
     3.563
     3.602
     3.645
     3.652
     3.723
     3.786
     3.831
     3.862
     5.072
     3.434
     4.055
     4.601
     4.757
     4.252
     4.617
     3.926
     3.526
     4.407
     4.451
     4.483
     4.589
     4.186
     4.382
     4.159
     4.419
     4.796
     4.065
     3.802
     2.727
     4.011
     5.120
     3.927
     4.722
     4.546
     4.452
     3.781
     4.486
     4.643
     4.373
     4.546
     3.870
     3.679
     4.074
     2.983
     4.235
     4.030
     3.987
     4.276
     3.947
     2.810
     3.500
     4.090
     4.527
     4.406
     4.407
     4.329
     4.199
     4.521
     4.118
     3.743
     4.974
     4.862
     4.097
     4.670
     4.632
     4.707
     4.122
     4.310
     4.802
     4.521
     4.707
     4.687
     4.874
     2.945
     4.378
     4.752
     4.664
     4.008
     4.604
     2.266
     4.602
     3.979
     4.062
     4.832
     3.981
     4.491
     3.977
     4.278
     3.748
     3.804
     2.827
     3.930
     4.830
     3.745
     4.036
     5.272
     4.945
     2.971
     3.311
     4.513
     2.949
     3.870
     4.044
     4.099
     3.590
     3.786
     4.624
     4.448
     4.089
     4.341
     2.730
     4.480
     3.925
     3.947
     4.314
     4.143
     3.949
     4.142
     4.222
     4.328
     3.995
     4.737
     4.524
     4.655
     3.787
     3.945
     4.097
     4.815
     4.383
     4.136
     3.665
     4.166
     4.214
     3.802
     4.272
     4.340
     4.452
     4.055
     4.604
     4.397
     4.004
     4.057
     4.588
     3.642
     4.751
     4.730
     4.382
     3.610
     3.653
     4.683
     4.602
     3.378
     4.340
     4.820
     4.408
     3.850
     3.752
     3.648
     4.549
     3.291
     3.751
     4.157
     4.551
     3.504
     4.248
     4.048
     4.409
     4.667
     4.448
     4.283
     4.141
     3.972
     3.281
     4.598
     4.245
     4.576
     3.735
     4.635
     4.762
     4.344
     3.967
     4.294
     4.014
     3.173
     4.209
     3.752
     4.001
     3.946
     4.652
     3.832
     4.290
     4.682
     4.790
     4.019
     4.016
     3.916
     3.541
     3.031
     4.843
     4.196
     4.225
     4.938
     4.630
     4.336
     4.184
     4.460
     3.965
     4.443
     4.975
     4.838
     4.246
     4.900
     4.032
     3.859
     4.077
     4.858
     4.263
     4.717
     4.248
     4.959
     4.351
     4.476
     4.560
     3.969
     4.091
     4.102
     4.238
     2.910
     4.355
     3.703
     3.535
     4.828
     5.082
     3.476
     4.063
     3.903
     3.179
     2.817
     4.464
     2.969
     3.893
     4.836
     4.750
     4.410
     4.279
     4.698
     3.071
     2.884
     4.834
     4.627
     3.997
     4.740
     4.013
     3.780
     5.098
     4.017
     4.193
     4.508
     3.856
     4.202
     3.982
     4.259
     4.123
     4.590
     3.841
     4.107
     4.204
     4.696
     5.107
     4.110
     3.868
     4.383
     4.346
     3.599
     4.666
     4.676
     3.312
     3.950
     4.624
     4.786
     4.531
     4.576
     3.086
     3.173
     4.574
     4.837
     4.144
     4.123
     4.780
     3.723
     4.348
     4.012
     3.612
     4.449
     4.758
     4.481
     4.107
     4.273
     4.137
     4.273
     3.981
     4.674
     4.164
     4.049
     3.653
     4.082
     4.483
     4.377
     5.064
     4.018
     3.929
     4.574
     4.490
     4.500
     4.689
     4.644
     3.822
     4.312
     4.049
     5.180
     3.936
     4.567
     3.413
     3.982
     3.876
     4.248
     4.411
     3.675
     4.062
     4.636
     3.901
     4.022
     4.617
     4.333
     2.639
     4.060
     4.545
     3.425
     4.060
     4.170
     4.661
     3.905
     3.902
     3.779
     4.621
     4.778
     4.360
     4.577
     3.562
     3.719
     3.956
     4.012
     4.539
     4.389
     3.400
     3.646
     4.064
     3.972
     4.243
     4.872
     4.641
     4.425
     4.682
     4.082
     4.316
     4.239
     3.954
     4.703
     3.874
     3.487
     4.460
     4.020
     4.238
     4.642
     3.141
     4.441
     3.907
     4.497
     4.383
     4.053
     3.917
     3.479
     4.287
     4.637
     4.384
     4.010
     2.649
     4.992
     3.407
     3.723
     3.624
     4.713
     4.661
     4.241
     4.240
     4.264
     4.559
     4.304
     4.562
     4.272
     4.547
     4.900
     4.533
     4.300
     2.348
     4.526
     4.554
     4.737
     3.845
     4.462
     3.638
     3.805
     4.393
     3.343
     2.810
     3.983
     3.907
     3.663
     4.512
     4.237
     4.103
     4.667
     4.297
     4.667
     4.072
     2.812
     2.907
     4.608
     4.485
     3.511
     4.056
     4.273
     3.875
     4.538
     4.244
     4.166
     4.948
     4.282
     4.375
     3.990
     4.480
     4.631
     3.959
     3.963
     3.673
     3.959
     4.414
     4.845
     4.037
     4.298
     4.310
     4.388
     4.272
     3.789
     4.208
     4.306
     4.644
     3.349
     4.464
     3.899
     4.387
     4.197
     4.056
     4.320
     3.940
     4.561
     4.640
     3.655
     4.739
     3.485
     3.978
     3.701
     3.586
     4.268
     4.114
     4.706
     4.423
     4.533
     4.255
     3.685
     4.661
     4.767
     4.444
     3.990
     4.712
     4.649
     3.754
     3.652
     4.470
     3.148
     4.690
     4.244
     4.225
     3.902
     4.318
     3.907
     4.095
     4.840
     4.637
     4.479
     4.364
     3.604
     4.749
     4.292
     3.296
     3.717
     3.643
     3.938
     4.781
     4.785
     4.583
     3.896
     4.891
     4.721
     4.932
     4.418
     3.953
     3.905
     4.459
     4.077
     3.395
     4.088
     1.996
     4.286
     4.182
     4.628
     3.759
     3.972
     4.100
     3.469
     3.676
     4.209
     5.059
     4.020
     4.708
     3.590
     3.387
     3.861
     3.376
     4.206
     3.960
     3.888
     4.329
     4.030
     4.515
     4.564
     3.162
     4.792
     5.283
     4.530
     4.500
     2.906
     3.807
     3.737
     4.067
     4.223
     4.320
     4.051
     3.978
     4.601
     4.087
     4.367
     4.796
     3.937
     3.790
     4.794
     4.721
     3.596
     4.053
     4.282
     4.001
     4.474
     4.698
     4.372
     4.542
     4.807
     4.658
     2.455
     4.714
     2.663
     3.152
     4.406
     4.576
     3.991
     3.765
     4.217
     4.456
     4.501
     3.932
     4.756
     3.675
     4.106
     4.731
     4.729
     4.840
     3.971
     5.039
     4.222
     4.730
     3.851
     4.234
     3.572
     3.979
     4.852
     3.973
     4.306
     4.042
     4.912
     4.718
     3.881
     3.517
     4.598
     3.807
     2.861
     4.034
     4.125
     3.207
     4.130
     4.002
     3.767
     4.503
     4.464
     4.619
     4.001
     3.902
     3.880
     4.649
     3.158
     4.336
     4.868
     4.515
     3.801
     3.105
     4.371
     4.495
     3.658
     4.207
     3.719
     4.081
     3.745
     4.383
     4.110
     4.149
     3.648
     3.771
     4.869
     4.157
     4.254
     4.469
     4.436
     3.827
     4.022
     3.629
     4.971
     4.680
     4.202
     4.173
     4.671
     3.772
     4.729
     4.703
     4.738
     4.170
     4.199
     4.220
     4.255
     2.398
     4.854
     4.078
     4.333
     4.433
     4.450
     3.955
     4.667
     3.975
     3.973
     3.831
     4.612
     3.674
     4.739
     4.738
     4.718
     2.451
     4.764
     4.617
     4.521
     2.817
     4.525
     4.544
     4.454
     5.102
     4.802
     4.222
     4.348
     3.843
     3.704
     3.863
     4.385
     4.324
     4.636
     3.230
     4.642
     4.348
     4.913
     4.615
     4.704
     3.104
     4.132
     4.883
     4.233
     4.945
     4.471
     4.834
     4.735
     4.243
     4.540
     3.943
     4.672
     3.074
     4.442
     4.843
     4.605
     4.089
     4.395
     4.272
     4.520
     3.378
     3.853
     3.900
     4.119
     4.852
     3.581
     3.816
     4.594
     4.560
     4.851
     4.155
     4.662
     4.395
     4.506
     4.710
     3.729
     4.631
     4.191
     5.043
     4.219
     4.389
     4.657
     3.975
     4.020
     3.066
     4.811
     3.972
     3.984
     3.039
     4.484
     3.925
     4.068
     4.375
     3.769
     4.966
     4.161
     3.857
     4.777
     4.619
     4.417
     4.723
     4.004
     4.206
     4.012
     4.546
     4.261
     5.153
     4.618
     4.223
     4.155
     4.619
     3.323
     4.280
     4.373
     4.691
     4.037
     4.095
     4.007
     4.142
     3.998
     4.708
     4.828
     2.995
     4.929
     4.634
     3.770
     4.585
     4.547
     4.835
     4.448
     3.478
     4.431
     4.051
     2.506
     4.493
     3.797
     4.074
     4.393
     4.434
     3.636
     4.760
     5.213
     4.441
     4.110
     3.842
     4.543
     4.741
     3.952
     4.287
     3.959
     3.871
     3.555
     4.861
     4.049
     4.719
     4.130
     2.383
     4.155
     4.017
     4.035
     4.576
     4.495
     4.484
     4.927
     4.525
     2.018
     3.862
     4.038
     4.207
     4.548
     4.087
     3.937
     4.673
     3.862
     4.713
     4.452
     4.201
     3.660
     4.023
     4.902
     3.871
     4.331
     4.478
     4.025
     4.179
     4.519
     3.797
     5.221
     3.751
     3.625
     3.553
     4.433
     4.716
     2.635
     4.336
     4.961
     4.184
     4.491
     4.182
     4.596
     4.612
     4.206
     3.937
     3.799
     4.044
     4.715
     4.277
     3.866
     3.814
     3.833
     4.491
     4.233
     2.671
     4.841
     4.395
     4.169
     4.770
     4.139
     4.067
     3.911
     4.635
     3.625
     4.290
     3.939
     4.121
     3.875
     4.673
     4.338
     4.166
     3.667
     3.332
     4.019
     4.281
     4.659
     4.487
     4.614
     4.317
     3.129
     4.306
     4.013
     4.864
     3.987
     4.194
     4.211
     3.493
     3.922
     4.566
     4.482
     4.171
     4.067
     3.734
     3.643
     4.736
     4.558
     4.792
     3.552
     4.042
     3.736
     3.274
     4.249
     4.311
     4.158
     4.443
     4.385
     5.083
     3.986
     3.791
     3.938
     4.050
     3.373
     4.529
     4.632
     4.770
     4.336
     4.053
     2.963
     3.975
     4.277
     4.268
     4.048
     4.164
     4.592
     4.275
     4.022
     4.067
     4.396
     3.563
     4.670
     3.770
     3.766
     4.215
     4.759
     4.841
     4.106
     3.966
     4.178
     3.983
     4.292
     3.533
     4.420
     5.194
     3.967
     3.948
     4.372
     2.373
     4.401
     5.023
     4.015
     2.544
     4.444
     4.113
     4.687
     4.207
     4.567
     4.274
     4.457
     4.568
     4.682
     3.112
     3.067
     4.329
     4.475
     4.102
     3.703
     4.561
     4.643
     4.042
     3.060
     4.609
     3.248
     4.750
     3.806
     4.092
     5.060
     3.901
     4.267
     3.554
     4.563
     4.758
     4.468
     4.792
     4.582
     3.817
     3.815
     4.409
     4.255
     4.760
     4.353
     4.675
     2.367
     4.205
     4.213
     4.018
     4.274
     4.303
     3.922
     4.425
     4.024
     4.725
     4.513
     4.718
     4.133
     4.437
     3.981
     3.620
     5.152
     3.960
     4.240
     4.507
     4.441
     5.062
     4.131
     4.762
     4.697
     4.892
     4.691
     4.747
     4.101
     4.623
     4.328
     4.468
     4.014
     3.920
     3.430
     4.332
     4.503
     3.760
     4.011
     3.781
     4.283
     4.417
     4.340
     3.790
     3.483
     4.289
     4.251
     2.938
     4.549
     4.453
     4.439
     3.312
     3.850
     3.676
     4.657
     4.443
     4.595
     4.363
     4.157
     3.689
     4.408
     4.294
     4.651
     4.617
     3.788
     4.588
     4.794
     3.622
     4.414
     3.620
     4.737
     4.163
     4.284
     4.272
     4.872
     4.094
     4.654
     4.108
     4.653
     3.965
     3.652
     3.945
     2.680
     4.294
     3.611
     4.267
     3.444
     4.027
     4.652
     4.106
     4.249
     4.022
     3.595
     4.842
     4.235
     4.566
     2.906
     3.897
     4.633
     4.146
     4.591
     4.487
     3.778
     4.197
     4.162
     4.078
     3.921
     4.067
     3.449
     4.730
     2.663
     3.181
     4.486
     3.647
     3.482
     4.038
     3.733
     3.961
     4.357
     3.644
     3.882
     4.126
     3.930
     4.527
     3.861
     4.543
     4.618
     4.405
     3.842
     3.810
     3.662
     4.098
     3.874
     4.688
     4.048
     4.339
     3.922
     4.045
     4.636
     4.263
     3.715
     3.966
     4.147
     3.920
     3.923
     4.685
     4.519
     4.280
     4.738
     4.221
     4.003
     4.792
     3.987
     3.414
     3.975
     3.677
     2.494
     4.674
     4.655
     4.205
     3.611
     4.499
     4.548
     3.712
     3.307
     3.587
     5.074
     3.785
     4.673
     4.055
     4.134
     3.895
     4.163
     4.536
     4.354
     2.247
     3.847
     3.891
     3.270
     4.455
     4.802
     4.343
     3.496
     4.119
     4.203
     4.046
     4.515
     3.871
     4.049
     4.600
     3.709
     4.507
     3.424
     3.860
     4.617
     4.482
     4.160
     4.223
     4.053
     4.190
     4.462
     3.931
     4.489
     4.454
     4.569
     4.375
     3.529
     3.765
     4.334
     4.573
     4.544
     4.230
     4.711
     4.331
     4.672
     4.361
     5.015
     4.263
     4.032
     4.716
     4.678
     4.457
     3.666
     4.204
     3.541
     4.570
     3.112
     4.230
     4.032
     4.410
     4.159
     4.340
     3.785
     4.055
     4.054
     3.554
     3.858
     3.842
     3.875
     4.066
     4.068
     4.183
     4.003
     3.421
     2.227
     4.663
     4.708
     4.541
     3.946
     3.963
     5.014
     4.308
     4.392
     4.607
     4.339
     3.977
     4.003
     4.297
     4.057
     5.113
     4.380
     4.496
     4.633
     3.750
     4.360
     4.037
     4.605
     4.488
     4.037
     4.220
     4.504
     3.087
     4.337
     4.302
     3.821
     4.913
     4.066
     4.196
     3.860
     4.643
     4.726
     3.586
     3.957
     4.449
     4.229
     3.942
     5.236
     4.357
     4.706
     4.508
     4.757
     4.589
     4.739
     4.705
     4.685
     4.316
     3.389
     4.566
     4.643
     2.230
     4.674
     3.651
     4.889
     4.736
     4.001
     3.781
     4.061
     4.724
     3.969
     4.754
     4.097
     4.198
     3.445
     4.888
     4.161
     2.195
     3.946
     4.034
     3.885
     4.133
     4.300
     4.020
     4.382
     4.539
     3.815
     4.428
     4.623
     4.056
     3.945
     4.376
     4.437
     3.994
     3.222
     4.333
     3.893
     3.716
     4.446
     4.427
     4.415
     3.805
     3.257
     2.681
     3.854
     4.142
     4.548
     3.970
     3.267
     4.534
     3.941
     3.478
     3.846
     3.756
     2.897
     3.042
     4.705
     4.385
     3.798
     3.723
     4.194
     4.753
     4.099
     3.227
     4.133
     4.618
     4.382
     3.951
     4.361
     3.773
     3.692
     4.226
     3.155
     3.995
     4.631
     4.225
     4.050
     4.947
     3.700
     4.375
     4.479
     4.925
     4.296
     4.560
     4.476
     4.218
     4.066
     4.113
     5.013
     4.277
     3.114
     3.375
     3.982
     3.044
     4.676
     4.789
     3.156
     4.236
     4.321
     4.284
     4.222
     4.582
     4.274
     4.644
     3.952
     4.008
     3.294
     4.009
     4.804
     4.442
     3.470
     4.595
     3.949
     4.541
     3.377
     4.798
     4.062
     4.293
     4.509
     3.411
     4.910
     4.235
     3.788
     4.756
     4.930
     3.132
     2.887
     3.001
     4.126
     4.501
     4.150
     3.846
     2.287
     4.699
     2.714
     4.448
     4.021
     4.340
     4.468
     4.336
     4.540
     4.032
     4.110
     4.064
     4.750
     4.247
     3.903
     4.559
     3.154
     4.940
     3.824
     3.949
     4.233
     3.854
     4.329
     4.517
     4.016
     3.469
     4.384
     3.754
     4.479
     4.268
     5.075
     4.282
     3.705
     4.518
     4.340
     4.031
     4.066
     4.461
     4.149
     3.786
     4.036
     4.529
     4.381
     3.995
     4.345
     3.783
     4.148
     4.413
     4.661
     4.683
     3.874
     3.647
     4.540
     4.240
     4.582
     4.378
     4.002
     4.488
     4.147
     3.820
     3.532
     3.945
     4.463
     4.154
     4.430
     3.897
     4.084
     2.707
     3.938
     4.619
     4.707
     4.686
     4.185
     4.571
     3.974
     3.651
     4.039
     4.289
     4.869
     4.004
     4.241
     4.840
     4.680
     4.588
     4.718
     4.414
     4.526
     4.577
     4.207
     3.880
     3.147
     4.911
     4.898
     4.041
     4.495
     4.196
     3.724
     4.565
     4.544
     4.464
     4.797
     4.085
     4.523
     3.624
     3.750
     4.822
     4.613
     3.367
     4.575
     3.881
     2.749
     4.156
     4.190
     4.506
     3.372
     3.597
     4.840
     3.425
     4.937
     3.970
     4.494
     4.115
     3.893
     4.755
     4.280
     4.537
     4.400
     4.290
     3.914
     3.992
     3.727
     3.700
     4.445
     4.717
     4.915
     4.080
     3.921
     4.212
     3.680
     3.383
     4.408
     4.799
     4.432
     3.540
     4.594
     3.223
     4.311
     2.977
     4.820
     4.349
     3.809
     3.678
     4.144
     3.978
     4.424
     3.769
     4.588
     3.860
     4.146
     3.692
     4.006
     4.432
     4.058
     3.997
     4.010
     4.773
     4.475
     4.578
     4.693
     3.182
     4.473
     4.013
     4.095
     4.567
     4.186
     3.200
     4.254
     4.727
     4.700
     4.664
     4.574
     3.685
     4.664
     4.469
     4.041
     4.606
     4.408
     4.906
     4.622
     4.436
     4.291
     3.827
     3.767
     3.368
     4.646
     2.400
     3.628
     4.506
     4.115
     4.912
     4.667
     4.034
     4.038
     4.569
     4.481
     4.134
     3.607
     4.185
     3.969
     3.982
     4.114
     4.559
     4.067
     4.497
     4.270
     4.108
     5.172
     2.857
     2.599
     4.586
     4.263
     4.440
     3.969
     3.798
     4.022
     3.950
     3.864
     4.504
     4.819
     3.715
     4.720
     4.524
     4.603
     3.915
     3.393
     4.213
     4.636
     3.714
     4.781
     5.234
     3.977
     4.174
     2.982
     3.927
     4.776
     4.537
     4.050
     4.374
     3.817
     4.574
     3.898
     4.312
     4.045
     4.740
     4.223
     4.699
     4.637
     4.052
     4.424
     3.572
     5.165
     4.436
     2.827
     4.279
     4.240
     4.232
     3.255
     3.170
     4.541
     4.374
     4.139
     4.429
     3.951
     4.378
     4.854
     3.634
     3.828
     4.295
     3.737
     4.562
     3.818
     4.641
     4.759
     4.488
     4.498
     3.948
     4.356
     2.947
     4.278
     3.101
     4.520
     3.715
     4.568
     4.186
     4.277
     4.265
     4.345
     4.698
     4.487
     3.439
     4.510
     3.528
     3.762
     4.086
     4.294
     4.306
     4.062
     4.059
     4.174
     4.808
     4.688
     4.788
     4.908
     4.185
     3.483
     4.240
     3.986
     4.430
     4.582
     4.073
     2.840
     4.138
     4.732
     4.212
     4.434
     3.739
     3.998
     3.927
     3.618
     4.568
     4.913
     4.458
     4.582
     4.312
     4.236
     4.393
     4.608
     4.078
     4.194
     4.044
     4.148
     4.445
     3.744
     3.936
     3.899
     4.556
     4.679
     4.689
     4.152
     2.989
     4.153
     4.096
     4.833
     4.625
     4.203
     3.979
     4.529
     4.382
     3.911
     4.570
     4.578
     3.226
     4.278
     2.870
     3.790
     4.754
     4.146
     5.244
     4.139
     4.732
     4.700
     4.641
     4.468
     3.983
     4.889
     4.519
     4.452
     4.537
     3.870
     4.006
     3.971
     3.145
     3.754
     3.698
     4.241
     3.728
     4.357
     4.405
     4.711
     4.369
     4.188
     4.345
     4.283
     4.363
     4.178
     3.947
     5.029
     4.943
     4.386
     4.185
     4.726
     4.041
     4.013
     4.136
     4.361
     4.169
     4.192
     4.487
     3.980
     4.512
     3.974
     4.904
     4.279
     4.669
     2.391
     3.580
     4.149
     4.593
     4.214
     3.998
     3.730
     3.656
     4.033
     3.678
     2.829
     4.134
     4.727
     3.958
     3.990
     3.823
     4.392
     3.249
     2.660
     4.657
     4.759
     4.757
     4.663
     4.822
     3.715
     3.928
     3.843
     4.043
     5.007
     3.561
     3.719
     3.965
     3.565
     4.561
     4.469
     4.650
     3.901
     4.089
     4.098
     3.761
     4.160
     4.376
     4.399
     3.984
     4.373
     4.424
     3.973
     3.999
     3.325
     2.775
     4.047
     4.439
     4.682
     4.406
     3.833
     3.884
     4.514
     4.817
     4.192
     3.128
     3.186
     3.966
     3.555
     3.783
     4.537
     3.846
     4.241
     4.674
     3.918
     3.028
     3.619
     4.685
     3.635
     4.767
     4.469
     2.305
     3.994
     3.975
     4.717
     4.343
     4.504
     3.901
     3.809
     4.730
     3.749
     4.824
     4.658
     4.959
     4.408
     4.179
     2.439
     4.145
     4.187
     4.232
     3.260
     4.878
     4.526
     4.347
     4.923
     4.712
     4.559
     3.748
     4.980
     3.955
     4.578
     3.982
     4.176
     4.360
     4.712
     4.581
     4.063
     4.033
     4.856
     2.923
     4.910
     4.207
     4.730
     4.010
     3.929
     3.676
     3.865
     4.459
     3.840
     4.629
     4.701
     4.015
     4.897
     4.599
     4.717
     4.691
     3.916
     2.968
     3.724
     4.042
     4.047
     5.229
     4.392
     4.160
     4.974
     4.541
     4.283
     3.888
     4.510
     4.680
     4.476
     4.670
     4.632
     4.777
     4.036
     4.302
     4.832
     4.398
     3.881
     4.737
     4.672
     4.478
     4.004
     4.098
     2.473
     2.472
     4.833
     4.730
     5.152
     4.039
     4.203
     3.087
     4.062
     3.975
     3.899
     4.583
     3.937
     4.050
     3.718
     4.773
     4.117
     4.854
     4.009
     4.728
     4.272
     3.625
     4.748
     4.510
     4.689
     4.842
     4.782
     4.934
     3.773
     4.492
     4.356
     4.613
     4.941
     4.075
     4.860
     4.355
     4.863
     3.216
     4.036
     4.422
     4.197
     4.412
     3.548
     4.538
     4.261
     4.073
     4.680
     4.688
     4.910
     4.425
     4.512
     4.200
     4.174
     4.825
     4.121
     4.847
     4.337
     4.357
     4.226
     3.693
     4.647
     4.174
     4.400
     4.258
     4.453
     4.526
     4.141
     4.428
     3.633
     3.991
     4.782
     4.806
     3.207
     4.049
     4.153
     4.570
     4.807
     4.023
     4.427
     4.868
     4.904
     4.390
     3.955
     5.097
     4.688
     3.943
     4.099
     4.061
     4.495
     4.055
     4.042
     3.718
     3.171
     4.698
     4.740
     3.897
     4.621
     4.649
     4.818
     4.204
     3.541
     4.459
     3.852
     3.862
     4.661
     4.403
     4.807
     3.971
     4.833
     4.666
     4.337
     4.669
     4.069
     3.861
     4.219
     2.901
     4.600
     4.246
     4.427
     3.261
     4.200
     4.555
     4.406
     4.905
     3.394
     4.327
     4.274
     3.972
     3.326
     4.216
     4.848
     4.605
     4.757
     4.525
     4.479
     3.999
     4.196
     4.697
     4.308
     4.665
     1.907
     3.842
     4.478
     4.562
     2.707
     3.850
     4.700
     4.820
     4.887
     4.835
     4.111
     4.858
     3.629
     4.043
     4.276
     4.290
     4.591
     4.458
     4.484
     4.760
     3.949
     4.761
     3.991
     4.515
     3.451
     4.301
     3.618
     4.906
     3.653
     4.649
     3.820
     4.346
     4.849
     4.506
     4.041
     4.137
     3.814
     3.971
     3.966
     4.663
     3.994
     4.288
     4.332
     3.930
     3.976
     4.027
     3.779
     4.032
     3.499
     3.805
     3.791
     4.196
     4.396
     4.662
     4.449
     4.266
     4.440
     4.729
     4.457
     3.798
     3.951
     4.855
     4.305
     4.166
     4.462
     3.659
     2.470
     3.584
     3.810
     2.789
     4.254
     4.811
     4.258
     3.775
     4.588
     3.771
     4.337
     4.672
     3.749
     5.006
     4.308
     3.999
     3.197
     4.341
     3.656
     4.484
     3.337
     4.694
     4.641
     4.174
     3.569
     3.947
     4.365
     4.041
     4.261
     4.416
     3.985
     3.645
     4.663
     4.791
     4.461
     3.161
     4.463
     3.977
     4.067
     4.894
     3.720
     3.984
     4.119
     4.151
     4.378
     3.614
     3.692
     4.245
     4.580
     4.129
     4.101
     4.256
     4.795
     4.169
     3.956
     3.927
     4.061
     4.610
     4.869
     4.198
     3.816
     4.477
     3.951
     4.735
     4.268
     3.977
     4.692
     4.052
     4.653
     4.172
     3.788
     3.608
     3.566
     4.115
     4.140
     4.494
     4.804
     3.446
     4.465
     2.715
     4.090
     3.070
     4.693
     3.903
     4.540
     3.745
     4.542
     4.388
     2.761
     4.111
     3.750
     3.860
     4.328
     3.647
     4.159
     3.740
     4.317
     1.932
     4.772
     3.965
     4.212
     4.388
     4.317
     4.873
     4.594
     3.759
     3.397
     3.610
     4.564
     4.549
     4.768
     4.007
     4.463
     4.304
     4.136
     4.146
     3.575
     4.310
     3.584
     4.537
     5.080
     4.840
     4.654
     5.066
     3.990
     4.383
     4.102
     4.247
     4.339
     3.964
     4.815
     3.876
     4.700
     4.003
     4.819
     4.225
     4.552
     3.655
     4.590
     4.839
     3.944
     4.272
     4.135
     3.851
     3.585
     3.613
     5.111
     4.466
     3.070
     4.017
     5.022
     4.628
     4.138
     4.351
     3.865
     4.221
     4.641
     4.616
     4.575
     3.974
     3.408
     4.397
     4.096
     4.527
     2.813
     4.414
     3.499
     3.905
     4.222
     3.722
     4.362
     4.537
     3.929
     4.497
     4.628
     3.921
     4.443
     4.258
     4.098
     2.792
     3.911
     4.556
     4.275
     4.091
     4.139
     3.419
     4.158
     3.991
     4.629
     4.731
     4.734
     4.031
     4.885
     4.461
     4.477
     4.484
     3.838
     4.702
     4.839
     3.565
     4.616
     4.023
     4.522
     3.930
     3.860
     4.678
     4.426
     4.714
     4.128
     3.720
     3.893
     4.453
     4.133
     4.960
     4.032
     4.260
     4.663
     4.590
     4.772
     3.034
     3.543
     5.112
     4.050
     4.053
     4.603
     4.523
     4.347
     4.685
     4.356
     4.121
     4.191
     4.549
     4.007
     4.599
     4.224
     3.982
     4.536
     3.881
     4.603
     4.027
     3.924
     4.724
     3.792
     4.031
     4.423
     4.816
     4.658
     3.995
     3.123
     3.640
     4.793
     3.579
     4.442
     4.255
     4.337
     4.376
     4.102
     4.754
     3.764
     4.245
     2.933
     4.088
     4.377
     4.764
     3.544
     3.893
     4.061
     4.797
     4.227
     3.277
     4.557
     4.718
     4.013
     4.187
     4.243
     3.993
     3.700
     3.919
     2.930
     4.553
     3.942
     3.538
     3.093
     4.276
     3.792
     4.891
     5.010
     4.832
     4.666
     5.077
     4.523
     4.331
     4.305
     4.752
     4.032
     4.147
     3.867
     4.114
     3.956
     3.687
     4.030
     3.687
     4.551
     4.090
     3.960
     4.507
     4.618
     4.589
     4.946
     4.111
     4.640
     4.001
     4.065
     3.796
     2.887
     4.854
     3.789
     4.435
     3.779
     2.557
     4.369
     4.193
     4.442
     4.013
     4.850
     4.545
     4.658
     3.711
     4.349
     4.188
     4.370
     4.464
     3.969
     3.682
     3.862
     3.663
     4.573
     4.652
     4.512
     4.515
     4.089
     4.512
     4.509
     4.317
     3.808
     4.408
     4.733
     3.785
     4.233
     3.914
     1.938
     4.447
     3.650
     3.980
     4.692
     4.165
     3.793
     4.470
     4.564
     4.307
     4.535
     3.529
     4.790
     4.071
     4.833
     2.451
     4.246
     4.242
     3.730
     4.724
     4.420
     4.070
     4.658
     3.708
     4.192
     3.867
     4.583
     4.071
     4.161
     3.971
     4.846
     4.259
     4.122
     4.933
     3.713
     4.445
     4.547
     4.869
     4.156
     3.052
     4.486
     4.561
     4.417
     4.218
     4.110
     4.577
     4.126
     3.958
     3.843
     4.691
     3.109
     3.921
     4.479
     4.595
     3.815
     4.140
     4.343
     4.499
     4.376
     4.299
     4.062
     4.118
     4.980
     4.527
     4.771
     4.520
     2.768
     2.863
     3.997
     4.702
     3.780
     3.798
     3.823
     5.208
     3.993
     4.202
     3.880
     4.415
     4.417
     2.421
     4.046
     3.885
     3.788
     4.934
     3.924
     4.560
     3.818
     3.838
     4.659
     4.432
     3.773
     4.616
     4.464
     4.051
     4.115
     3.562
     3.968
     4.699
     4.412
     4.497
     4.553
     4.152
     4.054
     2.921
     5.190
     4.061
     4.244
     4.310
     4.716
     4.077
     4.061
     4.165
     3.891
     3.554
     4.311
     4.167
     4.663
     4.158
     3.767
     4.970
     3.653
     3.782
     4.262
     3.572
     3.898
     4.626
     4.105
     3.562
     5.025
     4.544
     5.123
     4.338
     3.663
     3.827
     4.908
     4.660
     4.589
     4.295
     4.690
     4.309
     4.049
     3.227
     4.178
     3.759
     3.919
     4.710
     4.736
     3.751
     4.634
     4.510
     4.531
     3.868
     3.637
     3.682
     4.441
     2.797
     4.094
     3.272
     2.920
     4.756
     4.557
     4.204
     4.726
     3.819
     4.290
     2.438
     4.534
     4.379
     5.263
     4.620
     4.835
     4.208
     4.031
     4.271
     3.912
     4.654
     3.221
     2.919
     4.310
     4.276
     4.468
     4.663
     3.874
     4.387
     4.262
     4.020
     3.710
     2.567
     3.944
     4.367
     3.927
     4.488
     4.612
     4.596
     4.626
     4.598
     3.995
     4.759
     4.810
     4.335
     4.340
     3.719
     3.942
     4.674
     4.615
     3.397
     4.065
     3.627
     4.671
     5.119
     4.411
     4.221
     4.632
     4.606
     4.526
     3.825
     3.788
     4.064
     4.426
     4.463
     4.525
     3.788
     4.822
     5.001
     4.790
     4.691
     4.031
     4.746
     4.493
     3.825
     3.982
     4.066
     4.209
     4.636
     4.671
     4.594
     3.922
     4.267
     4.020
     4.051
     3.511
     4.180
     4.117
     3.031
     3.804
     3.390
     4.558
     4.714
     4.309
     4.007
     4.624
     4.362
     3.673
     4.093
     4.490
     4.708
     4.755
     4.047
     4.689
     3.737
     4.478
     4.563
     4.158
     4.781
     3.993
     4.642
     3.996
     4.113
     4.444
     4.120
     4.740
     3.353
     4.165
     4.508
     4.089
     4.855
     4.078
     4.120
     4.201
     4.751
     3.821
     4.145
     3.428
     3.953
     4.020
     4.023
     3.281
     3.931
     4.094
     4.454
     3.788
     3.400
     3.716
     4.694
     4.708
     4.235
     4.262
     4.714
     4.165
     3.104
     4.017
     4.419
     4.757
     3.927
     4.517
     4.492
     4.395
     3.964
     4.919
     4.535
     5.205
     4.515
     3.098
     3.741
     3.042
     3.483
     3.960
     4.641
     4.486
     4.644
     3.118
     4.148
     4.173
     4.957
     4.229
     4.507
     4.449
     3.924
     4.721
     4.519
     4.415
     4.067
     3.791
     4.853
     3.674
     5.018
     4.783
     3.867
     4.823
     3.673
     4.580
     3.949
     4.048
     4.213
     4.251
     4.042
     2.917
     2.769
     2.909
     5.072
     4.334
     4.661
     4.605
     4.058
     4.364
     3.841
     3.847
     4.430
     4.045
     4.182
     4.678
     3.947
     4.256
     3.607
     3.879
     4.412
     4.738
     4.113
     3.199
     4.515
     3.645
     4.802
     4.514
     4.341
     4.317
     4.430
     4.774
     3.971
     4.350
     4.720
     4.202
     4.389
     3.615
     4.867
     3.364
     4.809
     4.747
     4.226
     4.038
     4.370
     4.716
     4.224
     4.352
     4.607
     4.182
     3.788
     3.755
     3.992
     4.241
     4.280
     4.084
     4.024
     2.494
     3.691
     4.615
     4.440
     4.205
     4.069
     4.528
     4.026
     4.185
     4.559
     4.512
     4.119
     4.813
     3.691
     3.969
     4.598
     4.618
     3.768
     4.354
     4.021
     4.572
     4.310
     3.482
     4.149
     4.630
     4.652
     4.137
     3.821
     4.423
     4.549
     4.427
     4.390
     3.957
     4.234
     4.051
     3.957
     3.691
     4.917
     4.203
     3.977
     4.219
     4.587
     4.265
     4.952
     3.826
     3.705
     2.741
     3.923
     4.231
     4.751
     4.190
     3.884
     4.141
     4.666
     4.564
     4.073
     4.558
     4.455
     2.673
     3.383
     4.779
     4.042
     4.874
     4.357
     4.275
     4.848
     4.582
     4.230
     4.992
     4.194
     4.164
     4.624
     4.295
     3.788
     4.696
     2.949
     4.057
     4.194
     3.765
     3.066
     3.745
     3.960
     4.222
     3.877
     4.173
     4.866
     4.000
     1.957
     3.994
     4.475
     4.366
     4.643
     4.178
     4.074
     4.669
     3.287
     4.082
     3.054
     4.817
     4.708
     4.629
     3.874
     4.082
     3.581
     4.486
     4.204
     4.689
     4.051
     4.763
     5.243
     4.715
     4.489
     4.405
     4.540
     4.781
     4.213
     4.257
     2.715
     4.255
     2.900
     4.200
     4.258
     4.822
     4.561
     4.732
     3.498
     3.874
     3.365
     4.289
     4.196
     5.045
     4.070
     3.940
     3.619
     4.659
     4.666
     3.319
     3.880
     4.206
     4.328
     2.747
     3.570
     3.649
     4.297
     4.165
     4.543
     4.358
     3.681
     3.749
     4.087
     3.891
     4.310
     4.029
     3.696
     4.633
     4.438
     3.780
     4.639
     3.720
     4.354
     4.853
     4.399
     4.477
     3.958
     4.416
     4.403
     4.326
     3.363
     4.560
     4.637
     4.442
     4.103
     4.110
     3.747
     4.070
     4.471
     3.615
     4.423
     3.750
     4.060
     3.735
     3.785
     2.478
     3.509
     4.329
     3.866
     3.791
     4.017
     4.670
     4.011
     4.109
     4.044
     4.003
     4.544
     3.561
     4.057
     4.271
     4.512
     3.609
     3.538
     3.543
     3.962
     4.841
     3.975
     4.231
     4.435
     3.722
     4.049
     3.543
     4.781
     4.306
     5.113
     3.845
     3.734
     4.537
     5.255
     3.610
     5.142
     3.910
     4.099
     4.035
     4.250
     4.198
     3.853
     4.608
     4.525
     3.998
     4.237
     4.250
     3.969
     3.909
     3.394
     4.746
     4.447
     3.335
     4.053
     4.098
     3.765
     4.396
     4.564
     4.756
     4.221
     4.272
     2.598
     4.550
     4.691
     3.661
     3.788
     3.669
     4.371
     3.268
     4.344
     2.266
     3.715
     2.461
     3.974
     3.918
     2.323
     4.014
     4.088
     3.024
     3.816
     4.801
     4.700
     4.319
     4.080
     4.825
     4.216
     4.647
     4.545
     4.056
     4.275
     4.226
     4.167
     4.579
     3.487
     5.150
     4.240
     3.913
     4.709
     4.585
     4.445
     3.728
     4.105
     4.240
     4.461
     4.721
     4.247
     4.166
     4.215
     4.497
     3.937
     2.955
     4.247
     4.568
     4.294
     4.530
     3.918
     3.850
     3.770
     4.335
     4.331
     4.611
     3.939
     4.154
     4.204
     4.210
     4.394
     3.971
     3.916
     3.492
     4.119
     4.024
     4.008
     4.716
     4.013
     4.577
     4.240
     4.275
     4.421
     4.126
     4.445
     4.221
     4.061
     4.669
     3.980
     4.370
     3.841
     4.258
     3.480
     4.512
     4.297
     4.554
     4.112
     3.732
     3.637
     4.573
     3.799
     4.721
     4.369
     3.727
     4.452
     4.713
     3.707
     4.993
     4.109
     5.016
     4.812
     3.940
     4.126
     3.292
     4.042
     3.981
     4.365
     4.927
     3.992
     4.026
     2.773
     4.457
     4.703
     4.307
     3.912
     4.111
     4.241
     4.534
     4.644
     3.277
     4.760
     3.663
     4.161
     2.777
     3.485
     4.081
     4.343
     3.876
     3.858
     4.294
     5.001
     3.987
     3.810
     4.081
     3.905
     4.745
     4.306
     4.014
     4.558
     4.623
     3.739
     4.794
     3.973
     4.236
     4.843
     4.578
     4.963
     4.578
     4.618
     4.428
     3.645
     5.039
     3.006
     3.418
     4.632
     4.722
     3.831
     4.676
     4.342
     4.409
     4.208
     4.265
     3.990
     4.637
     3.072
     3.791
     4.614
     4.832
     4.012
     3.747
     2.912
     4.450
     3.775
     3.857
     4.145
     4.689
     4.793
     4.077
     4.336
     4.979
     4.502
     4.961
     4.005
     3.640
     4.228
     4.052
     4.274
     4.619
     4.333
     4.375
     2.451
     3.894
     4.213
     4.094
     3.584
     4.230
     4.677
     3.501
     4.755
     4.799
     5.254
     4.152
     4.245
     4.029
     3.769
     3.942
     2.663
     4.857
     4.342
     3.619
     3.824
     4.691
     4.037
     4.031
     4.058
     3.651
     4.600
     4.349
     3.465
     3.932
     4.541
     3.890
     4.412
     4.029
     4.695
     4.379
     4.024
     4.768
     3.787
     5.121
     3.272
     3.884
     5.004
     4.313
     4.366
     4.500
     4.653
     3.959
     3.584
     4.021
     3.914
     4.128
     5.044
     3.984
     4.785
     3.758
     4.422
     4.357
     4.616
     4.271
     4.276
     3.907
     4.438
     4.628
     4.061
     4.395
     4.383
     3.512
     3.742
     3.941
     3.989
     4.061
     4.301
     3.977
     4.273
     4.429
     4.451
     4.383
     4.526
     4.440
     4.597
     4.184
     4.456
     4.584
     3.927
     4.548
     4.341
     4.762
     4.072
     4.479
     4.558
     4.285
     3.566
     3.337
     4.189
     4.062
     3.170
     3.859
     3.741
     4.089
     4.623
     2.440
     3.644
     4.524
     3.755
     4.273
     4.564
     4.218
     4.291
     4.701
     4.443
     4.518
     4.779
     3.873
     4.275
     4.413
     3.928
     4.475
     3.924
     4.294
     4.561
     4.278
     4.747
     4.660
     3.871
     4.527
     4.182
     5.255
     3.778
     3.855
     4.315
     4.569
     4.749
     4.593
     3.957
     2.331
     4.395
     4.019
     4.303
     4.239
     3.981
     3.550
     3.897
     3.929
     4.148
     4.223
     3.868
     4.113
     4.346
     4.622
     4.007
     4.299
     4.308
     4.335
     3.955
     4.007
     4.354
     3.687
     3.339
     4.790
     4.170
     3.252
     4.597
     3.394
     3.816
     3.717
     4.069
     3.989
     3.950
     4.387
     3.664
     4.598
     4.619
     4.010
     3.213
     4.660
     4.587
     3.289
     3.911
     4.354
     4.056
     4.336
     4.704
     4.447
     3.797
     4.748
     3.956
     4.597
     4.638
     3.614
     4.737
     4.335
     3.822
     3.486
     4.690
     3.996
     4.133
     5.134
     4.470
     4.260
     4.397
     4.157
     3.730
     4.519
     3.746
     4.112
     4.976
     4.554
     4.218
     4.217
     3.607
     4.624
     4.009
     4.963
     3.813
     5.068
     4.541
     4.168
     4.330
     4.689
     4.789
     3.802
     3.987
     3.652
     4.346
     4.280
     4.763
     3.993
     3.939
     4.193
     4.256
     3.760
     4.514
     3.654
     4.293
     4.282
     3.134
     4.266
     3.727
     4.064
     5.295
     4.024
     4.710
     5.179
     4.557
     3.321
     4.547
     5.179
     4.628
     5.026
     3.320
     2.981
     3.543
     2.686
     4.569
     3.983
     4.505
     4.091
     4.414
     4.061
     4.817
     3.499
     4.765
     4.475
     2.648
     4.342
     3.756
     4.197
     3.138
     4.107
     4.124
     3.553
     3.590
     3.973
     4.502
     4.368
     3.892
     4.057
     4.062
     3.314
     3.241
     4.350
     4.676
     4.352
     3.718
     4.353
     4.031
     4.594
     3.401
     3.813
     4.056
     4.252
     4.846
     4.477
     4.179
     4.174
     4.267
     3.801
     4.654
     3.921
     3.642
     4.005
     4.396
     3.979
     4.432
     3.077
     4.423
     4.166
     3.542
     4.445
     3.940
     3.474
     3.863
     4.267
     4.421
     4.924
     4.385
     4.144
     4.627
     4.308
     4.706
     4.138
     4.598
     3.955
     4.495
     4.225
     3.578
     3.639
     4.181
     4.202
     3.857
     4.375
     4.408
     3.828
     4.717
     4.249
     4.524
     4.206
     3.455
     4.030
     3.831
     3.781
     3.653
     4.466
     3.743
     4.665
     4.719
     4.424
     4.421
     4.104
     4.335
     3.411
     4.608
     4.253
     4.531
     4.330
     4.928
     4.851
     4.038
     3.931
     4.146
     3.513
     4.451
     4.002
     5.080
     2.285
     3.692
     4.893
     4.674
     3.798
     4.783
     3.456
     3.978
     3.601
     3.095
     4.282
     4.074
     4.346
     4.096
     4.049
     3.685
     4.389
     3.997
     3.852
     3.545
     3.961
     4.008
     4.477
     3.623
     4.716
     3.320
     4.605
     4.446
     2.536
     2.786
     3.761
     3.794
     4.266
     3.923
     3.188
     3.809
     4.528
     4.069
     4.614
     4.816
     4.082
     5.185
     4.726
     4.464
     3.614
     4.668
     3.770
     3.247
     3.926
     4.483
     4.014
     4.102
     3.869
     3.822
     2.810
     4.083
     4.206
     4.532
     4.116
     4.275
     4.801
     3.888
     3.826
     4.948
     4.622
     4.242
     4.096
     3.083
     3.270
     3.575
     4.713
     4.917
     3.676
     4.068
     4.663
     3.824
     3.853
     4.245
     4.147
     2.684
     3.707
     4.910
     4.342
     4.025
     4.191
     4.728
     4.313
     4.351
     3.557
     4.534
     4.283
     3.068
     3.989
     4.134
     4.160
     4.630
     4.818
     4.894
     3.785
     4.098
     4.226
     3.992
     4.011
     4.782
     4.024
     4.542
     4.726
     3.964
     3.989
     4.699
     4.701
     4.649
     4.535
     3.748
     3.880
     5.172
     3.835
     4.774
     4.326
     4.250
     4.287
     3.747
     3.169
     3.528
     4.086
     4.527
     4.550
     4.038
     4.122
     4.819
     4.485
     4.012
     4.206
     4.684
     4.219
     4.431
     4.842
     3.984
     4.458
     3.594
     4.561
     4.374
     4.308
     3.930
     4.160
     4.087
     3.969
     4.668
     2.600
     3.978
     4.620
     4.025
     4.715
     4.093
     4.014
     4.021
     3.290
     4.519
     5.018
     4.492
     4.670
     3.650
     4.760
     3.559
     4.555
     4.048
     4.424
     4.205
     3.884
     4.664
     4.702
     4.047
     3.619
     4.735
     4.207
     4.764
     3.617
     4.114
     4.019
     4.377
     4.879
     3.984
     4.814
     4.947
     3.791
     4.254
     4.344
     3.644
     4.438
     4.639
     4.245
     4.411
     4.717
     4.150
     4.438
     4.736
     4.446
     3.577
     4.167
     4.164
     3.692
     4.345
     4.531
     4.266
     3.985
     2.698
     4.578
     4.532
     3.602
     2.841
     4.552
     4.357
     3.578
     2.770
     4.774
     4.231
     4.722
     3.916
     4.741
     3.078
     2.708
     5.090
     3.190
     4.726
     4.678
     4.585
     4.617
     3.936
     3.783
     3.975
     3.929
     4.485
     4.219
     3.402
     4.520
     4.002
     4.583
     3.769
     4.700
     4.276
     3.868
     3.887
     3.971
     3.270
     4.601
     4.064
     4.575
     4.688
     3.690
     4.679
     4.489
     4.598
     4.776
     4.303
     4.085
     4.550
     3.467
     4.398
     3.839
     3.974
     3.711
     4.054
     3.880
     4.166
     4.035
     4.708
     4.261
     2.978
     4.441
     3.946
     4.537
     3.622
     4.280
     3.892
     4.693
     3.970
     4.753
     4.449
     4.834
     4.131
     4.693
     3.529
     3.926
     3.557
     4.409
     3.661
     4.882
     4.747
     4.642
     4.240
     4.902
     4.221
     3.752
     3.794
     4.430
     3.245
     3.973
     3.681
     4.666
     4.645
     4.020
     4.689
     4.552
     1.647
     4.402
     4.017
     4.801
     4.218
     4.421
     4.777
     4.751
     4.565
     4.552
     4.555
     4.128
     3.938
     3.830
     4.211
     4.477
     4.293
     4.024
     4.046
     4.031
     4.053
     4.650
     4.259
     4.407
     4.661
     3.712
     4.790
     4.262
     3.858
     4.486
     3.741
     3.987
     4.193
     4.265
     4.747
     4.485
     3.629
     3.870
     3.640
     3.605
     3.613
     4.179
     4.007
     4.691
     4.112
     4.273
     3.497
     4.583
     4.738
     3.837
     4.476
     4.296
     4.651
     4.039
     3.067
     3.808
     4.214
     4.234
     4.693
     3.869
     4.641
     3.512
     4.696
     2.906
     4.256
     4.995
     4.285
     4.155
     3.939
     4.460
     4.509
     4.088
     4.612
     4.614
     3.880
     4.055
     4.591
     4.435
     3.393
     4.576
     3.971
     4.490
     4.508
     4.401
     4.025
     4.051
     4.302
     4.147
     2.284
     4.459
     3.583
     4.627
     3.831
     4.739
     4.726
     4.313
     4.122
     4.266
     4.342
     3.024
     4.120
     4.961
     4.215
     4.232
     4.564
     4.464
     4.843
     5.105
     4.210
     3.550
     4.209
     3.961
     4.919
     4.323
     4.072
     3.697
     2.595
     4.335
     4.501
     4.151
     4.316
     3.955
     4.263
     3.990
     4.512
     4.567
     3.979
     4.494
     4.320
     4.790
     4.360
     4.017
     4.475
     4.261
     4.820
     3.428
     3.309
     4.968
     5.135
     3.860
     3.988
     4.025
     3.229
     4.572
     3.928
     4.008
     4.061
     4.662
     4.528
     4.922
     4.760
     4.788
     4.494
     4.711
     3.609
     3.751
     4.381
     4.078
     3.971
     4.498
     2.469
     4.258
     4.550
     4.562
     4.564
     4.564
     4.107
     4.148
     4.373
     3.645
     3.769
     3.623
     3.452
     4.499
     4.015
     4.535
     3.747
     4.697
     4.712
     4.535
     3.809
     3.767
     3.334
     4.574
     4.027
     4.625
     3.815
     3.686
     4.053
     2.874
     3.738
     4.559
     3.978
     4.450
     4.335
     4.660
     4.932
     4.684
     3.655
     3.614
     3.780
     4.469
     4.197
     4.334
     3.987
     3.986
     4.492
     4.725
     4.258
     4.405
     4.241
     4.432
     3.704
     3.034
     4.029
     3.640
     4.338
     4.906
     3.789
     4.386
     4.708
     4.648
     3.030
     4.686
     3.044
     2.510
     4.103
     2.258
     3.766
     4.198
     4.935
     4.515
     3.615
     3.830
     4.217
     4.054
     4.029
     4.172
     4.053
     3.647
     4.279
     4.664
     4.670
     4.616
     4.119
     4.762
     4.526
     3.731
     4.526
     3.961
     4.406
     4.333
     4.149
     4.978
     4.214
     4.540
     4.002
     4.430
     3.868
     4.024
     3.749
     4.742
     3.628
     4.745
     4.669
     3.747
     4.202
     4.488
     4.072
     3.702
     3.559
     2.393
     4.230
     4.502
     4.153
     3.635
     3.543
     4.413
     3.628
     3.742
     4.239
     4.601
     3.858
     3.981
     3.578
     4.045
     3.927
     3.535
     3.425
     4.255
     4.864
     4.194
     4.587
     4.362
     4.295
     4.400
     4.263
     4.263
     4.804
     4.701
     3.838
     4.510
     4.174
     4.063
     3.501
     4.547
     4.403
     4.347
     3.960
     4.023
     4.482
     4.002
     3.767
     4.152
     4.007
     4.160
     4.432
     4.471
     4.032
     3.945
     3.979
     4.468
     4.749
     2.950
     4.281
     4.253
     3.958
     4.272
     2.683
     4.558
     4.986
     4.503
     4.487
     3.923
     4.276
     4.384
     4.309
     4.292
     4.326
     4.020
     3.745
     3.459
     4.842
     4.208
     3.644
     4.536
     4.239
     4.583
     4.901
     4.689
     4.707
     4.821
     4.001
     4.850
     4.747
     3.941
     3.860
     3.963
     4.298
     4.513
     4.400
     4.260
     3.339
     4.541
     4.624
     3.310
     4.493
     3.934
     4.723
     4.414
     4.555
     4.858
     4.035
     4.758
     3.739
     4.064
     3.664
     4.405
     4.452
     3.860
     3.242
     3.821
     4.637
     3.712
     4.293
     3.677
     2.620
     4.554
     3.963
     3.624
     4.435
     2.517
     4.448
     4.395
     4.371
     4.166
     3.667
     3.410
     4.055
     4.094
     4.046
     4.743
     4.994
     4.224
     4.358
     3.904
     4.055
     4.582
     4.505
     4.638
     3.065
     3.625
     4.002
     4.610
     4.571
     4.434
     4.371
     4.028
     4.253
     4.411
     4.129
     4.330
     4.467
     3.952
     2.981
     4.207
     4.195
     4.530
     4.412
     3.967
     3.904
     3.811
     3.214
     3.543
     5.143
     4.589
     4.831
     4.442
     2.567
     3.721
     4.574
     4.217
     3.521
     4.295
     4.229
     4.694
     4.354
     4.048
     4.607
     4.175
     4.165
     4.311
     4.028
     3.671
     4.186
     4.245
     3.031
     3.974
     4.598
     3.830
     4.707
     4.010
     3.144
     4.395
     4.087
     4.448
     4.614
     4.699
     4.650
     4.461
     4.231
     3.961
     4.105
     4.073
     3.905
     3.017
     4.763
     4.234
     4.087
     3.931
     4.363
     3.816
     4.188
     3.793
     3.887
     4.741
     4.029
     4.587
     4.023
     4.011
     4.727
     3.507
     3.922
     4.189
     4.635
     4.616
     4.550
     2.872
     4.030
     3.989
     2.999
     4.050
     3.708
     4.295
     3.954
     4.556
     3.890
     4.695
     4.741
     4.317
     4.683
     4.187
     4.285
     4.382
     4.520
     4.299
     4.763
     3.446
     4.536
     2.604
     4.265
     4.102
     4.257
     3.941
     4.171
     3.629
     4.623
     4.263
     4.052
     4.329
     4.266
     4.230
     4.090
     3.717
     4.808
     3.722
     4.501
     4.145
     3.783
     3.850
     3.732
     3.788
     4.386
     4.554
     4.415
     4.508
     4.291
     4.513
     3.930
     3.755
     4.250
     4.771
     4.569
     5.043
     4.480
     3.964
     3.954
     4.518
     4.726
     3.541
     4.744
     4.797
     4.707
     3.984
     4.647
     4.604
     4.353
     4.328
     3.967
     4.727
     4.731
     3.858
     4.784
     4.566
     4.224
     4.351
     4.454
     4.093
     3.941
     3.645
     4.634
     3.952
     4.010
     4.308
     3.706
     4.201
     4.666
     4.695
     4.407
     4.603
     4.051
     3.203
     3.546
     4.100
     4.050
     3.960
     3.203
     4.272
     4.995
     3.766
     3.794
     4.287
     4.120
     4.628
     3.835
     4.190
     4.246
     3.549
     4.496
     3.808
     4.750
     3.838
     4.604
     4.765
     4.665
     4.746
     5.043
     4.616
     3.812
     4.739
     3.629
     4.127
     3.687
     4.383
     4.843
     3.986
     4.459
     4.633
     3.469
     4.079
     3.823
     4.731
     3.824
     3.958
     3.912
     4.726
     3.137
     4.423
     4.408
     4.317
     4.045
     4.346
     4.371
     3.377
     3.952
     3.235
     4.629
     4.629
     4.680
     4.192
     4.554
     4.848
     4.489
     3.603
     4.837
     4.574
     4.715
     3.363
     3.843
     4.581
     4.656
     4.361
     3.863
     4.469
     3.679
     3.041
     3.959
     4.460
     2.666
     4.436
     3.825
     4.613
     4.464
     3.906
     4.148
     4.490
     4.121
     4.341
     3.819
     4.032
     4.331
     3.390
     3.513
     4.244
     2.985
     4.920
     4.215
     4.482
     3.287
     4.037
     4.030
     3.981
     4.895
     3.626
     4.053
     4.589
     4.316
     3.913
     4.287
     4.415
     2.736
     4.755
     4.529
     4.660
     4.665
     4.459
     4.452
     3.850
     4.550
     4.408
     4.510
     3.764
     3.745
     3.732
     4.406
     2.863
     4.624
     4.587
     4.568
     4.408
     4.249
     4.613
     4.013
     3.723
     3.811
     4.096
     3.639
     4.173
     4.684
     4.744
     4.302
     3.805
     4.551
     4.229
     3.988
     3.959
     4.856
     3.185
     3.771
     4.733
     4.328
     3.135
     2.796
     4.683
     4.442
     3.607
     4.261
     4.702
     4.603
     4.381
     4.952
     4.043
     4.948
     4.899
     4.353
     3.979
     4.119
     4.424
     4.239
     2.477
     4.333
     3.796
     4.217
     4.091
     4.292
     3.386
     4.933
     3.877
     4.233
     3.844
     3.428
     4.240
     3.630
     4.242
     2.634
     4.695
     4.358
     4.349
     3.620
     4.036
     4.678
     4.318
     4.279
     3.796
     4.341
     4.009
     3.772
     4.497
     3.411
     3.522
     4.377
     4.091
     4.586
     4.472
     3.586
     4.514
     4.110
     3.725
     3.507
     4.772
     4.314
     4.456
     4.203
     3.976
     4.943
     3.103
     4.420
     3.920
     4.600
     4.586
     3.967
     5.043
     3.983
     4.572
     4.310
     3.484
     4.650
     4.024
     4.063
     4.070
     2.907
     4.446
     3.942
     4.169
     4.541
     3.992
     3.434
     4.052
     4.792
     4.657
     4.391
     3.934
     4.299
     4.560
     3.959
     4.014
     4.440
     4.595
     3.712
     3.022
     4.086
     4.023
     3.651
     4.743
     3.056
     4.429
     4.166
     4.665
     3.423
     4.210
     3.961
     4.289
     3.983
     4.584
     4.046
     4.674
     3.923
     4.211
     4.809
     4.459
     4.498
     4.712
     3.918
     2.633
     4.290
     4.031
     3.976
     4.785
     4.591
     4.119
     4.389
     4.046
     3.066
     4.425
     3.950
     4.659
     3.860
     4.277
     4.095
     4.308
     4.220
     4.961
     4.627
     3.968
     5.145
     4.418
     3.850
     4.362
     3.952
     4.699
     4.048
     4.692
     3.556
     3.869
     4.374
     3.863
     3.998
     4.329
     3.170
     4.896
     4.096
     4.126
     4.245
     4.331
     3.992
     4.036
     3.441
     4.554
     4.338
     4.549
     3.703
     3.891
     4.233
     4.248
     2.046
     4.739
     3.997
     4.762
     4.791
     4.317
     3.357
     4.389
     4.661
     4.683
     3.777
     3.326
     4.956
     3.624
     3.998
     4.537
     4.457
     4.307
     4.608
     3.453
     4.020
     4.373
     4.202
     4.142
     4.673
     3.980
     3.914
     4.504
     4.780
     4.877
     4.185
     5.039
     4.187
     4.536
     3.898
     4.711
     3.953
     4.166
     2.748
     3.670
     4.795
     4.299
     3.809
     4.555
     4.268
     3.736
     4.041
     4.339
     4.488
     3.980
     4.849
     3.872
     4.500
     4.158
     4.636
     4.794
     4.002
     4.443
     4.431
     3.871
     3.530
     4.718
     4.388
     4.056
     4.190
     3.651
     4.259
     2.645
     3.982
     4.914
     4.127
     4.279
     4.484
     4.264
     4.700
     3.910
     4.416
     4.773
     4.668
     3.014
     4.188
     4.502
     3.225
     3.870
     3.998
     4.668
     4.392
     4.335
     4.494
     4.016
     4.112
     3.836
     4.712
     4.068
     4.033
     4.413
     4.676
     4.422
     3.924
     3.660
     4.655
     3.838
     3.950
     5.166
     3.994
     3.966
     4.609
     4.112
     3.580
     4.643
     4.229
     4.521
     3.948
     4.014
     4.166
     4.586
     4.443
     4.374
     4.460
     4.044
     3.657
     5.146
     4.550
     5.089
     3.849
     2.413
     4.613
     3.533
     2.933
     4.464
     3.387
     4.301
     3.663
     4.437
     3.792
     4.477
     3.988
     3.556
     4.036
     4.140
     4.688
     4.338
     4.431
     4.132
     4.746
     3.994
     4.662
     4.685
     4.004
     4.502
     4.173
     4.399
     3.623
     3.325
     4.624
     4.327
     4.270
     3.759
     3.061
     4.235
     4.135
     4.456
     4.389
     3.797
     4.200
     3.289
     4.089
     4.202
     2.253
     3.632
     4.956
     4.324
     3.958
     3.989
     4.050
     4.198
     3.027
     3.438
     4.218
     4.332
     4.044
     2.813
     3.653
     4.431
     5.041
     4.266
     4.093
     3.708
     4.043
     4.479
     4.818
     4.503
     4.625
     4.193
     4.305
     4.382
     4.304
     4.324
     4.751
     4.473
     4.314
     4.650
     4.538
     4.331
     4.342
     4.231
     4.180
     4.107
     3.607
     3.848
     4.315
     4.416
     3.643
     2.520
     4.195
     3.942
     4.750
     4.311
     3.972
     3.974
     4.506
     4.241
     4.884
     4.593
     3.535
     4.024
     4.317
     4.204
     4.888
     4.254
     4.773
     4.872
     4.023
     3.329
     4.308
     4.225
     4.030
     4.276
     4.313
     3.873
     4.126
     3.917
     4.544
     4.498
     4.421
     4.287
     4.436
     2.964
     4.167
     4.068
     3.977
     4.939
     4.199
     3.881
     4.904
     4.042
     4.591
     4.030
     4.574
     4.620
     4.847
     3.775
     3.671
     4.707
     4.134
     3.701
     4.388
     4.068
     4.134
     4.108
     4.209
     4.736
     4.011
     4.283
     3.813
     3.938
     3.925
     4.120
     4.034
     4.190
     4.490
     2.387
     4.396
     4.465
     3.874
     3.607
     4.572
     4.082
     4.182
     4.510
     4.153
     4.454
     4.644
     4.460
     3.166
     4.069
     4.153
     4.168
     3.894
     4.335
     4.945
     4.111
     4.160
     4.601
     4.233
     3.958
     4.774
     4.749
     4.707
     3.981
     3.756
     3.895
     3.954
     4.267
     4.719
     3.796
     4.189
     4.020
     4.516
     4.495
     2.888
     4.766
     4.222
     3.797
     3.726
     4.254
     4.257
     2.613
     3.278
     4.919
     4.352
     3.642
     4.414
     3.837
     4.070
     4.520
     4.515
     4.054
     4.450
     4.479
     4.813
     4.658
     2.506
     4.382
     3.675
     4.405
     4.294
     3.843
     4.023
     4.370
     3.092
     4.317
     4.051
     3.028
     4.609
     3.978
     4.272
     4.562
     3.678
     4.266
     3.611
     3.812
     4.194
     4.542
     4.003
     4.230
     5.128
     3.400
     4.638
     4.782
     4.558
     4.227
     4.107
     4.631
     3.626
     4.403
     4.427
     4.466
     4.655
     4.637
     4.489
     4.510
     4.832
     2.283
     3.705
     3.130
     4.295
     4.559
     4.198
     3.934
     3.917
     4.726
     4.428
     3.936
     4.586
     3.920
     3.343
     3.582
     4.654
     3.821
     4.428
     4.139
     3.619
     4.115
     4.916
     3.132
     4.795
     2.921
     4.647
     4.427
     4.455
     3.647
     4.502
     4.345
     3.894
     3.786
     4.461
     4.695
     4.618
     3.780
     2.277
     4.263
     4.055
     4.730
     3.952
     4.687
     3.971
     4.452
     4.056
     3.264
     4.171
     4.270
     4.214
     4.434
     4.668
     3.276
     4.501
     4.277
     4.442
     3.885
     4.469
     4.734
     4.765
     4.933
     4.877
     3.149
     4.517
     4.467
     4.560
     4.560
     4.389
     4.535
     3.864
     3.737
     3.962
     3.981
     2.836
     4.068
     3.956
     2.696
     3.897
     4.347
     4.702
     4.727
     4.407
     4.569
     2.718
     4.796
     4.534
     3.799
     4.334
     4.400
     4.570
     4.659
     4.815
     4.047
     4.085
     3.595
     4.464
     4.200
     4.203
     4.029
     3.696
     4.041
     4.158
     4.994
     4.695
     3.445
     4.172
     4.547
     4.450
     4.165
     3.296
     2.478
     3.637
     4.180
     4.587
     4.126
     4.612
     3.947
     5.134
     3.643
     4.267
     4.245
     4.040
     3.169
     3.873
     3.826
     4.483
     2.315
     4.786
     4.772
     4.652
     3.269
     3.936
     4.918
     4.273
     3.899
     4.009
     4.396
     4.494
     4.720
     3.948
     4.611
     4.500
     4.239
     4.463
     3.288
     5.226
     4.044
     4.009
     4.285
     4.370
     3.660
     4.239
     2.751
     4.044
     4.399
     4.103
     3.964
     4.338
     3.878
     3.811
     3.889
     2.967
     3.577
     3.870
     4.920
     3.672
     4.212
     4.289
     2.631
     3.193
     2.329
     4.301
     4.346
     4.130
     3.822
     3.473
     3.879
     3.659
     4.887
     4.217
     4.650
     4.385
     2.037
     4.654
     4.548
     4.245
     4.406
     4.391
     4.731
     4.516
     4.656
     4.115
     4.771
     2.745
     4.018
     4.741
     4.920
     3.920
     3.828
     4.800
     4.548
     4.181
     4.785
     4.987
     4.132
     4.304
     4.253
     3.769
     4.042
     4.006
     4.552
     4.854
     4.508
     3.986
     3.796
     3.715
     3.306
     3.894
     4.980
     4.246
     4.584
     3.985
     2.824
     4.562
     4.476
     3.891
     3.944
     4.838
     3.745
     4.434
     3.888
     3.987
     3.886
     3.893
     3.555
     3.573
     4.691
     3.977
     4.759
     4.815
     4.494
     4.709
     4.704
     4.014
     4.904
     4.173
     3.694
     4.567
     3.934
     3.786
     4.748
     3.812
     4.012
     4.707
     4.338
     3.998
     4.320
     3.728
     4.077
     4.082
     4.419
     4.252
     3.860
     4.401
     4.947
     4.545
     4.148
     3.842
     4.058
     4.450
     2.752
     4.505
     4.516
     4.630
     4.640
     4.613
     4.066
     3.707
     4.741
     4.501
     4.882
     4.810
     4.130
     4.477
     4.359
     4.328
     3.853
     4.347
     4.060
     3.792
     4.776
     4.318
     3.841
     4.856
     4.046
     4.777
     4.439
     3.982
     4.442
     4.855
     4.598
     4.300
     4.410
     4.404
     3.851
     3.807
     5.204
     3.672
     4.989
     3.895
     4.616
     4.847
     4.840
     4.819
     4.134
     4.699
     3.240
     4.688
     3.221
     4.332
     4.254
     3.807
     4.929
     4.031
     4.440
     4.402
     4.500
     4.573
     3.929
     5.200
     3.981
     4.040
     3.348
     5.212
     4.672
     4.703
     3.802
     4.028
     4.594
     4.702
     4.214
     3.502
     4.528
     4.509
     4.336
     4.817
     4.417
     3.742
     4.575
     4.210
     3.740
     4.303
     2.436
     4.786
     3.671
     3.087
     4.599
     4.350
     3.355
     4.377
     4.396
     4.500
     4.036
     3.643
     4.941
     3.379
     4.361
     4.621
     3.932
     4.836
     3.997
     2.426
     4.453
     4.533
     4.172
     4.407
     4.228
     4.840
     4.831
     4.219
     4.190
     4.679
     4.417
     3.815
     3.059
     3.918
     4.840
     3.000
     4.556
     4.343
     4.731
     4.276
     4.745
     2.415
     4.684
     4.749
     4.342
     4.682
     3.626
     4.658
     4.711
     5.055
     4.660
     4.034
     4.647
     4.323
     3.751
     4.496
     4.412
     4.525
     4.386
     3.848
     4.359
     3.804
     3.622
     4.147
     3.939
     4.042
     4.012
     4.178
     3.877
     4.496
     4.495
     3.984
     3.203
     2.594
     4.319
     3.819
     4.400
     4.315
     4.325
     3.652
     4.692
     5.288
     3.990
     4.544
     4.624
     4.031
     4.648
     4.015
     3.633
     4.670
     4.071
     3.695
     4.461
     4.735
     2.862
     3.628
     3.846
     4.780
     3.975
     4.405
     4.113
     4.642
     4.559
     3.413
     4.116
     4.740
     2.454
     4.333
     3.824
     4.596
     4.599
     4.737
     4.791
     4.564
     4.244
     4.708
     4.673
     4.504
     4.139
     3.678
     4.655
     4.310
     4.484
     3.559
     4.827
     2.993
     4.433
     4.020
     4.260
     4.504
     4.697
     4.546
     5.260
     4.419
     3.016
     3.952
     3.973
     4.739
     4.520
     3.956
     3.698
     4.171
     4.738
     4.816
     4.206
     3.728
     3.620
     2.891
     4.610
     3.810
     4.567
     4.182
     3.893
     3.784
     4.044
     3.988
     3.987
     4.334
     4.247
     4.187
     4.311
     5.264
     4.210
     4.132
     4.018
     4.286
     4.584
     3.973
     4.347
     3.517
     4.543
     4.044
     5.214
     4.848
     3.248
     3.218
     4.589
     4.089
     4.098
     4.635
     4.020
     4.183
     4.095
     3.111
     4.924
     4.020
     4.288
     4.138
     4.015
     4.850
     4.484
     4.706
     2.827
     3.979
     4.838
     4.284
     2.976
     2.652
     3.738
     4.531
     3.927
     4.857
     4.046
     4.720
     3.951
     4.554
     4.778
     4.230
     4.732
     3.932
     4.752
     3.626
     4.598
     4.809
     4.627
     4.635
     4.568
     4.461
     4.275
     3.953
     4.000
     5.038
     3.906
     4.557
     4.603
     4.139
     4.124
     4.036
     4.501
     4.292
     3.891
     3.956
     4.737
     2.962
     5.052
     4.281
     3.969
     4.301
     3.750
     3.595
     4.642
     4.242
     4.612
     4.741
     4.522
     4.075
     4.723
     4.605
     4.934
     4.973
     4.178
     4.426
     4.444
     4.853
     3.727
     4.450
     4.348
     4.862
     4.667
     4.711
     4.355
     4.866
     4.015
     3.877
     5.049
     3.988
     4.179
     4.583
     4.129
     4.817
     4.874
     4.872
     4.303
     4.876
     4.715
     3.570
     4.524
     4.622
     4.544
     4.505
     4.652
     4.163
     2.776
     4.844
     2.955
     4.655
     4.650
     4.236
     3.397
     2.832
     3.974
     4.097
     4.589
     5.094
     4.816
     4.744
     4.187
     4.744
     2.988
     4.767
     4.087
     4.060
     4.027
     4.330
     3.805
     4.571
     4.664
     3.821
     4.154
     4.029
     4.872
     4.382
     4.626
     3.621
     4.736
     4.489
     3.559
     4.605
     4.753
     4.135
     3.980
     4.638
     3.848
     4.592
     4.252
     4.859
     3.744
     4.037
     4.357
     4.123
     4.184
     4.293
     4.487
     4.252
     4.446
     2.332
     4.835
     4.736
     4.249
     3.841
     4.993
     4.301
     4.114
     3.668
     4.249
     4.676
     3.558
     3.686
     4.415
     4.815
     4.712
     4.137
     3.091
     3.990
     4.381
     3.701
     3.282
     4.107
     4.397
     3.982
     4.444
     3.952
     4.633
     3.007
     4.056
     4.578
     4.554
     4.375
     3.758
     3.423
     3.937
     3.867
     3.908
     3.866
     4.364
     4.381
     4.776
     3.556
     4.328
     3.251
     3.789
     3.589
     4.480
     4.413
     3.718
     4.226
     4.436
     3.591
     3.109
     4.644
     4.137
     4.251
     2.745
     3.473
     4.374
     3.684
     5.225
     4.568
     3.294
     3.706
     4.006
     4.657
     4.708
     4.075
     2.987
     4.764
     3.491
     4.155
     4.275
     3.789
     4.488
     4.544
     4.195
     4.757
     3.435
     4.252
     3.678
     4.819
     3.191
     4.954
     2.599
     3.704
     3.200
     4.107
     4.056
     4.444
     3.732
     4.283
     4.808
     3.991
     4.055
     4.707
     3.549
     3.394
     3.529
     3.999
     4.751
     3.712
     4.005
     4.144
     4.124
     4.562
     4.037
     4.171
     3.468
     4.288
     4.901
     4.452
     4.710
     3.818
     4.784
     4.801
     4.884
     3.530
     3.961
     4.620
     3.716
     4.451
     3.796
     3.962
     4.237
     3.612
     4.117
     4.366
     4.878
     4.206
     2.400
     4.498
     3.697
     3.270
     4.164
     4.610
     3.749
     3.711
     3.772
     4.574
     3.673
     4.687
     4.707
     4.655
     3.979
     4.645
     4.048
     2.800
     3.569
     4.715
     3.839
     3.851
     3.338
     4.047
     3.858
     3.941
     4.403
     4.396
     3.760
     4.902
     4.451
     4.530
     4.076
     4.507
     4.650
     4.374
     4.959
     3.761
     3.832
     4.283
     3.719
     4.736
     4.929
     4.097
     4.860
     4.452
     4.515
     3.736
     4.605
     4.845
     4.143
     4.743
     4.291
     4.088
     4.315
     4.535
     3.987
     4.849
     4.916
     4.293
     3.746
     4.676
     2.966
     3.450
     4.312
     3.975
     4.108
     4.550
     3.958
     4.813
     4.931
     4.502
     3.859
     4.052
     4.088
     4.761
     4.493
     4.584
     4.156
     4.266
     3.272
     3.769
     4.162
     4.488
     4.495
     4.461
     5.242
     4.116
     4.245
     3.608
     3.996
     4.185
     4.544
     4.276
     2.512
     4.453
     4.856
     4.687
     4.540
     3.558
     4.700
     4.821
     4.434
     4.669
     4.609
     4.479
     3.980
     4.174
     3.928
     4.589
     4.113
     4.586
     4.527
     3.863
     3.711
     3.940
     3.512
     4.738
     2.743
     3.893
     3.902
     4.521
     4.363
     4.227
     3.903
     4.858
     3.935
     4.771
     4.716
     3.645
     4.590
     4.607
     3.942
     3.300
     4.828
     3.768
     4.839
     4.165
     3.881
     4.669
     4.010
     4.777
     4.385
     4.198
     3.746
     4.183
     5.184
     4.871
     4.523
     4.517
     4.003
     2.571
     4.749
     4.659
     3.881
     3.953
     4.479
     2.839
     4.207
     4.474
     2.909
     4.006
     4.360
     3.688
     4.824
     3.965
     4.520
     4.037
     3.666
     4.165
     3.849
     4.645
     2.722
     3.949
     4.514
     4.715
     4.826
     4.889
     3.929
     4.456
     4.057
     4.088
     4.714
     4.773
     3.933
     4.100
     3.810
     4.510
     4.509
     4.114
     4.851
     4.204
     3.924
     5.003
     4.418
     3.853
     4.603
     4.501
     4.354
     4.326
     4.615
     4.446
     3.593
     4.778
     4.481
     4.315
     4.385
     4.354
     4.307
     4.650
     4.773
     4.205
     4.541
     4.134
     3.806
     3.812
     4.493
     3.703
     4.181
     4.643
     4.513
     4.565
     4.320
     4.316
     4.160
     3.662
     4.076
     3.771
     3.778
     4.456
     4.551
     4.587
     4.865
     3.353
     2.782
     4.728
     4.403
     4.026
     3.642
     4.297
     4.791
     4.752
     4.176
     2.860
     4.177
     4.845
     3.479
     3.591
     4.122
     4.178
     4.131
     4.119
     3.805
     4.812
     4.779
     3.506
     4.766
     4.418
     4.301
     3.653
     4.049
     3.758
     4.854
     3.545
     3.148
     3.648
     3.927
     3.627
     4.857
     4.613
     4.299
     3.009
     4.086
     3.763
     4.162
     4.154
     2.746
     4.929
     4.002
     3.765
     4.631
     4.580
     4.053
     5.091
     4.506
     3.298
     4.082
     4.354
     4.690
     4.496
     4.180
     4.036
     4.049
     4.097
     3.964
     4.107
     4.068
     3.748
     4.019
     4.891
     3.394
     4.313
     4.380
     4.333
     4.721
     4.656
     4.623
     4.630
     4.606
     4.125
     4.354
     4.105
     5.136
     4.696
     4.092
     4.070
     4.850
     4.460
     4.583
     3.810
     4.223
     4.465
     4.719
     3.934
     4.762
     4.161
     5.108
     3.794
     4.507
     3.815
     3.317
     3.624
     4.798
     4.019
     3.062
     4.716
     3.262
     3.998
     3.680
     4.204
     2.715
     4.690
     3.988
     3.989
     4.578
     4.631
     3.949
     3.978
     4.107
     4.819
     4.012
     4.580
     4.250
     3.577
     4.199
     3.939
     4.771
     4.092
     3.977
     3.067
     4.728
     4.981
     3.654
     4.584
     4.254
     4.357
     4.533
     4.632
     4.618
     4.930
     3.700
     3.705
     4.919
     3.764
     3.849
     3.721
     4.102
     3.975
     3.314
     4.123
     4.153
     4.328
     3.776
     4.147
     4.096
     4.199
     4.038
     2.857
     4.752
     4.190
     3.981
     4.030
     4.783
     3.982
     4.343
     4.521
     4.162
     4.395
     4.319
     3.854
     4.191
     4.065
     4.044
     4.634
     4.695
     4.623
     5.163
     4.538
     4.593
     4.027
     4.650
     2.447
     4.464
     4.620
     4.704
     4.756
     3.885
     4.541
     4.206
     4.054
     4.958
     3.489
     3.709
     4.842
     4.056
     4.637
     4.030
     4.405
     4.471
     4.051
     4.462
     4.234
     4.745
     3.790
     3.579
     4.390
     2.736
     4.118
     4.609
     4.512
     4.569
     3.851
     4.017
     4.089
     4.149
     4.188
     3.814
     4.368
     3.841
     4.544
     3.967
     3.970
     4.311
     4.184
     3.810
     4.094
     3.726
     3.690
     3.782
     4.731
     4.403
     4.156
     3.527
     4.332
     4.745
     4.684
     4.765
     2.658
     3.097
     3.757
     4.483
     3.951
     2.290
     3.673
     4.739
     4.579
     3.987
     4.795
     3.305
     4.621
     4.228
     4.458
     4.182
     3.937
     4.278
     4.290
     4.087
     4.408
     4.575
     5.044
     4.296
     4.390
     4.332
     3.665
     4.616
     4.485
     3.851
     4.077
     3.609
     4.880
     4.325
     4.258
     3.987
     4.126
     4.091
     4.331
     4.768
     4.526
     3.799
     3.278
     4.242
     4.689
     4.463
     4.194
     4.447
     4.630
     4.295
     4.428
     3.984
     4.038
     4.588
     4.877
     5.232
     4.297
     4.188
     4.429
     4.350
     4.743
     4.793
     3.991
     4.706
     3.449
     3.811
     2.514
     4.139
     4.609
     4.394
     3.948
     4.102
     3.935
     4.632
     3.930
     4.521
     3.677
     3.955
     3.049
     3.825
     4.788
     3.638
     4.587
     4.268
     4.743
     4.795
     4.545
     4.900
     3.341
     2.385
     4.175
     4.475
     4.497
     4.783
     4.311
     4.031
     4.452
     3.941
     4.547
     4.081
     3.521
     4.791
     4.560
     4.270
     4.121
     4.316
     4.132
     4.579
     4.724
     3.150
     3.687
     3.735
     4.332
     4.488
     2.379
     3.271
     4.683
     3.936
     4.409
     3.813
     4.755
     4.344
     4.493
     4.014
     4.326
     4.638
     3.881
     3.859
     4.048
     3.756
     4.029
     4.609
     4.902
     4.689
     4.988
     4.684
     3.965
     3.679
     2.990
     4.780
     4.635
     3.992
     4.875
     3.823
     4.533
     3.527
     3.688
     3.777
     3.986
     3.519
     4.229
     4.566
     4.012
     2.994
     3.995
     4.265
     4.077
     4.283
     4.135
     4.285
     4.000
     4.502
     4.727
     4.770
     4.742
     3.184
     5.187
     4.822
     3.879
     4.234
     4.433
     4.831
     3.965
     4.929
     3.660
     4.528
     4.601
     3.843
     4.457
     4.474
     4.230
     4.532
     4.668
     4.423
     4.787
     4.413
     3.438
     3.805
     4.504
     4.665
     3.691
     4.070
     4.546
     4.221
     4.399
     3.814
     4.876
     4.037
     4.378
     4.548
     4.349
     4.628
     4.407
     4.366
     4.300
     4.170
     4.172
     4.418
     4.449
     3.942
     4.624
     2.474
     4.698
     4.593
     2.809
     4.088
     4.004
     3.954
     5.052
     4.822
     4.405
     4.467
     4.562
     4.631
     4.148
     4.829
     3.904
     4.813
     3.914
     4.331
     4.558
     4.886
     4.133
     4.086
     4.002
     4.119
     4.340
     2.392
     4.687
     4.717
     4.026
     3.149
     4.227
     4.039
     4.282
     4.058
     4.091
     4.104
     4.057
     4.323
     4.613
     4.827
     3.964
     3.249
     3.565
     4.252
     4.419
     4.658
     4.090
     3.692
     4.630
     3.932
     3.693
     4.615
     5.172
     3.721
     4.239
     4.303
     4.244
     4.344
     4.834
     4.835
     4.697
     3.167
     4.535
     5.235
     4.168
     4.055
     4.177
     3.972
     3.987
     3.981
     4.805
     4.868
     3.928
     5.106
     3.198
     2.568
     4.478
     3.856
     4.480
     4.341
     4.364
     4.083
     4.614
     4.044
     3.415
     4.435
     4.236
     4.459
     4.482
     3.578
     4.276
     3.907
     4.274
     4.994
     4.213
     4.098
     4.664
     4.623
     4.636
     4.448
     4.422
     4.482
     3.958
     3.889
     3.992
     4.254
     3.512
     4.151
     4.250
     3.819
     4.410
     3.375
     3.969
     3.914
     4.461
     5.054
     4.055
     4.515
     4.403
     4.412
     4.602
     3.870
     4.891
     4.415
     4.465
     3.706
     4.335
     3.214
     3.559
     4.783
     4.176
     4.499
     4.283
     3.901
     4.611
     4.649
     4.292
     4.194
     4.041
     3.926
     3.946
     3.055
     4.522
     3.782
     4.547
     4.713
     3.521
     3.483
     4.342
     5.200
     4.765
     4.726
     4.550
     3.870
     3.132
     4.836
     4.866
     4.860
     4.261
     4.546
     3.966
     3.691
     4.266
     3.915
     4.592
     5.048
     3.543
     3.846
     4.256
     4.527
     3.973
     3.468
     2.603
     4.865
     4.257
     3.943
     4.316
     4.397
     4.051
     4.583
     4.620
     4.971
     4.352
     4.932
     4.865
     4.046
     3.927
     2.552
     4.154
     3.212
     3.647
     3.693
     3.990
     4.316
     4.343
     4.525
     4.645
     4.610
     3.853
     4.480
     4.038
     4.241
     4.044
     2.419
     4.250
     4.195
     4.666
     2.912
     4.013
     4.270
     4.009
     3.587
     4.145
     4.542
     4.486
     3.959
     4.757
     4.032
     3.798
     4.364
     4.628
     4.554
     4.257
     4.030
     3.855
     4.249
     3.978
     4.468
     3.990
     4.785
     3.470
     4.258
     4.968
     3.951
     3.037
     4.059
     4.857
     4.142
     3.963
     4.511
     4.131
     4.230
     4.704
     4.719
     4.307
     4.569
     4.521
     4.626
     3.876
     4.662
     4.104
     4.153
     4.120
     4.377
     3.796
     4.939
     3.940
     5.052
     4.233
     3.603
     4.511
     4.713
     4.749
     3.811
     4.581
     3.898
     4.538
     4.380
     4.234
     4.694
     4.638
     4.551
     3.837
     4.468
     3.707
     3.155
     3.983
     4.241
     4.260
     4.388
     4.441
     4.220
     4.745
     3.127
     2.609
     4.764
     3.958
     4.228
     4.741
     4.005
     4.373
     4.199
     3.949
     4.302
     4.764
     4.678
     3.295
     3.907
     4.295
     3.204
     5.043
     4.093
     4.407
     4.665
     4.668
     4.344
     3.850
     4.517
     3.910
     4.219
     4.746
     4.740
     4.047
     4.509
     4.035
     4.865
     3.900
     3.885
     4.634
     4.294
     4.327
     4.583
     4.852
     3.799
     3.919
     4.086
     3.992
     4.683
     2.943
     3.980
     4.673
     4.702
     4.440
     4.842
     3.896
     4.553
     4.335
     3.511
     4.575
     4.173
     4.905
     4.048
     4.574
     4.687
     2.549
     3.914
     3.602
     4.080
     4.564
     4.676
     4.630
     3.275
     4.663
     3.170
     5.209
     3.739
     5.165
     4.895
     3.550
     5.056
     3.655
     4.386
     4.240
     3.429
     4.769
     4.572
     3.885
     4.071
     4.510
     3.958
     4.669
     4.064
     4.446
     4.339
     4.042
     3.719
     4.712
     4.086
     4.193
     4.488
     3.821
     4.359
     4.381
     4.462
     4.168
     3.763
     3.109
     3.166
     3.741
     4.261
     4.237
     4.207
     3.588
     4.572
     3.875
     3.611
     4.466
     3.981
     2.563
     3.809
     2.776
     4.277
     4.867
     4.014
     4.520
     3.817
     4.012
     2.951
     3.533
     4.310
     3.947
     3.679
     4.495
     4.581
     4.686
     4.498
     4.342
     3.750
     5.147
     4.203
     3.612
     4.739
     4.024
     3.596
     3.930
     3.713
     4.157
     4.738
     4.046
     2.294
     3.968
     4.474
     3.855
     4.610
     4.271
     4.684
     4.560
     4.366
     4.501
     4.354
     4.774
     4.517
     4.687
     4.168
     4.222
     4.750
     4.712
     3.902
     4.516
     4.829
     3.128
     4.430
     4.715
     4.179
     4.022
     4.414
     4.983
     3.447
     3.706
     4.807
     4.636
     3.886
     4.214
     4.194
     3.827
     4.861
     4.825
     4.028
     4.325
     4.221
     4.826
     3.997
     4.307
     3.969
     4.021
     4.411
     4.311
     3.998
     3.773
     4.085
     4.198
     4.405
     4.559
     3.968
     3.961
     4.261
     4.337
     4.550
     3.868
     3.151
     4.656
     4.235
     4.860
     3.988
     3.526
     4.276
     4.454
     4.261
     3.907
     4.874
     4.634
     4.675
     3.433
     3.861
     4.056
     4.466
     4.215
     2.343
     4.395
     2.446
     4.118
     4.032
     3.396
     4.113
     4.127
     4.353
     4.153
     3.748
     4.474
     4.383
     2.938
     4.007
     2.086
     4.832
     4.537
     4.595
     4.422
     3.663
     3.952
     4.688
     4.470
     4.686
     4.002
     4.800
     4.731
     3.761
     4.022
     4.779
     4.670
     4.192
     4.457
     3.975
     4.790
     4.023
     2.599
     3.859
     4.882
     4.211
     3.785
     4.910
     4.158
     4.554
     4.213
     4.445
     3.807
     4.126
     2.873
     4.676
     4.670
     4.054
     4.281
     4.294
     4.839
     4.473
     5.044
     3.896
     3.208
     4.174
     4.408
     4.621
     4.051
     3.919
     3.945
     4.179
     4.124
     4.454
     3.781
     3.762
     3.850
     4.063
     2.948
     4.084
     3.873
     4.017
     4.052
     4.390
     4.457
     3.803
     4.791
     4.116
     4.458
     3.721
     4.430
     4.069
     3.419
     3.912
     4.161
     4.703
     3.724
     3.956
     3.294
     3.504
     3.793
     3.956
     4.859
     3.962
     4.439
     4.413
     4.486
     3.974
     3.962
     4.454
     3.699
     4.331
     4.132
     4.292
     4.335
     3.631
     4.050
     3.738
     4.550
     4.237
     4.211
     3.946
     3.916
     4.130
     4.211
     4.074
     4.757
     4.255
     4.683
     4.503
     4.277
     4.118
     4.468
     3.957
     3.982
     4.663
     4.252
     4.211
     4.396
     4.385
     4.001
     4.210
     3.970
     3.999
     3.952
     4.496
     3.543
     4.237
     4.150
     4.513
     3.161
     3.689
     3.960
     4.728
     3.979
     3.930
     3.679
     4.258
     4.982
     4.052
     3.846
     3.787
     4.045
     4.738
     4.617
     4.014
     4.169
     3.565
     5.012
     4.316
     4.794
     3.908
     4.101
     4.220
     3.988
     4.371
     4.509
     4.406
     4.093
     3.952
     4.728
     4.730
     3.753
     4.124
     3.942
     3.386
     4.204
     4.661
     4.747
     4.682
     3.611
     3.725
     3.867
     4.223
     4.017
     2.694
     3.747
     4.877
     4.575
     4.428
     4.532
     3.785
     4.473
     3.676
     2.697
     3.875
     2.940
     4.596
     3.906
     4.625
     4.971
     4.134
     4.192
     3.970
     4.845
     4.497
     4.477
     3.926
     4.282
     4.605
     3.895
     3.598
     4.047
     3.880
     4.696
     3.970
     2.858
     4.596
     4.323
     4.322
     3.929
     4.597
     4.242
     4.253
     4.381
     4.424
     4.419
     4.567
     3.285
     3.985
     2.880
     3.281
     3.659
     4.637
     4.094
     4.355
     4.136
     4.947
     4.627
     3.589
     3.736
     4.336
     3.746
     4.484
     3.739
     3.894
     2.402
     4.042
     4.031
     4.341
     3.923
     3.630
     4.686
     4.642
     4.510
     4.089
     4.211
     4.833
     4.610
     4.040
     4.458
     4.696
     4.066
     4.710
     2.926
     3.930
     4.773
     4.199
     3.957
     4.446
     4.635
     4.949
     4.109
     4.029
     4.633
     4.081
     4.081
     3.920
     3.685
     4.292
     4.475
     4.344
     4.967
     3.932
     3.086
     3.884
     2.860
     4.657
     4.146
     3.943
     4.444
     3.967
     4.272
     4.112
     3.924
     3.749
     4.359
     3.976
     4.282
     4.774
     3.783
     4.802
     4.453
     4.059
     4.052
     3.985
     3.980
     4.545
     4.115
     4.766
     4.682
     3.737
     4.044
     4.050
     4.729
     3.779
     4.880
     3.522
     4.261
     3.593
     4.249
     3.908
     4.674
     3.849
     4.623
     4.562
     4.039
     4.107
     4.306
     4.349
     4.622
     4.193
     3.841
     3.901
     4.161
     3.793
     4.763
     3.951
     5.106
     5.092
     3.621
     3.628
     4.492
     2.846
     4.657
     4.281
     4.848
     4.630
     3.411
     3.963
     4.188
     4.053
     4.399
     4.698
     3.662
     4.222
     4.274
     3.551
     4.371
     3.823
     4.710
     4.226
     4.670
     4.264
     4.978
     4.944
     4.036
     4.645
     4.199
     3.853
     4.516
     4.807
     3.925
     3.657
     3.960
     4.090
     3.869
     4.328
     4.675
     4.339
     4.678
     4.315
     4.036
     3.260
     4.858
     4.773
     4.845
     4.159
     4.510
     4.641
     3.994
     4.317
     4.082
     4.615
     2.806
     5.162
     4.082
     3.879
     4.052
     4.510
     3.941
     4.781
     3.778
     4.494
     3.530
     3.898
     3.900
     3.408
     4.479
     5.173
     2.461
     4.417
     4.217
     4.574
     4.543
     4.064
     4.695
     4.630
     4.060
     4.061
     4.341
     4.762
     4.535
     4.237
     4.463
     4.881
     4.970
     4.041
     4.857
     3.040
     4.158
     4.342
     3.653
     3.481
     4.127
     4.132
     4.162
     4.553
     4.226
     3.983
     4.376
     4.785
     4.598
     4.022
     3.042
     4.892
     4.024
     4.708
     4.503
     3.803
     2.948
     4.169
     3.822
     4.495
     4.571
     4.846
     2.743
     4.887
     4.510
     4.191
     4.481
     4.143
     4.028
     4.387
     3.796
     3.948
     3.835
     4.257
     4.458
     4.789
     3.425
     3.683
     3.751
     3.931
