     3.210
     3.232
     3.240
     3.257
     3.258
     3.238
     3.160
     3.081
     3.055
     3.052
     3.034
     3.059
     3.111
     3.139
     3.165
     3.195
     3.212
     3.225
     3.236
     3.253
     3.271
     3.298
     3.307
     3.280
     3.224
     3.156
     3.103
     3.073
     3.054
     3.029
     3.023
     3.006
     2.991
     2.974
     2.989
     2.990
     2.986
     2.968
     2.975
     2.996
     3.109
     3.180
     3.251
     3.315
     3.354
     3.450
     3.523
     3.577
     3.598
     3.582
     3.555
     3.523
     3.520
     3.493
     3.472
     3.435
     3.431
     3.415
     3.386
     3.360
     3.326
     3.316
     3.337
     3.371
     3.380
     3.402
     3.437
     3.462
     3.471
     3.457
     3.433
     3.416
     3.412
     3.399
     3.380
     3.406
     3.451
     3.528
     3.663
     3.786
     3.858
     3.860
     3.809
     3.764
     3.706
     3.639
     3.659
     3.674
     3.780
     3.875
     3.922
     3.948
     3.961
     3.953
     3.913
     3.890
     3.870
     3.873
     3.861
     3.839
     3.711
     3.605
     3.479
     3.407
     3.357
     3.340
     3.361
     3.472
     3.525
     3.609
     3.675
     3.745
     3.766
     3.737
     3.699
     3.683
     3.624
     3.612
     3.515
     3.510
     3.476
     3.462
     3.485
     3.501
     3.499
     3.427
     3.326
     3.211
     3.080
     2.974
     3.005
     3.131
     3.156
     3.133
     3.127
     3.113
     3.101
     3.127
     3.231
     3.276
     3.293
     3.318
     3.409
     3.510
     3.598
     3.678
     3.753
     3.793
     3.820
     3.863
     3.870
     3.813
     3.730
     3.599
     3.499
     3.492
     3.530
     3.569
     3.644
     3.699
     3.686
     3.573
     3.371
     3.110
     2.718
     2.456
     2.270
     2.293
     2.329
     2.365
     2.365
     2.396
     2.431
     2.443
     2.473
     2.514
     2.684
     2.752
     2.825
     2.988
     3.116
     3.337
     3.533
     3.763
     3.941
     4.021
     4.050
     4.070
     4.075
     4.088
     4.073
     4.058
     4.029
     3.994
     3.963
     3.921
     3.896
     3.887
     3.877
     3.851
     3.803
     3.754
     3.702
     3.654
     3.607
     3.550
     3.473
     3.368
     3.332
     3.401
     3.454
     3.463
     3.467
     3.495
     3.589
     3.701
     3.763
     3.790
     3.781
     3.761
     3.697
     3.521
     3.303
     2.929
     2.780
     3.074
     3.259
     3.449
     3.596
     3.712
     3.801
     3.875
     3.888
     3.895
     3.883
     3.868
     3.805
     3.750
     3.700
     3.608
     3.475
     3.342
     3.365
     3.493
     3.527
     3.534
     3.510
     3.492
     3.474
     3.472
     3.486
     3.505
     3.511
     3.502
     3.477
     3.470
     3.457
     3.412
     3.344
     3.280
     3.201
     3.130
     3.070
     3.025
     3.003
     2.984
     2.990
     3.010
     3.029
     3.032
     3.089
     3.140
     3.177
     3.204
     4.195
     2.772
     3.385
     3.848
     3.958
     3.523
     3.869
     3.330
     2.789
     3.692
     3.627
     3.726
     3.827
     3.430
     3.646
     3.356
     3.618
     4.020
     3.342
     3.166
     2.108
     3.271
     4.194
     3.265
     3.865
     3.741
     3.769
     3.101
     3.780
     3.830
     3.611
     3.758
     3.314
     3.082
     3.442
     2.326
     3.565
     3.315
     3.271
     3.574
     3.285
     2.212
     2.886
     3.450
     3.729
     3.653
     3.611
     3.608
     3.493
     3.776
     3.478
     3.073
     4.115
     4.073
     3.391
     3.966
     3.830
     3.892
     3.354
     3.543
     4.040
     3.722
     3.899
     3.893
     4.005
     2.306
     3.581
     3.909
     3.829
     3.340
     3.818
     1.928
     3.794
     3.315
     3.365
     4.060
     3.276
     3.681
     3.367
     3.508
     3.118
     3.195
     2.203
     3.302
     3.986
     3.205
     3.307
     4.366
     4.161
     2.457
     2.673
     3.711
     2.419
     3.230
     3.329
     3.419
     3.102
     3.127
     3.899
     3.652
     3.369
     3.633
     2.283
     3.724
     3.290
     3.197
     3.584
     3.462
     3.266
     3.380
     3.511
     3.580
     3.282
     4.016
     3.804
     3.864
     3.310
     3.298
     3.382
     3.926
     3.612
     3.463
     2.954
     3.411
     3.539
     3.201
     3.518
     3.586
     3.699
     3.380
     3.891
     3.624
     3.274
     3.248
     3.880
     3.059
     3.973
     3.930
     3.661
     2.895
     3.025
     3.846
     3.769
     2.785
     3.712
     3.953
     3.627
     3.294
     3.091
     3.044
     3.739
     2.683
     2.982
     3.421
     3.719
     2.955
     3.428
     3.331
     3.705
     3.854
     3.721
     3.477
     3.429
     3.324
     2.532
     3.850
     3.512
     3.870
     3.023
     3.828
     4.046
     3.619
     3.301
     3.582
     3.284
     2.581
     3.435
     3.242
     3.335
     3.283
     3.850
     3.225
     3.591
     3.823
     3.924
     3.271
     3.352
     3.265
     2.887
     2.304
     3.996
     3.455
     3.483
     4.091
     3.881
     3.676
     3.412
     3.664
     3.351
     3.651
     4.138
     4.046
     3.512
     4.118
     3.283
     3.292
     3.379
     3.984
     3.515
     3.895
     3.512
     4.080
     3.598
     3.730
     3.757
     3.309
     3.426
     3.374
     3.591
     2.459
     3.600
     3.281
     2.898
     4.042
     4.225
     2.746
     3.346
     3.166
     2.577
     2.297
     3.706
     2.308
     3.269
     4.075
     4.004
     3.626
     3.638
     3.892
     2.629
     2.287
     3.990
     3.893
     3.358
     3.919
     3.252
     3.137
     4.184
     3.311
     3.464
     3.737
     3.210
     3.445
     3.321
     3.547
     3.457
     3.789
     3.099
     3.460
     3.425
     3.839
     4.210
     3.495
     3.120
     3.628
     3.621
     3.059
     3.879
     3.950
     2.613
     3.250
     3.855
     4.029
     3.785
     3.729
     2.399
     2.596
     3.787
     4.102
     3.407
     3.382
     3.895
     3.121
     3.561
     3.331
     2.942
     3.657
     3.929
     3.775
     3.391
     3.506
     3.406
     3.515
     3.320
     3.876
     3.497
     3.365
     3.018
     3.376
     3.670
     3.567
     4.190
     3.338
     3.254
     3.729
     3.707
     3.728
     3.936
     3.859
     3.156
     3.588
     3.326
     4.307
     3.294
     3.827
     2.782
     3.423
     3.225
     3.505
     3.726
     3.051
     3.379
     3.881
     3.254
     3.343
     3.810
     3.711
     2.165
     3.333
     3.828
     2.676
     3.399
     3.455
     3.784
     3.304
     3.241
     3.139
     3.940
     4.016
     3.691
     3.846
     3.032
     3.274
     3.303
     3.346
     3.732
     3.546
     2.794
     3.150
     3.371
     3.295
     3.523
     4.046
     3.852
     3.675
     3.930
     3.329
     3.594
     3.545
     3.259
     3.973
     3.199
     2.906
     3.699
     3.298
     3.536
     3.941
     2.483
     3.678
     3.251
     3.706
     3.678
     3.320
     3.219
     2.835
     3.661
     3.774
     3.630
     3.273
     2.019
     4.179
     2.660
     3.027
     3.031
     3.845
     3.803
     3.525
     3.532
     3.538
     3.883
     3.532
     3.743
     3.469
     3.780
     4.001
     3.772
     3.554
     1.993
     3.804
     3.857
     3.942
     3.192
     3.654
     3.100
     3.165
     3.623
     2.581
     2.267
     3.283
     3.287
     3.035
     3.716
     3.497
     3.387
     3.874
     3.634
     3.843
     3.437
     2.343
     2.442
     3.863
     3.742
     2.760
     3.348
     3.496
     3.211
     3.734
     3.476
     3.511
     4.061
     3.532
     3.600
     3.341
     3.751
     3.790
     3.233
     3.253
     3.162
     3.279
     3.635
     4.006
     3.389
     3.570
     3.531
     3.596
     3.570
     3.292
     3.505
     3.598
     3.937
     2.701
     3.765
     3.336
     3.603
     3.549
     3.375
     3.585
     3.351
     3.761
     3.790
     2.891
     3.913
     2.794
     3.314
     2.953
     2.897
     3.580
     3.404
     3.915
     3.703
     3.785
     3.546
     3.082
     3.879
     3.994
     3.715
     3.285
     3.954
     3.932
     3.274
     3.011
     3.707
     2.621
     3.991
     3.494
     3.473
     3.352
     3.631
     3.157
     3.398
     4.041
     3.792
     3.644
     3.595
     2.949
     3.883
     3.602
     2.669
     3.288
     2.987
     3.232
     4.038
     4.030
     3.889
     3.277
     4.037
     3.912
     4.035
     3.694
     3.297
     3.179
     3.689
     3.387
     2.668
     3.405
     1.733
     3.528
     3.472
     3.850
     3.186
     3.313
     3.411
     2.795
     3.108
     3.443
     4.201
     3.349
     3.923
     2.976
     2.822
     3.174
     2.825
     3.503
     3.320
     3.223
     3.574
     3.355
     3.754
     3.819
     2.503
     3.978
     4.348
     3.763
     3.655
     2.357
     3.194
     3.150
     3.389
     3.505
     3.582
     3.323
     3.334
     3.821
     3.406
     3.689
     3.940
     3.285
     3.197
     3.949
     3.906
     2.956
     3.324
     3.458
     3.329
     3.640
     4.002
     3.642
     3.770
     3.982
     3.864
     2.013
     3.958
     2.084
     2.559
     3.615
     3.777
     3.299
     3.000
     3.511
     3.751
     3.723
     3.222
     3.941
     3.256
     3.388
     3.910
     3.901
     4.076
     3.312
     4.158
     3.506
     3.877
     3.205
     3.477
     2.997
     3.373
     3.957
     3.255
     3.670
     3.321
     4.043
     3.937
     3.235
     2.811
     3.759
     3.158
     2.180
     3.307
     3.380
     2.485
     3.411
     3.364
     3.133
     3.656
     3.744
     3.860
     3.394
     3.337
     3.213
     3.809
     2.432
     3.613
     4.081
     3.688
     3.157
     2.605
     3.600
     3.698
     3.080
     3.530
     3.090
     3.379
     3.109
     3.604
     3.383
     3.409
     3.078
     3.124
     4.048
     3.512
     3.514
     3.680
     3.638
     3.194
     3.293
     2.828
     4.125
     3.906
     3.485
     3.378
     3.837
     2.955
     3.888
     3.866
     3.975
     3.416
     3.503
     3.483
     3.554
     1.913
     4.052
     3.452
     3.570
     3.746
     3.691
     3.282
     3.924
     3.301
     3.314
     3.192
     3.817
     3.067
     3.939
     3.904
     3.903
     1.862
     3.912
     3.869
     3.854
     2.153
     3.736
     3.800
     3.714
     4.220
     4.068
     3.457
     3.607
     3.207
     3.030
     3.214
     3.702
     3.603
     3.877
     2.685
     3.782
     3.626
     4.044
     3.803
     3.884
     2.548
     3.453
     4.011
     3.523
     4.068
     3.627
     4.070
     3.901
     3.445
     3.719
     3.297
     3.963
     2.480
     3.661
     4.023
     3.894
     3.381
     3.583
     3.564
     3.808
     2.667
     3.332
     3.157
     3.384
     4.077
     2.788
     3.311
     3.797
     3.758
     4.082
     3.485
     3.862
     3.724
     3.710
     3.917
     3.079
     3.873
     3.429
     4.251
     3.404
     3.702
     3.831
     3.306
     3.288
     2.455
     4.029
     3.318
     3.293
     2.556
     3.815
     3.262
     3.329
     3.577
     3.012
     4.079
     3.431
     3.153
     3.946
     3.789
     3.666
     3.972
     3.347
     3.444
     3.281
     3.725
     3.596
     4.237
     3.875
     3.479
     3.416
     3.828
     2.699
     3.591
     3.697
     3.836
     3.371
     3.523
     3.302
     3.386
     3.336
     3.893
     3.961
     2.505
     4.052
     3.850
     3.171
     3.734
     3.748
     4.067
     3.655
     2.927
     3.696
     3.316
     1.887
     3.699
     3.215
     3.398
     3.600
     3.655
     2.990
     3.902
     4.324
     3.789
     3.454
     3.148
     3.757
     3.965
     3.266
     3.523
     3.286
     3.225
     2.971
     4.078
     3.321
     3.845
     3.425
     1.925
     3.425
     3.336
     3.352
     3.850
     3.717
     3.688
     4.068
     3.747
     1.612
     3.274
     3.364
     3.486
     3.724
     3.372
     3.227
     3.908
     3.188
     3.882
     3.730
     3.474
     2.963
     3.368
     4.070
     3.233
     3.592
     3.684
     3.347
     3.435
     3.726
     2.996
     4.333
     3.018
     3.150
     3.035
     3.678
     3.907
     2.047
     3.606
     4.159
     3.456
     3.796
     3.420
     3.829
     3.812
     3.499
     3.284
     3.161
     3.324
     3.984
     3.570
     3.305
     3.131
     3.204
     3.756
     3.482
     2.047
     4.080
     3.621
     3.497
     3.877
     3.452
     3.348
     3.161
     3.879
     2.911
     3.634
     3.253
     3.390
     3.209
     3.849
     3.561
     3.499
     3.117
     2.602
     3.264
     3.568
     3.925
     3.695
     3.946
     3.532
     2.477
     3.542
     3.308
     3.999
     3.331
     3.522
     3.486
     2.853
     3.207
     3.764
     3.744
     3.436
     3.383
     3.095
     3.063
     3.957
     3.743
     4.029
     2.894
     3.328
     3.258
     2.664
     3.580
     3.561
     3.521
     3.620
     3.642
     4.225
     3.346
     3.130
     3.247
     3.381
     2.631
     3.862
     3.913
     3.976
     3.598
     3.324
     2.223
     3.387
     3.472
     3.470
     3.273
     3.371
     3.735
     3.534
     3.303
     3.328
     3.663
     2.981
     3.847
     3.025
     3.121
     3.482
     3.898
     4.002
     3.422
     3.315
     3.560
     3.412
     3.571
     2.794
     3.621
     4.254
     3.294
     3.341
     3.657
     1.960
     3.656
     4.196
     3.283
     2.029
     3.696
     3.497
     3.932
     3.478
     3.838
     3.509
     3.756
     3.831
     3.855
     2.668
     2.424
     3.558
     3.737
     3.391
     2.977
     3.719
     3.780
     3.311
     2.573
     3.847
     2.710
     3.933
     3.096
     3.395
     4.272
     3.184
     3.526
     2.990
     3.774
     4.028
     3.654
     3.987
     3.796
     3.188
     3.167
     3.741
     3.524
     4.052
     3.638
     3.858
     1.868
     3.514
     3.508
     3.372
     3.513
     3.616
     3.238
     3.645
     3.327
     3.910
     3.753
     3.998
     3.382
     3.627
     3.320
     3.037
     4.276
     3.284
     3.454
     3.679
     3.684
     4.176
     3.383
     3.967
     3.839
     4.067
     3.847
     3.990
     3.448
     3.879
     3.659
     3.736
     3.337
     3.258
     2.780
     3.610
     3.706
     3.151
     3.306
     3.315
     3.549
     3.695
     3.586
     3.156
     2.741
     3.589
     3.460
     2.250
     3.704
     3.669
     3.634
     2.624
     3.193
     2.919
     3.913
     3.693
     3.870
     3.646
     3.534
     3.234
     3.650
     3.565
     3.851
     3.924
     3.181
     3.867
     3.958
     3.176
     3.633
     2.994
     4.007
     3.428
     3.545
     3.548
     4.003
     3.516
     3.869
     3.439
     3.853
     3.284
     3.054
     3.293
     2.217
     3.545
     3.165
     3.509
     2.777
     3.296
     3.847
     3.402
     3.524
     3.328
     2.947
     3.975
     3.496
     3.774
     2.503
     3.178
     3.847
     3.308
     3.809
     3.680
     3.169
     3.473
     3.478
     3.400
     3.281
     3.307
     2.707
     4.013
     2.200
     2.463
     3.770
     3.034
     2.897
     3.314
     3.114
     3.295
     3.546
     2.995
     3.352
     3.420
     3.268
     3.726
     3.190
     3.849
     3.844
     3.605
     3.186
     3.337
     2.995
     3.414
     3.108
     3.947
     3.353
     3.563
     3.228
     3.356
     3.820
     3.506
     3.065
     3.262
     3.431
     3.257
     3.284
     3.863
     3.815
     3.518
     3.915
     3.468
     3.280
     4.077
     3.320
     2.772
     3.331
     3.008
     1.925
     3.858
     3.840
     3.504
     2.940
     3.705
     3.778
     3.095
     2.622
     3.176
     4.220
     3.205
     3.867
     3.323
     3.428
     3.189
     3.437
     3.745
     3.618
     1.851
     3.288
     3.241
     2.656
     3.715
     3.925
     3.615
     2.834
     3.439
     3.596
     3.325
     3.686
     3.175
     3.337
     3.808
     3.021
     3.731
     2.911
     3.217
     3.843
     3.700
     3.445
     3.518
     3.412
     3.498
     3.654
     3.271
     3.699
     3.715
     3.707
     3.649
     2.761
     3.203
     3.701
     3.751
     3.760
     3.508
     3.933
     3.564
     3.998
     3.656
     4.208
     3.561
     3.315
     3.873
     3.918
     3.777
     3.123
     3.558
     3.015
     3.893
     2.625
     3.513
     3.319
     3.596
     3.428
     3.583
     3.112
     3.378
     3.375
     2.794
     3.197
     3.198
     3.254
     3.374
     3.339
     3.527
     3.337
     2.757
     1.850
     3.928
     3.915
     3.742
     3.294
     3.289
     4.125
     3.588
     3.615
     3.868
     3.615
     3.331
     3.368
     3.615
     3.389
     4.232
     3.663
     3.729
     3.821
     3.156
     3.671
     3.375
     3.786
     3.695
     3.291
     3.458
     3.767
     2.463
     3.580
     3.561
     3.092
     4.134
     3.372
     3.486
     3.178
     3.887
     3.919
     2.849
     3.297
     3.672
     3.518
     3.293
     4.292
     3.674
     3.950
     3.809
     3.939
     3.731
     3.908
     3.903
     3.968
     3.616
     2.755
     3.791
     3.942
     1.833
     3.913
     3.024
     4.019
     3.856
     3.372
     3.206
     3.334
     3.957
     3.297
     3.974
     3.417
     3.460
     2.725
     3.994
     3.472
     1.839
     3.291
     3.413
     3.257
     3.388
     3.520
     3.323
     3.699
     3.809
     3.171
     3.685
     3.926
     3.306
     3.299
     3.671
     3.731
     3.293
     2.663
     3.555
     3.266
     3.226
     3.706
     3.625
     3.670
     3.191
     2.673
     2.088
     3.336
     3.412
     3.824
     3.322
     2.627
     3.715
     3.281
     2.911
     3.137
     3.126
     2.208
     2.304
     3.909
     3.588
     3.326
     3.082
     3.464
     4.037
     3.305
     2.693
     3.493
     3.769
     3.655
     3.231
     3.608
     3.254
     3.071
     3.495
     2.488
     3.319
     3.845
     3.503
     3.365
     4.080
     3.120
     3.585
     3.709
     4.022
     3.572
     3.827
     3.756
     3.566
     3.324
     3.391
     4.108
     3.552
     2.487
     2.672
     3.203
     2.470
     3.821
     4.063
     2.484
     3.496
     3.639
     3.576
     3.517
     3.900
     3.634
     3.827
     3.333
     3.330
     2.648
     3.341
     4.022
     3.728
     2.903
     3.808
     3.195
     3.751
     2.689
     3.975
     3.434
     3.526
     3.702
     2.706
     4.092
     3.538
     3.309
     4.040
     4.051
     2.529
     2.235
     2.418
     3.417
     3.656
     3.368
     3.178
     1.906
     3.858
     2.149
     3.724
     3.409
     3.640
     3.720
     3.630
     3.769
     3.363
     3.397
     3.387
     3.993
     3.604
     3.342
     3.745
     2.633
     4.063
     3.182
     3.290
     3.502
     3.212
     3.644
     3.678
     3.383
     2.762
     3.596
     3.065
     3.641
     3.460
     4.198
     3.614
     3.103
     3.713
     3.670
     3.256
     3.409
     3.731
     3.461
     3.280
     3.319
     3.804
     3.695
     3.306
     3.587
     3.080
     3.391
     3.619
     3.877
     3.839
     3.356
     3.045
     3.873
     3.488
     3.831
     3.635
     3.343
     3.706
     3.490
     3.232
     2.995
     3.278
     3.666
     3.429
     3.650
     3.247
     3.382
     2.299
     3.187
     3.764
     3.844
     3.903
     3.465
     3.860
     3.251
     3.086
     3.359
     3.580
     3.983
     3.395
     3.488
     3.950
     3.887
     3.887
     3.955
     3.634
     3.696
     3.839
     3.437
     3.176
     2.372
     4.031
     4.069
     3.315
     3.695
     3.455
     3.097
     3.802
     3.745
     3.627
     3.984
     3.354
     3.775
     3.019
     3.140
     4.015
     3.790
     2.732
     3.876
     3.256
     2.271
     3.469
     3.537
     3.771
     2.815
     3.067
     4.061
     2.686
     4.068
     3.303
     3.700
     3.378
     3.316
     3.936
     3.537
     3.850
     3.628
     3.594
     3.278
     3.327
     3.111
     3.175
     3.659
     3.898
     4.068
     3.392
     3.274
     3.478
     3.114
     2.673
     3.755
     3.943
     3.640
     2.934
     3.786
     2.583
     3.603
     2.563
     3.932
     3.609
     3.154
     3.046
     3.398
     3.352
     3.617
     3.097
     3.874
     3.207
     3.415
     3.086
     3.366
     3.640
     3.342
     3.327
     3.303
     3.898
     3.715
     3.730
     3.840
     2.610
     3.720
     3.261
     3.479
     3.750
     3.473
     2.542
     3.509
     3.939
     3.929
     3.837
     3.737
     2.915
     3.849
     3.797
     3.317
     3.880
     3.634
     4.027
     3.831
     3.704
     3.562
     3.314
     3.112
     2.824
     3.898
     1.883
     2.927
     3.677
     3.551
     4.074
     3.914
     3.367
     3.315
     3.813
     3.808
     3.346
     2.941
     3.445
     3.368
     3.332
     3.399
     3.768
     3.392
     3.680
     3.512
     3.400
     4.285
     2.378
     1.949
     3.779
     3.526
     3.708
     3.327
     3.200
     3.321
     3.298
     3.085
     3.799
     4.031
     3.050
     4.016
     3.726
     3.755
     3.258
     2.605
     3.491
     3.776
     3.288
     3.898
     4.322
     3.331
     3.426
     2.514
     3.235
     3.969
     3.769
     3.350
     3.557
     3.320
     3.766
     3.253
     3.535
     3.325
     3.976
     3.552
     3.903
     3.867
     3.324
     3.639
     2.948
     4.249
     3.724
     2.175
     3.579
     3.510
     3.446
     2.536
     2.602
     3.713
     3.601
     3.382
     3.684
     3.334
     3.658
     4.085
     2.862
     3.101
     3.666
     3.224
     3.756
     3.194
     3.861
     3.920
     3.693
     3.703
     3.283
     3.574
     2.306
     3.599
     2.492
     3.744
     3.007
     3.870
     3.450
     3.526
     3.514
     3.555
     3.921
     3.737
     2.731
     3.705
     2.866
     3.231
     3.357
     3.617
     3.596
     3.241
     3.287
     3.432
     4.038
     3.927
     4.022
     4.008
     3.451
     2.908
     3.533
     3.328
     3.656
     3.865
     3.346
     2.340
     3.398
     3.928
     3.478
     3.712
     3.073
     3.350
     3.333
     3.023
     3.779
     4.133
     3.715
     3.824
     3.514
     3.467
     3.673
     3.815
     3.399
     3.484
     3.400
     3.419
     3.638
     3.053
     3.240
     3.241
     3.818
     3.941
     3.855
     3.439
     2.477
     3.451
     3.443
     4.034
     3.849
     3.544
     3.329
     3.726
     3.614
     3.338
     3.762
     3.756
     2.660
     3.576
     2.251
     2.982
     3.930
     3.430
     4.329
     3.436
     3.910
     3.927
     3.782
     3.757
     3.243
     4.030
     3.742
     3.655
     3.753
     3.256
     3.258
     3.228
     2.542
     3.109
     3.063
     3.521
     3.150
     3.629
     3.589
     3.889
     3.599
     3.438
     3.580
     3.601
     3.611
     3.403
     3.265
     4.154
     4.101
     3.591
     3.540
     4.005
     3.418
     3.382
     3.387
     3.630
     3.499
     3.514
     3.639
     3.323
     3.796
     3.309
     4.127
     3.543
     3.962
     2.017
     3.069
     3.439
     3.816
     3.611
     3.391
     3.085
     3.227
     3.298
     3.051
     2.258
     3.421
     3.907
     3.278
     3.331
     3.288
     3.606
     2.591
     2.133
     3.844
     3.949
     3.928
     3.886
     3.981
     2.999
     3.131
     3.181
     3.304
     4.138
     2.966
     3.114
     3.354
     2.930
     3.817
     3.782
     3.864
     3.264
     3.396
     3.325
     3.131
     3.492
     3.685
     3.574
     3.382
     3.603
     3.689
     3.269
     3.288
     2.708
     2.234
     3.319
     3.653
     3.955
     3.688
     3.113
     3.236
     3.713
     3.980
     3.483
     2.471
     2.601
     3.294
     2.961
     3.159
     3.825
     3.201
     3.459
     3.965
     3.288
     2.462
     2.871
     3.858
     3.057
     3.928
     3.675
     1.907
     3.329
     3.318
     3.945
     3.571
     3.689
     3.178
     3.116
     4.000
     2.989
     3.992
     3.891
     4.124
     3.640
     3.465
     1.814
     3.482
     3.561
     3.529
     2.544
     4.010
     3.784
     3.618
     4.071
     3.966
     3.835
     3.170
     4.117
     3.259
     3.872
     3.375
     3.497
     3.636
     3.904
     3.854
     3.347
     3.293
     4.076
     2.304
     4.068
     3.450
     4.005
     3.344
     3.379
     3.117
     3.217
     3.688
     3.182
     3.963
     3.941
     3.303
     4.102
     3.782
     3.896
     3.890
     3.170
     2.238
     3.036
     3.368
     3.353
     4.345
     3.716
     3.434
     4.090
     3.695
     3.498
     3.245
     3.714
     3.883
     3.644
     3.819
     3.901
     3.941
     3.347
     3.591
     4.074
     3.632
     3.236
     3.922
     3.882
     3.674
     3.344
     3.456
     1.900
     1.966
     4.070
     3.869
     4.283
     3.312
     3.466
     2.390
     3.360
     3.268
     3.268
     3.874
     3.344
     3.324
     3.126
     4.031
     3.402
     3.995
     3.306
     3.965
     3.528
     2.895
     3.896
     3.732
     3.968
     4.057
     3.922
     4.048
     3.169
     3.717
     3.710
     3.805
     4.045
     3.411
     3.965
     3.679
     4.059
     2.523
     3.301
     3.629
     3.481
     3.608
     2.903
     3.739
     3.522
     3.392
     3.881
     3.889
     4.082
     3.786
     3.672
     3.484
     3.439
     3.971
     3.483
     3.986
     3.615
     3.691
     3.515
     3.275
     3.873
     3.442
     3.706
     3.488
     3.720
     3.752
     3.405
     3.639
     3.235
     3.276
     3.956
     4.038
     2.478
     3.319
     3.386
     3.853
     3.954
     3.312
     3.698
     4.091
     4.121
     3.680
     3.247
     4.189
     3.893
     3.282
     3.402
     3.336
     3.673
     3.366
     3.324
     3.071
     2.472
     3.873
     3.974
     3.227
     3.868
     3.854
     4.038
     3.498
     2.883
     3.729
     3.207
     3.090
     3.956
     3.678
     4.050
     3.313
     4.021
     3.872
     3.557
     3.844
     3.387
     3.204
     3.446
     2.474
     3.817
     3.519
     3.760
     2.688
     3.519
     3.754
     3.679
     4.050
     2.739
     3.581
     3.537
     3.311
     2.708
     3.459
     4.074
     3.903
     4.064
     3.732
     3.704
     3.327
     3.449
     3.949
     3.595
     3.866
     1.655
     3.243
     3.689
     3.898
     2.120
     3.210
     3.959
     3.980
     4.026
     3.970
     3.334
     3.991
     3.073
     3.367
     3.571
     3.553
     3.845
     3.680
     3.714
     3.942
     3.295
     3.938
     3.295
     3.716
     2.841
     3.513
     3.013
     4.017
     2.906
     3.841
     3.210
     3.586
     4.072
     3.722
     3.318
     3.370
     3.140
     3.316
     3.249
     3.852
     3.308
     3.533
     3.558
     3.218
     3.265
     3.401
     3.141
     3.344
     2.928
     3.307
     3.207
     3.508
     3.645
     3.837
     3.661
     3.541
     3.622
     3.947
     3.599
     3.175
     3.255
     4.065
     3.597
     3.430
     3.717
     3.204
     2.000
     2.959
     3.162
     2.251
     3.575
     4.042
     3.521
     3.266
     3.723
     3.105
     3.572
     3.868
     3.118
     4.188
     3.520
     3.341
     2.601
     3.658
     2.999
     3.702
     2.612
     3.836
     3.885
     3.479
     2.805
     3.283
     3.678
     3.371
     3.526
     3.609
     3.211
     2.988
     3.912
     3.964
     3.698
     2.547
     3.728
     3.337
     3.369
     4.017
     3.105
     3.312
     3.443
     3.420
     3.548
     3.024
     3.027
     3.550
     3.821
     3.365
     3.360
     3.482
     3.936
     3.473
     3.258
     3.181
     3.346
     3.906
     3.970
     3.555
     3.171
     3.642
     3.306
     3.931
     3.518
     3.315
     3.948
     3.373
     3.805
     3.431
     3.161
     3.078
     3.043
     3.418
     3.444
     3.759
     3.945
     2.802
     3.702
     2.266
     3.419
     2.327
     3.849
     3.257
     3.753
     3.122
     3.713
     3.632
     2.106
     3.380
     3.160
     3.132
     3.550
     3.039
     3.479
     3.264
     3.574
     1.640
     3.918
     3.295
     3.473
     3.617
     3.583
     4.084
     3.892
     3.123
     2.679
     3.034
     3.775
     3.720
     3.993
     3.346
     3.714
     3.568
     3.390
     3.422
     3.005
     3.650
     2.805
     3.775
     4.195
     4.060
     3.837
     4.204
     3.275
     3.598
     3.396
     3.602
     3.601
     3.288
     4.071
     3.228
     3.846
     3.331
     4.057
     3.507
     3.751
     2.956
     3.804
     4.077
     3.402
     3.531
     3.382
     3.211
     2.786
     3.170
     4.220
     3.690
     2.370
     3.328
     4.224
     3.841
     3.411
     3.615
     3.269
     3.473
     3.822
     3.767
     3.814
     3.276
     2.764
     3.651
     3.259
     3.789
     2.216
     3.669
     2.772
     3.250
     3.483
     3.242
     3.592
     3.741
     3.275
     3.736
     3.780
     3.310
     3.730
     3.562
     3.386
     2.318
     3.257
     3.765
     3.513
     3.372
     3.322
     2.918
     3.529
     3.363
     3.852
     3.947
     3.963
     3.363
     4.050
     3.650
     3.703
     3.675
     3.151
     3.978
     3.982
     3.028
     3.798
     3.324
     3.678
     3.369
     3.172
     3.864
     3.779
     3.941
     3.411
     3.097
     3.276
     3.763
     3.415
     4.070
     3.296
     3.509
     3.927
     3.803
     3.923
     2.361
     2.969
     4.180
     3.349
     3.378
     3.820
     3.782
     3.639
     3.947
     3.625
     3.379
     3.459
     3.716
     3.335
     3.833
     3.493
     3.365
     3.741
     3.201
     3.788
     3.317
     3.309
     3.857
     3.144
     3.274
     3.699
     4.062
     3.849
     3.330
     2.409
     2.872
     3.936
     2.932
     3.741
     3.626
     3.574
     3.723
     3.502
     3.898
     3.193
     3.476
     2.293
     3.375
     3.588
     3.914
     2.935
     3.218
     3.376
     3.979
     3.423
     2.664
     3.812
     3.924
     3.291
     3.475
     3.499
     3.334
     3.053
     3.298
     2.409
     3.719
     3.202
     2.947
     2.450
     3.569
     3.166
     4.106
     4.128
     4.059
     3.895
     4.189
     3.698
     3.611
     3.622
     3.920
     3.391
     3.455
     3.110
     3.444
     3.251
     2.927
     3.372
     2.943
     3.760
     3.387
     3.230
     3.768
     3.788
     3.774
     4.125
     3.432
     3.951
     3.293
     3.434
     3.113
     2.273
     4.076
     3.118
     3.659
     3.046
     2.179
     3.631
     3.475
     3.637
     3.321
     4.072
     3.777
     3.930
     3.083
     3.678
     3.511
     3.610
     3.682
     3.320
     3.017
     3.230
     3.042
     3.844
     3.838
     3.729
     3.729
     3.385
     3.756
     3.752
     3.534
     3.163
     3.632
     3.888
     3.147
     3.474
     3.182
     1.593
     3.615
     3.067
     3.213
     3.868
     3.506
     3.188
     3.674
     3.764
     3.679
     3.799
     2.831
     3.974
     3.380
     4.003
     2.070
     3.514
     3.508
     3.284
     3.949
     3.719
     3.289
     3.881
     2.976
     3.519
     3.162
     3.826
     3.317
     3.426
     3.305
     4.004
     3.550
     3.362
     4.075
     3.140
     3.640
     3.839
     4.084
     3.401
     2.484
     3.689
     3.838
     3.623
     3.489
     3.393
     3.806
     3.418
     3.351
     3.105
     3.808
     2.507
     3.266
     3.708
     3.737
     3.173
     3.472
     3.648
     3.738
     3.613
     3.488
     3.324
     3.400
     4.140
     3.754
     3.921
     3.724
     2.113
     2.183
     3.334
     3.901
     3.160
     3.152
     3.209
     4.324
     3.298
     3.460
     3.301
     3.652
     3.633
     1.900
     3.328
     3.232
     3.170
     4.173
     3.238
     3.849
     3.019
     3.032
     3.853
     3.747
     3.122
     3.769
     3.642
     3.337
     3.459
     3.019
     3.309
     3.868
     3.730
     3.736
     3.715
     3.432
     3.325
     2.367
     4.255
     3.289
     3.527
     3.513
     4.035
     3.402
     3.336
     3.568
     3.204
     2.868
     3.560
     3.414
     3.955
     3.482
     3.129
     4.109
     3.029
     3.147
     3.492
     3.128
     3.238
     3.823
     3.377
     2.967
     4.245
     3.721
     4.247
     3.603
     3.052
     3.319
     4.054
     3.852
     3.871
     3.571
     3.819
     3.499
     3.373
     2.596
     3.484
     3.008
     3.308
     3.879
     3.895
     2.990
     3.893
     3.686
     3.736
     3.140
     2.872
     3.128
     3.755
     2.243
     3.459
     2.745
     2.417
     3.984
     3.784
     3.531
     3.911
     3.168
     3.567
     2.029
     3.795
     3.663
     4.360
     3.818
     3.948
     3.498
     3.314
     3.558
     3.225
     3.869
     2.563
     2.429
     3.571
     3.536
     3.769
     3.818
     3.332
     3.630
     3.527
     3.304
     3.052
     2.040
     3.193
     3.650
     3.214
     3.694
     3.809
     3.782
     3.880
     3.850
     3.328
     3.931
     4.029
     3.606
     3.621
     3.004
     3.248
     3.805
     3.822
     2.830
     3.330
     3.011
     3.866
     4.254
     3.642
     3.537
     3.900
     3.764
     3.778
     3.194
     3.176
     3.393
     3.667
     3.724
     3.751
     3.155
     4.033
     4.120
     3.974
     3.943
     3.370
     3.920
     3.805
     3.169
     3.331
     3.377
     3.480
     3.851
     3.835
     3.800
     3.255
     3.510
     3.315
     3.318
     2.952
     3.429
     3.483
     2.398
     3.187
     2.757
     3.852
     3.906
     3.592
     3.293
     3.860
     3.577
     3.004
     3.336
     3.708
     3.836
     3.941
     3.373
     3.865
     3.105
     3.747
     3.756
     3.412
     4.052
     3.342
     3.825
     3.324
     3.383
     3.754
     3.421
     3.948
     2.647
     3.457
     3.711
     3.377
     4.078
     3.432
     3.452
     3.495
     4.015
     3.286
     3.396
     2.708
     3.261
     3.339
     3.340
     2.586
     3.251
     3.360
     3.672
     3.135
     2.764
     3.072
     3.925
     3.997
     3.459
     3.611
     4.003
     3.460
     2.526
     3.276
     3.679
     3.882
     3.259
     3.719
     3.695
     3.578
     3.296
     4.133
     3.738
     4.275
     3.785
     2.506
     3.166
     2.380
     2.696
     3.304
     3.815
     3.632
     3.961
     2.491
     3.509
     3.457
     4.096
     3.494
     3.726
     3.760
     3.258
     3.972
     3.725
     3.714
     3.425
     3.315
     3.985
     3.092
     4.173
     3.955
     3.191
     3.986
     3.247
     3.857
     3.288
     3.321
     3.559
     3.505
     3.326
     2.354
     2.129
     2.320
     4.237
     3.655
     3.901
     3.891
     3.443
     3.609
     3.210
     3.199
     3.699
     3.306
     3.487
     3.888
     3.226
     3.584
     2.810
     3.202
     3.680
     4.029
     3.401
     2.506
     3.845
     2.967
     4.033
     3.711
     3.603
     3.591
     3.605
     3.948
     3.315
     3.680
     3.894
     3.432
     3.731
     3.085
     4.039
     2.781
     4.049
     4.039
     3.532
     3.493
     3.581
     3.886
     3.576
     3.529
     3.764
     3.596
     3.114
     3.189
     3.371
     3.541
     3.529
     3.353
     3.266
     2.015
     3.064
     3.880
     3.691
     3.479
     3.296
     3.725
     3.370
     3.471
     3.728
     3.813
     3.446
     4.049
     3.194
     3.346
     3.920
     3.940
     3.079
     3.560
     3.408
     3.736
     3.606
     2.796
     3.440
     3.882
     3.842
     3.426
     3.107
     3.681
     3.767
     3.638
     3.628
     3.314
     3.497
     3.358
     3.249
     2.954
     4.032
     3.454
     3.265
     3.457
     3.734
     3.531
     4.107
     3.301
     3.080
     2.110
     3.264
     3.529
     4.053
     3.525
     3.220
     3.467
     3.893
     3.879
     3.372
     3.838
     3.652
     2.189
     2.812
     3.978
     3.322
     4.049
     3.630
     3.521
     3.990
     3.808
     3.521
     4.142
     3.472
     3.368
     3.897
     3.533
     3.153
     3.955
     2.248
     3.317
     3.476
     3.332
     2.638
     3.094
     3.307
     3.504
     3.250
     3.453
     3.972
     3.322
     1.625
     3.262
     3.703
     3.616
     3.821
     3.437
     3.384
     3.869
     2.586
     3.332
     2.497
     3.980
     3.862
     3.890
     3.197
     3.403
     2.933
     3.714
     3.504
     3.912
     3.378
     3.976
     4.349
     3.863
     3.655
     3.605
     3.799
     3.980
     3.492
     3.521
     2.092
     3.552
     2.248
     3.521
     3.510
     3.986
     3.819
     3.971
     2.870
     3.237
     2.761
     3.521
     3.477
     4.256
     3.359
     3.280
     3.049
     3.925
     3.924
     2.689
     3.120
     3.498
     3.582
     2.155
     2.784
     3.233
     3.496
     3.448
     3.731
     3.576
     3.019
     3.153
     3.382
     3.229
     3.560
     3.465
     3.075
     3.925
     3.608
     3.243
     3.783
     3.119
     3.609
     4.064
     3.724
     3.697
     3.301
     3.626
     3.611
     3.543
     2.622
     3.790
     3.889
     3.684
     3.372
     3.430
     3.142
     3.362
     3.678
     3.061
     3.637
     3.072
     3.460
     3.152
     3.146
     1.882
     2.994
     3.601
     3.096
     3.143
     3.443
     3.822
     3.276
     3.396
     3.335
     3.308
     3.754
     2.914
     3.332
     3.532
     3.822
     2.990
     2.926
     2.931
     3.253
     3.958
     3.324
     3.485
     3.708
     3.081
     3.318
     2.852
     4.068
     3.551
     4.243
     3.315
     3.055
     3.688
     4.312
     2.911
     4.276
     3.233
     3.396
     3.351
     3.555
     3.446
     3.212
     3.907
     3.765
     3.334
     3.499
     3.512
     3.297
     3.166
     2.683
     3.941
     3.674
     2.724
     3.344
     3.391
     3.094
     3.610
     3.763
     3.887
     3.496
     3.603
     2.163
     3.748
     3.826
     3.218
     3.054
     3.075
     3.605
     2.601
     3.632
     1.889
     3.123
     2.015
     3.280
     3.183
     1.887
     3.282
     3.445
     2.284
     3.191
     3.930
     3.919
     3.549
     3.495
     4.024
     3.428
     3.834
     3.795
     3.388
     3.553
     3.529
     3.509
     3.774
     2.744
     4.268
     3.530
     3.292
     3.878
     3.770
     3.764
     3.290
     3.409
     3.596
     3.651
     3.935
     3.592
     3.442
     3.490
     3.835
     3.282
     2.256
     3.569
     3.719
     3.586
     3.804
     3.252
     3.219
     3.135
     3.590
     3.580
     3.949
     3.292
     3.432
     3.593
     3.472
     3.694
     3.317
     3.262
     2.872
     3.382
     3.238
     3.310
     3.904
     3.244
     3.871
     3.448
     3.556
     3.613
     3.463
     3.707
     3.485
     3.303
     3.907
     3.319
     3.598
     3.094
     3.522
     2.755
     3.696
     3.501
     3.723
     3.384
     3.165
     3.046
     3.845
     3.108
     3.863
     3.624
     3.089
     3.664
     3.888
     3.153
     4.110
     3.428
     4.168
     4.081
     3.289
     3.389
     2.717
     3.371
     3.297
     3.588
     4.130
     3.241
     3.310
     2.296
     3.803
     3.995
     3.545
     3.304
     3.369
     3.577
     3.844
     3.940
     2.710
     3.950
     2.949
     3.460
     2.346
     2.811
     3.308
     3.537
     3.082
     3.215
     3.548
     4.171
     3.341
     3.186
     3.377
     3.361
     3.929
     3.626
     3.302
     3.755
     3.854
     3.127
     3.901
     3.313
     3.562
     4.076
     3.774
     4.076
     3.819
     3.843
     3.633
     2.883
     4.245
     2.390
     2.731
     3.832
     3.904
     3.314
     3.820
     3.613
     3.633
     3.458
     3.495
     3.336
     3.946
     2.454
     3.149
     3.769
     3.952
     3.306
     3.278
     2.224
     3.620
     3.219
     3.212
     3.401
     3.910
     4.030
     3.355
     3.669
     4.151
     3.709
     4.091
     3.376
     3.178
     3.555
     3.324
     3.560
     3.817
     3.550
     3.570
     2.033
     3.334
     3.469
     3.380
     2.928
     3.579
     3.864
     2.725
     3.930
     3.990
     4.315
     3.399
     3.565
     3.263
     3.092
     3.304
     2.301
     4.062
     3.633
     3.082
     3.313
     3.849
     3.287
     3.294
     3.336
     3.143
     3.812
     3.623
     2.911
     3.302
     3.701
     3.267
     3.630
     3.311
     3.937
     3.697
     3.336
     3.950
     3.063
     4.242
     2.663
     3.240
     4.098
     3.540
     3.598
     3.717
     3.823
     3.285
     3.053
     3.304
     3.280
     3.432
     4.242
     3.354
     3.954
     3.056
     3.685
     3.577
     3.891
     3.606
     3.530
     3.299
     3.656
     3.876
     3.379
     3.667
     3.653
     2.866
     3.094
     3.250
     3.279
     3.427
     3.509
     3.321
     3.500
     3.654
     3.642
     3.690
     3.801
     3.754
     3.878
     3.506
     3.686
     3.885
     3.231
     3.776
     3.620
     3.937
     3.349
     3.687
     3.767
     3.557
     3.174
     2.760
     3.478
     3.386
     2.553
     3.208
     3.050
     3.443
     3.794
     2.004
     3.068
     3.732
     3.062
     3.561
     3.844
     3.525
     3.629
     3.899
     3.702
     3.693
     3.901
     3.254
     3.516
     3.621
     3.220
     3.748
     3.281
     3.554
     3.826
     3.579
     4.027
     3.863
     3.247
     3.732
     3.586
     4.360
     3.195
     3.337
     3.599
     3.814
     4.021
     3.823
     3.248
     1.885
     3.611
     3.371
     3.567
     3.512
     3.316
     2.886
     3.314
     3.333
     3.390
     3.543
     3.224
     3.402
     3.644
     3.895
     3.372
     3.552
     3.561
     3.653
     3.296
     3.275
     3.613
     3.122
     2.686
     4.024
     3.475
     2.628
     3.730
     2.830
     3.303
     3.053
     3.394
     3.267
     3.276
     3.595
     3.040
     3.758
     3.865
     3.335
     2.473
     3.848
     3.792
     2.738
     3.269
     3.585
     3.329
     3.609
     3.878
     3.705
     3.211
     3.985
     3.327
     3.854
     3.965
     3.167
     3.951
     3.610
     3.221
     2.716
     3.830
     3.333
     3.357
     4.221
     3.752
     3.530
     3.631
     3.441
     2.971
     3.712
     3.122
     3.377
     4.065
     3.849
     3.507
     3.487
     3.051
     3.854
     3.319
     4.099
     3.184
     4.163
     3.775
     3.437
     3.653
     3.926
     3.973
     3.088
     3.326
     3.058
     3.644
     3.606
     3.969
     3.300
     3.224
     3.441
     3.556
     3.168
     3.717
     3.002
     3.538
     3.591
     2.474
     3.553
     3.272
     3.357
     4.371
     3.358
     3.920
     4.239
     3.762
     2.750
     3.747
     4.250
     3.894
     4.181
     2.778
     2.277
     2.905
     2.281
     3.817
     3.330
     3.791
     3.459
     3.637
     3.304
     3.932
     2.849
     4.013
     3.652
     2.103
     3.593
     3.219
     3.543
     2.455
     3.477
     3.549
     2.983
     2.940
     3.325
     3.702
     3.582
     3.232
     3.368
     3.335
     2.686
     2.479
     3.623
     3.920
     3.632
     2.968
     3.596
     3.356
     3.900
     2.708
     3.164
     3.323
     3.515
     4.066
     3.751
     3.457
     3.433
     3.503
     3.219
     3.797
     3.272
     2.960
     3.350
     3.688
     3.244
     3.715
     2.532
     3.689
     3.474
     2.824
     3.703
     3.250
     2.919
     3.225
     3.522
     3.675
     4.061
     3.652
     3.426
     3.835
     3.534
     3.898
     3.507
     3.751
     3.303
     3.763
     3.473
     2.969
     3.029
     3.564
     3.421
     3.221
     3.622
     3.669
     3.094
     3.832
     3.506
     3.707
     3.538
     2.690
     3.301
     3.345
     3.113
     3.112
     3.688
     3.149
     3.948
     3.890
     3.785
     3.699
     3.389
     3.544
     2.849
     3.747
     3.542
     3.737
     3.586
     4.145
     4.070
     3.297
     3.268
     3.396
     2.831
     3.650
     3.313
     4.217
     1.840
     3.124
     4.004
     3.880
     3.322
     3.957
     2.803
     3.261
     3.003
     2.430
     3.591
     3.463
     3.635
     3.426
     3.325
     3.134
     3.736
     3.264
     3.195
     2.975
     3.295
     3.281
     3.686
     3.117
     3.919
     2.619
     3.786
     3.717
     2.185
     2.143
     3.263
     3.148
     3.584
     3.263
     2.507
     3.162
     3.730
     3.368
     3.852
     3.952
     3.334
     4.293
     3.942
     3.684
     3.019
     3.818
     3.221
     2.566
     3.284
     3.722
     3.303
     3.399
     3.220
     3.175
     2.371
     3.338
     3.449
     3.788
     3.377
     3.598
     4.063
     3.240
     3.216
     4.071
     3.880
     3.576
     3.440
     2.380
     2.682
     2.997
     3.885
     4.143
     3.016
     3.382
     3.912
     3.259
     3.213
     3.545
     3.468
     2.191
     3.021
     4.070
     3.612
     3.314
     3.437
     4.012
     3.648
     3.576
     2.847
     3.758
     3.586
     2.360
     3.326
     3.429
     3.447
     3.813
     4.057
     4.005
     3.130
     3.478
     3.503
     3.264
     3.411
     3.942
     3.324
     3.787
     3.884
     3.157
     3.273
     3.935
     3.880
     3.917
     3.805
     3.034
     3.179
     4.279
     3.184
     4.036
     3.701
     3.567
     3.536
     2.945
     2.638
     2.860
     3.422
     3.840
     3.766
     3.373
     3.431
     3.946
     3.663
     3.378
     3.499
     3.836
     3.530
     3.711
     3.948
     3.307
     3.664
     3.040
     3.761
     3.657
     3.661
     3.359
     3.419
     3.396
     3.280
     3.850
     2.024
     3.304
     3.750
     3.327
     3.946
     3.434
     3.304
     3.314
     2.624
     3.748
     4.131
     3.796
     3.891
     2.865
     3.986
     2.813
     3.784
     3.322
     3.681
     3.484
     3.188
     3.995
     3.903
     3.353
     2.885
     3.918
     3.512
     4.024
     3.013
     3.407
     3.279
     3.583
     3.980
     3.323
     3.959
     4.076
     3.139
     3.507
     3.572
     3.038
     3.738
     3.830
     3.514
     3.701
     3.991
     3.451
     3.650
     3.912
     3.692
     3.085
     3.408
     3.445
     3.182
     3.575
     3.778
     3.566
     3.334
     2.144
     3.801
     3.797
     3.122
     2.388
     3.718
     3.701
     3.044
     2.166
     4.079
     3.487
     3.995
     3.316
     4.015
     2.502
     2.327
     4.231
     2.531
     3.915
     3.890
     3.801
     3.907
     3.241
     3.221
     3.299
     3.284
     3.727
     3.543
     2.856
     3.704
     3.320
     3.749
     3.284
     3.985
     3.517
     3.221
     3.350
     3.272
     2.555
     3.903
     3.331
     3.772
     3.854
     3.175
     3.984
     3.799
     3.840
     4.009
     3.592
     3.372
     3.837
     2.832
     3.627
     3.340
     3.313
     2.974
     3.325
     3.200
     3.438
     3.339
     3.856
     3.562
     2.359
     3.712
     3.205
     3.710
     3.011
     3.552
     3.253
     3.875
     3.321
     3.941
     3.656
     3.936
     3.439
     3.917
     2.774
     3.267
     3.007
     3.655
     3.044
     4.101
     3.925
     3.840
     3.519
     4.026
     3.475
     3.139
     3.114
     3.676
     2.533
     3.319
     3.063
     3.848
     3.853
     3.295
     3.900
     3.703
     1.376
     3.598
     3.297
     3.972
     3.460
     3.695
     3.926
     3.941
     3.756
     3.841
     3.812
     3.312
     3.190
     3.208
     3.611
     3.808
     3.608
     3.410
     3.307
     3.304
     3.345
     3.831
     3.512
     3.610
     3.916
     3.071
     3.919
     3.476
     3.257
     3.675
     3.311
     3.322
     3.515
     3.496
     3.911
     3.686
     3.024
     3.286
     3.025
     2.904
     2.923
     3.451
     3.281
     3.872
     3.385
     3.526
     2.838
     3.741
     3.918
     3.211
     3.697
     3.582
     3.941
     3.295
     2.495
     3.161
     3.522
     3.567
     3.859
     3.267
     3.827
     2.988
     3.908
     2.376
     3.538
     4.151
     3.581
     3.407
     3.283
     3.674
     3.715
     3.350
     3.878
     3.893
     3.165
     3.385
     3.819
     3.733
     2.680
     3.734
     3.305
     3.665
     3.701
     3.689
     3.299
     3.317
     3.573
     3.433
     1.784
     3.731
     2.818
     3.797
     3.187
     4.028
     3.998
     3.584
     3.445
     3.526
     3.560
     2.264
     3.400
     4.090
     3.526
     3.501
     3.776
     3.708
     3.971
     4.224
     3.448
     2.947
     3.473
     3.285
     4.091
     3.542
     3.400
     3.200
     1.997
     3.694
     3.751
     3.401
     3.503
     3.298
     3.500
     3.320
     3.750
     3.793
     3.309
     3.702
     3.564
     4.031
     3.602
     3.239
     3.715
     3.501
     3.967
     2.801
     2.664
     4.102
     4.217
     3.211
     3.273
     3.355
     2.522
     3.793
     3.255
     3.313
     3.388
     3.871
     3.817
     4.046
     3.917
     3.932
     3.759
     3.886
     2.943
     3.125
     3.665
     3.402
     3.366
     3.703
     1.841
     3.505
     3.745
     3.712
     3.709
     3.759
     3.370
     3.537
     3.696
     3.239
     3.121
     2.997
     2.695
     3.669
     3.282
     3.692
     3.098
     3.888
     3.918
     3.719
     3.313
     3.290
     2.811
     3.722
     3.347
     3.847
     3.314
     3.209
     3.340
     2.193
     3.114
     3.748
     3.282
     3.783
     3.643
     3.955
     4.046
     3.886
     3.027
     3.038
     3.243
     3.768
     3.471
     3.614
     3.323
     3.334
     3.717
     3.948
     3.652
     3.653
     3.478
     3.651
     2.984
     2.360
     3.339
     3.045
     3.685
     4.078
     3.148
     3.621
     3.918
     3.849
     2.566
     3.822
     2.554
     1.939
     3.391
     1.879
     3.165
     3.496
     4.055
     3.710
     2.914
     3.198
     3.441
     3.315
     3.399
     3.455
     3.331
     3.021
     3.484
     3.827
     3.836
     3.810
     3.469
     3.998
     3.687
     3.176
     3.854
     3.228
     3.593
     3.568
     3.392
     4.115
     3.455
     3.695
     3.344
     3.605
     3.216
     3.334
     3.173
     3.978
     2.968
     4.037
     3.934
     3.082
     3.403
     3.789
     3.371
     3.053
     2.818
     2.032
     3.460
     3.740
     3.423
     3.046
     2.929
     3.632
     3.039
     3.211
     3.585
     3.853
     3.217
     3.313
     2.920
     3.349
     3.245
     2.885
     2.810
     3.606
     3.986
     3.507
     3.915
     3.676
     3.476
     3.678
     3.536
     3.428
     3.970
     3.909
     3.232
     3.729
     3.397
     3.377
     2.898
     3.725
     3.669
     3.677
     3.292
     3.353
     3.710
     3.337
     3.132
     3.401
     3.343
     3.415
     3.638
     3.785
     3.304
     3.334
     3.333
     3.661
     3.919
     2.333
     3.544
     3.565
     3.307
     3.526
     2.186
     3.757
     4.109
     3.813
     3.701
     3.267
     3.619
     3.691
     3.576
     3.510
     3.573
     3.272
     3.085
     2.720
     4.076
     3.512
     3.063
     3.802
     3.517
     3.756
     4.094
     3.903
     3.924
     4.045
     3.247
     3.980
     3.870
     3.273
     3.213
     3.307
     3.499
     3.786
     3.611
     3.565
     2.644
     3.855
     3.845
     2.599
     3.768
     3.339
     3.852
     3.586
     3.783
     4.083
     3.355
     3.921
     3.258
     3.382
     3.006
     3.693
     3.675
     3.238
     2.695
     3.147
     3.905
     3.077
     3.569
     3.083
     2.146
     3.774
     3.248
     2.955
     3.642
     2.073
     3.678
     3.572
     3.596
     3.456
     3.097
     2.637
     3.340
     3.411
     3.360
     3.869
     4.128
     3.518
     3.647
     3.272
     3.398
     3.806
     3.751
     3.828
     2.560
     2.935
     3.324
     3.882
     3.793
     3.633
     3.640
     3.376
     3.628
     3.703
     3.447
     3.632
     3.689
     3.153
     2.268
     3.481
     3.469
     3.700
     3.596
     3.261
     3.192
     3.170
     2.509
     2.833
     4.249
     3.761
     4.009
     3.672
     2.149
     3.101
     3.728
     3.475
     2.838
     3.523
     3.501
     3.892
     3.597
     3.322
     3.866
     3.528
     3.439
     3.579
     3.359
     3.242
     3.451
     3.511
     2.382
     3.214
     3.895
     3.231
     3.951
     3.340
     2.513
     3.655
     3.455
     3.658
     3.871
     3.942
     3.791
     3.780
     3.431
     3.294
     3.380
     3.372
     3.141
     2.564
     3.989
     3.522
     3.354
     3.277
     3.571
     3.326
     3.479
     3.017
     3.225
     4.030
     3.336
     3.765
     3.307
     3.320
     3.898
     2.993
     3.313
     3.524
     3.832
     3.820
     3.766
     2.250
     3.334
     3.238
     2.393
     3.319
     3.284
     3.551
     3.304
     3.736
     3.244
     3.904
     3.946
     3.540
     3.938
     3.531
     3.570
     3.596
     3.774
     3.448
     3.912
     2.778
     3.787
     1.954
     3.519
     3.375
     3.496
     3.239
     3.405
     3.089
     3.795
     3.448
     3.414
     3.579
     3.537
     3.529
     3.449
     3.075
     3.962
     3.291
     3.681
     3.424
     3.312
     3.332
     3.079
     3.135
     3.718
     3.885
     3.688
     3.718
     3.528
     3.715
     3.329
     3.289
     3.523
     3.977
     3.736
     4.171
     3.690
     3.297
     3.263
     3.720
     4.001
     2.878
     4.023
     4.026
     3.899
     3.338
     3.940
     3.770
     3.636
     3.534
     3.276
     3.963
     3.970
     3.158
     3.919
     3.864
     3.507
     3.670
     3.654
     3.398
     3.248
     2.871
     3.781
     3.211
     3.360
     3.582
     3.036
     3.550
     3.905
     3.985
     3.643
     3.783
     3.378
     2.602
     2.843
     3.431
     3.377
     3.262
     2.496
     3.546
     4.207
     3.119
     3.289
     3.579
     3.372
     3.760
     3.139
     3.507
     3.640
     3.128
     3.677
     3.148
     3.914
     3.091
     3.831
     3.989
     3.891
     3.986
     4.144
     3.791
     3.313
     3.880
     3.030
     3.389
     2.928
     3.618
     4.066
     3.318
     3.722
     3.843
     2.908
     3.404
     3.208
     3.952
     3.196
     3.286
     3.320
     3.946
     2.451
     3.720
     3.725
     3.598
     3.329
     3.560
     3.635
     2.743
     3.307
     2.622
     3.916
     3.895
     3.877
     3.466
     3.743
     4.000
     3.675
     3.021
     3.993
     3.793
     3.930
     2.737
     3.220
     3.800
     3.861
     3.586
     3.218
     3.714
     3.063
     2.453
     3.303
     3.755
     2.137
     3.740
     3.184
     3.842
     3.721
     3.260
     3.400
     3.692
     3.435
     3.620
     3.199
     3.362
     3.618
     2.783
     2.812
     3.529
     2.415
     4.058
     3.543
     3.721
     2.615
     3.364
     3.366
     3.377
     4.098
     2.979
     3.353
     3.841
     3.626
     3.262
     3.544
     3.600
     2.130
     3.921
     3.733
     3.963
     3.969
     3.709
     3.739
     3.223
     3.756
     3.704
     3.701
     3.087
     3.115
     3.118
     3.616
     2.257
     3.920
     3.779
     3.842
     3.617
     3.505
     3.801
     3.343
     3.127
     3.133
     3.408
     3.043
     3.399
     3.811
     4.020
     3.549
     3.101
     3.810
     3.523
     3.335
     3.293
     4.070
     2.625
     3.314
     3.874
     3.550
     2.567
     2.166
     3.825
     3.701
     3.022
     3.616
     3.897
     3.835
     3.608
     4.063
     3.297
     4.160
     3.999
     3.559
     3.266
     3.505
     3.727
     3.602
     1.979
     3.579
     3.155
     3.419
     3.357
     3.531
     2.677
     4.052
     3.180
     3.606
     3.201
     2.773
     3.506
     2.960
     3.433
     2.121
     3.964
     3.644
     3.598
     2.934
     3.395
     3.907
     3.548
     3.521
     3.156
     3.527
     3.293
     3.268
     3.730
     2.781
     2.820
     3.692
     3.397
     3.753
     3.688
     2.886
     3.731
     3.421
     3.184
     2.812
     3.895
     3.538
     3.701
     3.470
     3.269
     4.109
     2.641
     3.633
     3.363
     3.836
     3.785
     3.234
     4.189
     3.369
     3.838
     3.616
     2.901
     3.834
     3.271
     3.378
     3.382
     2.428
     3.744
     3.227
     3.478
     3.685
     3.357
     2.705
     3.372
     3.987
     3.845
     3.665
     3.124
     3.653
     3.845
     3.303
     3.346
     3.637
     3.796
     3.101
     2.271
     3.390
     3.314
     2.879
     3.924
     2.562
     3.640
     3.458
     3.868
     2.836
     3.470
     3.238
     3.524
     3.343
     3.881
     3.379
     3.811
     3.361
     3.473
     3.932
     3.669
     3.711
     3.856
     3.322
     2.125
     3.574
     3.416
     3.332
     3.899
     3.893
     3.403
     3.603
     3.365
     2.410
     3.636
     3.223
     3.853
     3.189
     3.558
     3.373
     3.595
     3.495
     4.066
     3.783
     3.309
     4.279
     3.638
     3.344
     3.619
     3.358
     3.893
     3.316
     4.007
     2.839
     3.240
     3.609
     3.174
     3.345
     3.634
     2.475
     4.035
     3.388
     3.388
     3.534
     3.519
     3.335
     3.327
     2.892
     3.753
     3.613
     3.875
     3.081
     3.277
     3.480
     3.502
     1.749
     3.938
     3.347
     3.981
     3.932
     3.571
     2.725
     3.604
     3.956
     3.913
     3.209
     2.600
     4.116
     2.998
     3.334
     3.738
     3.741
     3.524
     3.787
     2.877
     3.304
     3.704
     3.451
     3.512
     3.869
     3.301
     3.268
     3.797
     4.026
     4.003
     3.456
     4.155
     3.454
     3.755
     3.362
     4.006
     3.338
     3.445
     2.134
     3.128
     3.974
     3.502
     3.163
     3.891
     3.467
     3.151
     3.417
     3.637
     3.656
     3.362
     4.056
     3.249
     3.750
     3.401
     3.808
     4.029
     3.289
     3.720
     3.769
     3.278
     2.939
     3.997
     3.673
     3.379
     3.477
     3.047
     3.649
     2.160
     3.317
     4.018
     3.401
     3.522
     3.677
     3.522
     3.918
     3.245
     3.614
     3.891
     3.866
     2.451
     3.510
     3.735
     2.619
     3.230
     3.249
     3.932
     3.649
     3.602
     3.775
     3.296
     3.410
     3.314
     3.941
     3.445
     3.381
     3.712
     3.841
     3.693
     3.215
     3.039
     3.924
     3.194
     3.294
     4.260
     3.332
     3.308
     3.908
     3.417
     2.961
     3.804
     3.461
     3.723
     3.280
     3.244
     3.472
     3.859
     3.650
     3.589
     3.722
     3.417
     3.040
     4.265
     3.750
     4.213
     3.201
     1.884
     3.908
     2.799
     2.271
     3.716
     2.716
     3.617
     3.010
     3.661
     3.125
     3.663
     3.331
     2.847
     3.417
     3.452
     3.927
     3.652
     3.623
     3.388
     4.047
     3.325
     3.908
     3.870
     3.222
     3.766
     3.489
     3.647
     3.047
     2.771
     3.867
     3.615
     3.549
     3.123
     2.316
     3.549
     3.391
     3.657
     3.693
     3.122
     3.469
     2.719
     3.382
     3.479
     1.845
     2.879
     4.108
     3.558
     3.299
     3.342
     3.422
     3.500
     2.341
     2.793
     3.495
     3.589
     3.323
     2.130
     3.021
     3.673
     4.158
     3.516
     3.388
     3.215
     3.396
     3.656
     4.044
     3.705
     3.871
     3.481
     3.591
     3.577
     3.456
     3.571
     3.970
     3.645
     3.531
     3.861
     3.827
     3.606
     3.531
     3.530
     3.416
     3.380
     3.045
     3.306
     3.655
     3.712
     3.153
     2.099
     3.478
     3.406
     3.925
     3.511
     3.281
     3.318
     3.740
     3.543
     4.037
     3.809
     2.943
     3.336
     3.617
     3.494
     4.105
     3.550
     3.940
     4.054
     3.375
     2.691
     3.562
     3.491
     3.301
     3.564
     3.671
     3.197
     3.374
     3.188
     3.756
     3.720
     3.680
     3.556
     3.646
     2.404
     3.439
     3.379
     3.331
     4.177
     3.514
     3.231
     4.036
     3.347
     3.910
     3.295
     3.731
     3.912
     4.061
     3.307
     3.011
     3.894
     3.507
     3.136
     3.641
     3.385
     3.340
     3.365
     3.469
     3.955
     3.347
     3.589
     3.203
     3.274
     3.258
     3.444
     3.291
     3.460
     3.794
     1.969
     3.749
     3.667
     3.137
     3.125
     3.763
     3.355
     3.432
     3.670
     3.456
     3.680
     3.797
     3.680
     2.463
     3.344
     3.403
     3.437
     3.314
     3.604
     4.068
     3.388
     3.482
     3.822
     3.504
     3.311
     3.940
     3.873
     4.000
     3.303
     3.264
     3.246
     3.220
     3.593
     3.962
     3.101
     3.482
     3.399
     3.663
     3.762
     2.340
     3.906
     3.507
     3.179
     3.150
     3.541
     3.493
     2.015
     2.676
     4.045
     3.570
     3.069
     3.646
     3.332
     3.390
     3.737
     3.726
     3.325
     3.659
     3.708
     3.985
     3.822
     1.943
     3.607
     2.890
     3.728
     3.589
     3.183
     3.319
     3.600
     2.463
     3.583
     3.327
     2.408
     3.824
     3.315
     3.547
     3.737
     3.084
     3.479
     2.945
     3.162
     3.478
     3.800
     3.309
     3.526
     4.223
     2.653
     3.819
     4.008
     3.808
     3.538
     3.455
     3.769
     2.951
     3.653
     3.672
     3.649
     3.893
     3.924
     3.772
     3.769
     4.067
     1.907
     3.099
     2.527
     3.504
     3.816
     3.540
     3.224
     3.263
     3.913
     3.696
     3.254
     3.893
     3.238
     2.662
     3.015
     3.842
     3.206
     3.707
     3.409
     3.187
     3.464
     4.111
     2.479
     3.983
     2.368
     3.843
     3.644
     3.667
     3.021
     3.784
     3.618
     3.310
     3.275
     3.666
     3.948
     3.875
     3.117
     1.896
     3.583
     3.390
     3.978
     3.286
     3.932
     3.315
     3.613
     3.328
     2.640
     3.463
     3.461
     3.476
     3.642
     3.867
     2.626
     3.710
     3.572
     3.645
     3.196
     3.658
     4.023
     3.909
     4.120
     3.991
     2.552
     3.714
     3.711
     3.723
     3.781
     3.621
     3.757
     3.275
     3.159
     3.312
     3.284
     2.223
     3.363
     3.241
     2.301
     3.260
     3.624
     3.867
     3.878
     3.609
     3.768
     2.186
     3.959
     3.702
     3.162
     3.561
     3.613
     3.719
     3.966
     4.033
     3.312
     3.332
     2.867
     3.660
     3.541
     3.540
     3.299
     3.078
     3.393
     3.401
     4.140
     3.870
     2.749
     3.426
     3.736
     3.723
     3.410
     2.564
     2.001
     3.048
     3.532
     3.786
     3.468
     3.923
     3.293
     4.203
     2.940
     3.535
     3.617
     3.296
     2.504
     3.234
     3.183
     3.700
     1.902
     4.065
     3.937
     3.794
     2.585
     3.169
     4.059
     3.570
     3.241
     3.337
     3.645
     3.699
     3.939
     3.286
     3.876
     3.760
     3.498
     3.607
     2.518
     4.280
     3.319
     3.352
     3.474
     3.643
     3.227
     3.546
     2.188
     3.349
     3.640
     3.397
     3.305
     3.601
     3.355
     3.149
     3.260
     2.297
     2.915
     3.162
     4.045
     3.122
     3.483
     3.560
     2.211
     2.627
     1.940
     3.554
     3.599
     3.394
     3.187
     2.769
     3.161
     2.912
     4.071
     3.475
     3.856
     3.615
     1.676
     3.895
     3.746
     3.496
     3.587
     3.657
     3.905
     3.688
     3.849
     3.360
     3.986
     2.263
     3.303
     3.933
     4.035
     3.248
     3.176
     3.944
     3.693
     3.384
     3.971
     4.103
     3.401
     3.570
     3.552
     3.071
     3.308
     3.284
     3.837
     4.070
     3.663
     3.224
     3.156
     3.151
     2.809
     3.256
     4.178
     3.557
     3.799
     3.351
     2.221
     3.815
     3.815
     3.237
     3.227
     4.052
     3.143
     3.636
     3.151
     3.321
     3.240
     3.287
     2.985
     2.818
     3.900
     3.221
     3.923
     3.987
     3.772
     3.939
     3.883
     3.358
     4.066
     3.410
     3.111
     3.771
     3.345
     3.238
     3.897
     3.179
     3.382
     3.883
     3.684
     3.388
     3.601
     3.105
     3.403
     3.413
     3.692
     3.569
     3.289
     3.623
     4.060
     3.852
     3.408
     3.197
     3.340
     3.627
     2.207
     3.745
     3.736
     3.859
     3.826
     3.782
     3.287
     3.026
     3.969
     3.758
     3.984
     4.024
     3.467
     3.740
     3.714
     3.619
     3.228
     3.534
     3.369
     3.107
     4.020
     3.641
     3.203
     4.026
     3.325
     3.947
     3.677
     3.337
     3.643
     4.029
     3.802
     3.473
     3.612
     3.622
     3.214
     3.299
     4.324
     3.059
     4.148
     3.155
     3.808
     4.085
     4.077
     4.018
     3.468
     3.904
     2.652
     3.890
     2.693
     3.582
     3.493
     3.156
     4.030
     3.239
     3.629
     3.694
     3.787
     3.797
     3.241
     4.267
     3.275
     3.353
     2.733
     4.311
     3.858
     3.883
     3.126
     3.310
     3.860
     4.027
     3.610
     2.708
     3.731
     3.772
     3.549
     4.056
     3.677
     2.961
     3.824
     3.428
     3.074
     3.552
     2.114
     4.046
     3.073
     2.403
     3.881
     3.638
     2.850
     3.664
     3.622
     3.707
     3.353
     3.012
     4.087
     2.826
     3.594
     3.829
     3.303
     4.035
     3.336
     1.966
     3.733
     3.758
     3.499
     3.617
     3.482
     3.966
     4.071
     3.561
     3.449
     3.929
     3.686
     3.163
     2.386
     3.369
     4.059
     2.280
     3.769
     3.612
     3.886
     3.525
     3.894
     1.875
     3.840
     3.933
     3.593
     3.872
     2.967
     3.896
     3.946
     4.133
     3.952
     3.337
     3.893
     3.573
     3.124
     3.699
     3.649
     3.786
     3.661
     3.167
     3.606
     3.078
     2.888
     3.457
     3.213
     3.399
     3.347
     3.427
     3.142
     3.699
     3.818
     3.320
     2.431
     2.143
     3.522
     3.097
     3.712
     3.536
     3.501
     3.222
     3.905
     4.373
     3.325
     3.734
     3.873
     3.440
     3.913
     3.274
     2.994
     3.872
     3.333
     2.959
     3.739
     4.022
     2.208
     3.036
     3.123
     3.966
     3.258
     3.586
     3.374
     3.876
     3.846
     2.774
     3.388
     3.926
     2.048
     3.675
     3.249
     3.787
     3.799
     3.912
     3.952
     3.759
     3.438
     3.958
     3.932
     3.748
     3.399
     3.154
     3.899
     3.536
     3.757
     3.013
     4.011
     2.351
     3.707
     3.341
     3.504
     3.737
     3.867
     3.745
     4.334
     3.605
     2.528
     3.258
     3.272
     3.906
     3.745
     3.283
     3.108
     3.503
     3.919
     3.996
     3.430
     3.108
     3.069
     2.393
     3.847
     3.024
     3.763
     3.532
     3.082
     3.196
     3.255
     3.266
     3.320
     3.533
     3.538
     3.464
     3.544
     4.336
     3.457
     3.488
     3.312
     3.540
     3.831
     3.325
     3.614
     2.963
     3.745
     3.316
     4.325
     3.956
     2.659
     2.631
     3.802
     3.412
     3.391
     3.787
     3.317
     3.406
     3.387
     2.387
     4.091
     3.290
     3.606
     3.391
     3.352
     4.061
     3.687
     3.899
     2.279
     3.277
     3.987
     3.534
     2.494
     2.064
     3.055
     3.734
     3.263
     3.962
     3.336
     3.979
     3.293
     3.757
     3.951
     3.513
     3.937
     3.261
     4.044
     3.005
     3.783
     3.943
     3.955
     3.914
     3.791
     3.707
     3.540
     3.351
     3.278
     4.249
     3.345
     3.756
     3.755
     3.446
     3.369
     3.344
     3.839
     3.657
     3.241
     3.304
     4.008
     2.473
     4.186
     3.572
     3.222
     3.574
     3.188
     2.928
     3.918
     3.509
     3.809
     3.986
     3.827
     3.364
     3.888
     3.808
     4.067
     4.083
     3.439
     3.653
     3.643
     3.967
     3.211
     3.644
     3.566
     4.081
     3.813
     3.905
     3.605
     4.101
     3.266
     3.190
     4.241
     3.321
     3.468
     3.748
     3.333
     3.978
     4.041
     4.029
     3.506
     4.095
     3.904
     3.032
     3.831
     3.829
     3.773
     3.735
     3.822
     3.431
     2.190
     4.076
     2.342
     3.864
     3.865
     3.535
     2.831
     2.280
     3.316
     3.543
     3.778
     4.210
     3.927
     3.930
     3.457
     3.903
     2.441
     4.011
     3.390
     3.346
     3.386
     3.602
     3.094
     3.818
     3.814
     3.186
     3.437
     3.306
     4.099
     3.619
     3.864
     3.017
     3.976
     3.690
     2.824
     3.828
     4.005
     3.421
     3.263
     3.847
     3.200
     3.924
     3.548
     4.083
     3.076
     3.357
     3.631
     3.445
     3.467
     3.592
     3.703
     3.606
     3.708
     1.831
     3.985
     4.055
     3.503
     3.195
     4.101
     3.580
     3.396
     3.110
     3.476
     3.830
     2.924
     3.037
     3.700
     4.025
     3.947
     3.409
     2.555
     3.316
     3.581
     3.282
     2.539
     3.436
     3.610
     3.282
     3.682
     3.305
     3.797
     2.491
     3.334
     3.845
     3.734
     3.588
     3.110
     2.834
     3.142
     3.221
     3.259
     3.210
     3.636
     3.644
     3.931
     2.925
     3.568
     2.741
     3.177
     2.982
     3.789
     3.723
     3.141
     3.477
     3.685
     2.871
     2.486
     3.860
     3.384
     3.552
     2.277
     2.728
     3.628
     3.265
     4.340
     3.738
     2.543
     3.084
     3.334
     3.810
     3.924
     3.354
     2.305
     3.945
     2.824
     3.502
     3.510
     3.290
     3.688
     3.738
     3.472
     3.992
     2.729
     3.578
     3.000
     3.986
     2.712
     4.114
     2.188
     3.069
     2.493
     3.464
     3.374
     3.667
     2.997
     3.538
     3.962
     3.390
     3.358
     3.868
     2.886
     2.624
     2.736
     3.372
     3.919
     3.002
     3.309
     3.420
     3.412
     3.845
     3.319
     3.427
     2.864
     3.611
     4.054
     3.646
     3.924
     3.180
     4.009
     3.991
     4.107
     2.806
     3.336
     3.927
     3.093
     3.666
     3.270
     3.295
     3.470
     2.994
     3.372
     3.651
     4.014
     3.486
     2.037
     3.704
     2.964
     2.559
     3.493
     3.892
     3.042
     3.093
     3.152
     3.787
     2.885
     3.849
     3.913
     3.844
     3.321
     3.807
     3.375
     2.166
     3.026
     3.897
     3.226
     3.230
     2.593
     3.373
     3.241
     3.281
     3.628
     3.650
     3.145
     4.080
     3.668
     3.701
     3.371
     3.806
     3.930
     3.712
     4.115
     3.115
     3.179
     3.526
     3.083
     3.915
     4.081
     3.354
     4.063
     3.663
     3.716
     3.073
     3.902
     4.105
     3.464
     3.886
     3.524
     3.353
     3.605
     3.740
     3.284
     4.067
     4.016
     3.643
     3.145
     3.863
     2.380
     2.720
     3.544
     3.314
     3.392
     3.883
     3.333
     3.957
     4.114
     3.773
     3.308
     3.307
     3.340
     3.917
     3.806
     3.811
     3.523
     3.511
     2.771
     2.972
     3.378
     3.698
     3.693
     3.727
     4.353
     3.361
     3.543
     2.959
     3.315
     3.444
     3.724
     3.609
     2.075
     3.659
     4.008
     3.821
     3.783
     3.035
     3.900
     4.045
     3.665
     3.839
     3.753
     3.743
     3.334
     3.444
     3.282
     3.843
     3.372
     3.789
     3.753
     3.142
     3.228
     3.286
     2.904
     4.008
     2.280
     3.237
     3.212
     3.733
     3.573
     3.503
     3.245
     4.005
     3.226
     3.992
     3.913
     3.098
     3.904
     3.887
     3.225
     2.756
     3.960
     3.186
     4.048
     3.460
     3.262
     3.898
     3.386
     4.055
     3.649
     3.458
     3.106
     3.430
     4.300
     4.086
     3.753
     3.728
     3.341
     1.994
     3.975
     3.864
     3.180
     3.284
     3.640
     2.167
     3.482
     3.770
     2.220
     3.293
     3.568
     3.067
     4.053
     3.284
     3.789
     3.344
     3.104
     3.459
     3.260
     3.833
     2.091
     3.216
     3.724
     3.931
     3.934
     4.022
     3.279
     3.663
     3.335
     3.354
     3.898
     3.913
     3.284
     3.374
     3.125
     3.690
     3.762
     3.404
     4.087
     3.495
     3.271
     4.147
     3.593
     3.159
     3.895
     3.739
     3.626
     3.583
     3.904
     3.610
     3.056
     3.924
     3.667
     3.528
     3.709
     3.656
     3.518
     3.863
     3.974
     3.455
     3.785
     3.384
     3.155
     3.181
     3.694
     3.110
     3.452
     3.876
     3.765
     3.824
     3.603
     3.654
     3.456
     3.031
     3.365
     2.952
     3.022
     3.767
     3.837
     3.867
     4.080
     2.663
     2.116
     3.902
     3.626
     3.295
     3.122
     3.595
     3.938
     3.956
     3.481
     2.284
     3.413
     4.079
     2.760
     2.988
     3.467
     3.482
     3.346
     3.426
     3.104
     4.083
     3.896
     2.726
     3.924
     3.630
     3.557
     2.847
     3.372
     3.118
     4.020
     2.916
     2.598
     3.022
     3.275
     3.027
     4.001
     3.910
     3.583
     2.525
     3.438
     3.123
     3.429
     3.460
     2.101
     4.074
     3.281
     3.111
     3.814
     3.861
     3.332
     4.229
     3.739
     2.751
     3.441
     3.589
     3.837
     3.737
     3.430
     3.344
     3.323
     3.397
     3.229
     3.392
     3.375
     3.118
     3.306
     4.042
     2.720
     3.578
     3.605
     3.574
     3.909
     3.919
     3.825
     3.844
     3.910
     3.398
     3.608
     3.366
     4.253
     3.931
     3.356
     3.348
     3.988
     3.718
     3.754
     3.024
     3.505
     3.769
     3.932
     3.268
     3.901
     3.406
     4.233
     3.167
     3.787
     3.199
     2.667
     3.036
     3.944
     3.310
     2.595
     3.886
     2.620
     3.286
     3.110
     3.536
     2.116
     3.974
     3.332
     3.319
     3.728
     3.821
     3.235
     3.353
     3.417
     3.982
     3.352
     3.795
     3.501
     2.874
     3.423
     3.288
     3.975
     3.382
     3.329
     2.637
     3.875
     4.113
     2.877
     3.806
     3.471
     3.569
     3.735
     3.790
     3.806
     4.057
     3.081
     3.071
     4.058
     3.058
     3.281
     3.119
     3.414
     3.331
     2.691
     3.358
     3.514
     3.589
     3.293
     3.467
     3.439
     3.470
     3.315
     2.310
     3.923
     3.484
     3.171
     3.296
     4.024
     3.264
     3.618
     3.723
     3.450
     3.639
     3.575
     3.209
     3.518
     3.385
     3.304
     3.821
     3.870
     3.846
     4.239
     3.754
     3.757
     3.320
     3.859
     2.054
     3.642
     3.819
     3.883
     3.985
     3.159
     3.749
     3.591
     3.356
     4.123
     2.738
     3.130
     3.944
     3.334
     3.828
     3.311
     3.707
     3.700
     3.378
     3.748
     3.444
     3.939
     3.192
     3.019
     3.597
     2.121
     3.340
     3.859
     3.721
     3.874
     3.206
     3.302
     3.354
     3.415
     3.466
     3.199
     3.622
     3.271
     3.780
     3.277
     3.273
     3.579
     3.442
     3.181
     3.423
     3.303
     3.058
     3.173
     3.948
     3.752
     3.428
     2.891
     3.579
     3.930
     3.936
     3.947
     2.037
     2.424
     3.182
     3.773
     3.306
     1.943
     3.067
     3.916
     3.817
     3.332
     4.022
     2.701
     3.827
     3.425
     3.664
     3.521
     3.284
     3.569
     3.572
     3.408
     3.644
     3.760
     4.174
     3.546
     3.669
     3.656
     2.890
     3.892
     3.727
     3.326
     3.381
     3.033
     4.020
     3.557
     3.557
     3.365
     3.398
     3.415
     3.589
     4.079
     3.851
     3.156
     2.514
     3.453
     3.869
     3.672
     3.532
     3.632
     3.833
     3.578
     3.693
     3.323
     3.367
     3.802
     4.007
     4.331
     3.540
     3.471
     3.624
     3.680
     3.906
     3.953
     3.385
     3.940
     2.827
     3.162
     2.153
     3.394
     3.807
     3.610
     3.264
     3.371
     3.299
     3.905
     3.267
     3.751
     3.088
     3.381
     2.442
     3.184
     4.040
     3.217
     3.863
     3.510
     4.013
     3.964
     3.830
     4.027
     2.629
     1.941
     3.578
     3.712
     3.775
     3.964
     3.546
     3.309
     3.712
     3.270
     3.780
     3.518
     2.935
     3.977
     3.776
     3.538
     3.424
     3.572
     3.377
     3.819
     3.901
     2.532
     3.261
     3.024
     3.584
     3.690
     1.770
     2.581
     3.862
     3.256
     3.646
     3.152
     3.970
     3.552
     3.704
     3.318
     3.658
     3.833
     3.332
     3.329
     3.363
     3.119
     3.292
     3.832
     4.002
     3.830
     4.147
     3.939
     3.377
     3.001
     2.398
     3.937
     3.794
     3.328
     3.984
     3.179
     3.718
     2.807
     2.969
     3.142
     3.330
     2.886
     3.527
     3.764
     3.337
     2.294
     3.330
     3.520
     3.337
     3.521
     3.436
     3.542
     3.447
     3.662
     4.037
     3.935
     3.910
     2.471
     4.275
     3.990
     3.235
     3.496
     3.653
     4.068
     3.276
     4.066
     3.057
     3.765
     3.736
     3.206
     3.799
     3.696
     3.425
     3.695
     3.882
     3.739
     3.910
     3.685
     2.804
     3.157
     3.761
     3.886
     2.990
     3.356
     3.737
     3.576
     3.600
     3.216
     4.094
     3.425
     3.556
     3.747
     3.607
     3.873
     3.642
     3.672
     3.583
     3.509
     3.476
     3.671
     3.713
     3.263
     3.889
     1.976
     3.866
     3.862
     2.256
     3.429
     3.318
     3.321
     4.147
     4.052
     3.638
     3.650
     3.737
     3.775
     3.571
     3.969
     3.195
     3.957
     3.223
     3.545
     3.745
     4.011
     3.478
     3.444
     3.393
     3.362
     3.621
     2.011
     3.821
     3.842
     3.388
     2.466
     3.468
     3.375
     3.588
     3.332
     3.384
     3.429
     3.403
     3.552
     3.832
     3.959
     3.302
     2.636
     2.931
     3.515
     3.624
     3.886
     3.453
     3.058
     3.828
     3.312
     3.072
     3.756
     4.297
     3.047
     3.499
     3.526
     3.504
     3.627
     4.060
     4.075
     3.923
     2.578
     3.770
     4.345
     3.492
     3.439
     3.432
     3.268
     3.281
     3.296
     3.952
     4.100
     3.351
     4.240
     2.503
     2.189
     3.659
     3.198
     3.658
     3.580
     3.578
     3.460
     3.783
     3.374
     2.700
     3.755
     3.494
     3.679
     3.657
     3.014
     3.611
     3.332
     3.499
     4.132
     3.477
     3.362
     3.903
     3.841
     3.969
     3.655
     3.635
     3.734
     3.289
     3.079
     3.309
     3.523
     2.851
     3.456
     3.567
     3.154
     3.631
     2.730
     3.265
     3.207
     3.658
     4.184
     3.336
     3.708
     3.618
     3.641
     3.834
     3.205
     4.115
     3.747
     3.725
     3.278
     3.568
     2.633
     2.969
     3.929
     3.448
     3.679
     3.613
     3.234
     3.842
     3.828
     3.533
     3.445
     3.323
     3.349
     3.255
     2.349
     3.759
     3.059
     3.767
     3.947
     2.867
     2.925
     3.554
     4.323
     3.970
     3.944
     3.787
     3.137
     2.543
     4.066
     4.045
     3.987
     3.518
     3.721
     3.303
     2.965
     3.517
     3.331
     3.830
     4.174
     2.893
     3.143
     3.564
     3.731
     3.318
     2.814
     2.134
     4.088
     3.485
     3.273
     3.556
     3.621
     3.341
     3.736
     3.814
     4.206
     3.590
     4.048
     4.021
     3.315
     3.255
     1.918
     3.374
     2.459
     3.234
     3.058
     3.239
     3.571
     3.551
     3.732
     3.862
     3.903
     3.342
     3.797
     3.331
     3.450
     3.316
     1.822
     3.529
     3.569
     3.907
     2.411
     3.344
     3.596
     3.256
     3.043
     3.455
     3.738
     3.747
     3.264
     4.050
     3.426
     3.128
     3.550
     3.780
     3.835
     3.524
     3.426
     3.203
     3.549
     3.296
     3.686
     3.340
     3.935
     2.842
     3.561
     4.118
     3.337
     2.433
     3.310
     4.086
     3.373
     3.266
     3.797
     3.420
     3.548
     3.879
     3.891
     3.596
     3.757
     3.722
     3.822
     3.213
     3.863
     3.382
     3.409
     3.381
     3.600
     3.006
     4.150
     3.249
     4.188
     3.501
     2.946
     3.718
     3.861
     3.900
     3.161
     3.739
     3.266
     3.826
     3.601
     3.502
     3.949
     3.900
     3.707
     3.254
     3.755
     3.081
     2.476
     3.286
     3.541
     3.549
     3.610
     3.797
     3.484
     3.994
     2.479
     2.077
     3.928
     3.262
     3.465
     3.892
     3.361
     3.656
     3.414
     3.296
     3.585
     3.908
     3.950
     2.715
     3.280
     3.581
     2.757
     4.165
     3.340
     3.617
     3.943
     3.869
     3.628
     3.180
     3.762
     3.208
     3.514
     3.929
     4.040
     3.371
     3.669
     3.293
     4.055
     3.254
     3.162
     3.823
     3.620
     3.571
     3.828
     4.066
     3.094
     3.181
     3.370
     3.339
     3.972
     2.345
     3.294
     3.824
     3.938
     3.710
     3.979
     3.134
     3.772
     3.614
     2.945
     3.843
     3.473
     4.042
     3.385
     3.862
     3.881
     2.041
     3.204
     3.028
     3.377
     3.852
     3.863
     3.813
     2.665
     3.837
     2.466
     4.274
     3.235
     4.287
     4.103
     2.933
     4.161
     3.088
     3.647
     3.550
     2.791
     3.942
     3.794
     3.355
     3.334
     3.721
     3.270
     3.889
     3.354
     3.652
     3.559
     3.360
     3.235
     3.941
     3.318
     3.453
     3.786
     3.066
     3.590
     3.643
     3.720
     3.465
     3.073
     2.521
     2.518
     3.174
     3.531
     3.503
     3.496
     2.934
     3.847
     3.231
     3.044
     3.715
     3.317
     2.080
     3.199
     2.164
     3.603
     4.071
     3.257
     3.671
     3.164
     3.343
     2.284
     2.888
     3.558
     3.288
     3.140
     3.834
     3.779
     3.827
     3.653
     3.642
     3.227
     4.223
     3.496
     3.220
     3.955
     3.395
     2.958
     3.279
     3.076
     3.417
     3.933
     3.318
     1.884
     3.190
     3.712
     3.187
     3.917
     3.564
     3.844
     3.714
     3.578
     3.739
     3.696
     3.898
     3.691
     3.897
     3.491
     3.498
     3.945
     3.968
     3.295
     3.835
     4.068
     2.547
     3.748
     3.986
     3.495
     3.317
     3.691
     4.193
     2.837
     3.263
     3.945
     3.839
     3.176
     3.477
     3.477
     3.191
     4.074
     3.934
     3.355
     3.539
     3.498
     4.049
     3.325
     3.574
     3.255
     3.418
     3.642
     3.569
     3.243
     3.227
     3.429
     3.482
     3.667
     3.760
     3.300
     3.306
     3.561
     3.565
     3.807
     3.137
     2.656
     3.813
     3.461
     4.089
     3.250
     2.830
     3.599
     3.737
     3.521
     3.243
     3.977
     3.826
     3.825
     2.679
     3.311
     3.364
     3.698
     3.583
     2.014
     3.635
     2.079
     3.419
     3.334
     2.836
     3.342
     3.493
     3.617
     3.392
     3.166
     3.697
     3.681
     2.290
     3.343
     1.810
     3.987
     3.713
     3.766
     3.704
     3.058
     3.207
     3.926
     3.808
     3.862
     3.312
     4.037
     3.917
     3.065
     3.404
     3.944
     3.911
     3.486
     3.680
     3.148
     4.013
     3.280
     2.209
     3.175
     4.036
     3.565
     3.125
     4.029
     3.481
     3.723
     3.553
     3.663
     3.122
     3.395
     2.425
     3.878
     3.832
     3.327
     3.524
     3.572
     4.077
     3.708
     4.236
     3.119
     2.550
     3.471
     3.684
     3.824
     3.310
     3.217
     3.236
     3.467
     3.365
     3.679
     3.178
     3.158
     3.218
     3.387
     2.454
     3.443
     3.218
     3.353
     3.377
     3.667
     3.724
     3.159
     4.010
     3.404
     3.665
     3.076
     3.649
     3.370
     2.705
     3.279
     3.442
     3.917
     2.979
     3.232
     2.678
     2.870
     3.162
     3.226
     4.072
     3.295
     3.638
     3.624
     3.753
     3.301
     3.220
     3.637
     3.022
     3.564
     3.401
     3.590
     3.570
     3.007
     3.425
     3.084
     3.784
     3.562
     3.493
     3.254
     3.224
     3.473
     3.477
     3.346
     3.906
     3.597
     3.818
     3.759
     3.519
     3.450
     3.732
     3.349
     3.248
     3.837
     3.514
     3.474
     3.583
     3.636
     3.253
     3.476
     3.318
     3.387
     3.294
     3.750
     2.980
     3.510
     3.495
     3.800
     2.479
     3.019
     3.303
     3.894
     3.309
     3.291
     3.243
     3.601
     4.092
     3.322
     3.203
     3.153
     3.327
     4.012
     3.845
     3.346
     3.430
     2.978
     4.223
     3.637
     4.062
     3.255
     3.404
     3.495
     3.377
     3.697
     3.723
     3.651
     3.446
     3.284
     3.966
     4.017
     3.112
     3.390
     3.353
     2.747
     3.513
     3.800
     4.018
     3.932
     3.093
     2.986
     3.219
     3.500
     3.344
     2.157
     3.263
     3.984
     3.758
     3.713
     3.677
     3.275
     3.671
     3.010
     2.224
     3.227
     2.382
     3.816
     3.084
     3.834
     4.178
     3.367
     3.451
     3.311
     4.077
     3.691
     3.725
     3.289
     3.519
     3.918
     3.213
     2.996
     3.346
     3.216
     3.883
     3.317
     2.308
     3.789
     3.602
     3.524
     3.282
     3.931
     3.548
     3.493
     3.622
     3.620
     3.736
     3.756
     2.582
     3.335
     2.218
     2.671
     3.028
     3.881
     3.385
     3.636
     3.387
     4.065
     3.880
     2.925
     3.146
     3.606
     2.959
     3.705
     3.165
     3.296
     2.069
     3.353
     3.347
     3.559
     3.276
     3.054
     3.822
     3.851
     3.722
     3.349
     3.436
     3.993
     3.809
     3.323
     3.756
     3.847
     3.386
     3.968
     2.262
     3.188
     3.939
     3.472
     3.239
     3.664
     3.873
     4.060
     3.357
     3.370
     3.830
     3.395
     3.395
     3.313
     3.270
     3.615
     3.762
     3.566
     4.079
     3.279
     2.417
     3.236
     2.179
     3.895
     3.470
     3.332
     3.649
     3.311
     3.587
     3.390
     3.265
     3.116
     3.609
     3.314
     3.559
     4.013
     3.171
     4.017
     3.782
     3.445
     3.441
     3.252
     3.429
     3.705
     3.443
     3.943
     3.899
     3.186
     3.313
     3.320
     3.926
     3.120
     4.028
     2.892
     3.499
     3.091
     3.512
     3.172
     3.871
     3.228
     3.840
     3.768
     3.310
     3.388
     3.562
     3.554
     3.891
     3.457
     3.202
     3.225
     3.561
     3.192
     3.989
     3.301
     4.222
     4.236
     3.038
     2.995
     3.713
     2.198
     3.785
     3.546
     4.078
     3.807
     2.701
     3.308
     3.466
     3.375
     3.669
     3.854
     2.961
     3.484
     3.506
     2.939
     3.701
     3.109
     3.951
     3.492
     3.878
     3.578
     4.108
     4.139
     3.330
     3.924
     3.434
     3.210
     3.741
     3.990
     3.269
     3.205
     3.277
     3.358
     3.207
     3.584
     3.864
     3.614
     3.870
     3.577
     3.315
     2.646
     4.081
     3.954
     4.055
     3.418
     3.803
     3.886
     3.321
     3.582
     3.409
     3.889
     2.268
     4.242
     3.397
     3.290
     3.374
     3.711
     3.287
     3.902
     3.082
     3.696
     2.826
     3.286
     3.308
     2.684
     3.760
     4.289
     1.960
     3.648
     3.475
     3.831
     3.801
     3.384
     3.893
     3.884
     3.396
     3.470
     3.563
     3.870
     3.690
     3.595
     3.672
     4.003
     4.098
     3.366
     4.080
     2.421
     3.479
     3.577
     2.982
     2.916
     3.448
     3.410
     3.485
     3.751
     3.511
     3.280
     3.662
     4.001
     3.820
     3.312
     2.296
     4.044
     3.323
     3.901
     3.791
     3.200
     2.220
     3.522
     3.208
     3.725
     3.863
     4.066
     2.097
     4.015
     3.755
     3.545
     3.690
     3.390
     3.235
     3.669
     3.059
     3.291
     3.190
     3.471
     3.786
     4.034
     2.810
     3.053
     3.123
     3.179
